PLANT_CODE,MATERIAL_CODE,MATERIAL_DESC,BATCH_NO,BATCH_WEIGHT,STORAGE_LOC,BATCH_THICK,BATCH_WIDTH,RM_SOURCE,VENDOR,VENDOR_BATCH,GRN,PO_NO,PO_LINE_NO,PO_DELIVERY_DATE,MOVEMENT_TYPE,PRODUCT_GROUP,PRODUCT_TYPE,EQ_SPEC,EQ_SPEC_GROUP,EQ_SUB_SPEC,CHAPTER_ID,CHAPTER_TYPE,CROWN,SIMULATED_HEAT_NO,QA_MATCH_STATUS
2000,R_HR_CO,Hot Rolled Black Coil,24J0161R00,17.695,2001,2,930,0012000030,HONGKONG KAMTAI TRADING,2575266000,5000058891,4900000006,20,26-10-24,101,HR,COIL,15961_2012,,,,,,27319522,MATCHED
2000,R_HR_CO,Hot Rolled Black Coil,24J0300R00,17.66,2001,2,930,0012000030,HONGKONG KAMTAI TRADING,2575267000,5000058883,4900000006,20,26-10-24,101,HR,COIL,15961_2012,,,,,,88982221,MATCHED
2000,R_HR_CO,Hot Rolled Black Coil,24J0301R00,17.595,2001,2,930,0012000030,HONGKONG KAMTAI TRADING,2575268000,5000058905,4900000006,20,26-10-24,101,HR,COIL,15961_2012,,,,,,56244181,MATCHED
2000,R_HR_CO,Hot Rolled Black Coil,24J0316R00,17.605,2001,2,930,0012000030,HONGKONG KAMTAI TRADING,2577291000,5000058867,4900000006,20,26-10-24,101,HR,COIL,15961_2012,,,,,,10977891,MATCHED
2000,R_HR_CO,Hot Rolled Black Coil,24J0319R00,17.545,2001,2,930,0012000030,HONGKONG KAMTAI TRADING,2577375000,5000058860,4900000006,20,26-10-24,101,HR,COIL,15961_2012,,,,,,18172642,MATCHED
2000,R_HR_CO,Hot Rolled Black Coil,24J0327R00,17.59,2001,2,930,0012000030,HONGKONG KAMTAI TRADING,2586253000,5000058860,4900000006,20,26-10-24,101,HR,COIL,15961_2012,,,,,,62372719,MATCHED
2000,R_HR_CO,Hot Rolled Black Coil,25B0547R00,15.86,2001,2.5,930,0011000004,JSW STEEL LIMITED,25016566,5000067258,4600000133,40,28-02-25,101,HR,COIL,15961_2012,,,,,,95700736,MATCHED
2000,R_HR_CO,Hot Rolled Black Coil,25B0548R00,15.855,2001,2.5,930,0011000004,JSW STEEL LIMITED,25014096,5000067262,4600000133,40,28-02-25,101,HR,COIL,15961_2012,,,,,,62853051,MATCHED
2000,R_HR_CO,Hot Rolled Black Coil,25B0549R00,15.885,2001,2.5,930,0011000004,JSW STEEL LIMITED,25014102,5000067263,4600000133,40,28-02-25,101,HR,COIL,15961_2012,,,,,,56149091,MATCHED
2000,R_HR_CO,Hot Rolled Black Coil,25B0554R00,15.885,2001,2.5,930,0011000004,JSW STEEL LIMITED,25014095,5000067270,4600000133,40,28-02-25,101,HR,COIL,15961_2012,,,,,,65335186,MATCHED
2000,R_HR_CO,Hot Rolled Black Coil,25B0555R00,15.8,2001,2.5,930,0011000004,JSW STEEL LIMITED,25014284,5000067275,4600000133,40,28-02-25,101,HR,COIL,15961_2012,,,,,,26181280,MATCHED
2000,R_HR_CO,Hot Rolled Black Coil,25B0556R00,15.835,2001,2.5,930,0011000004,JSW STEEL LIMITED,25017284,5000067277,4600000133,40,28-02-25,101,HR,COIL,15961_2012,,,,,,69753484,MATCHED
2000,R_HR_CO,Hot Rolled Black Coil,25B0559R00,17.01,2001,2.5,930,0011000004,JSW STEEL LIMITED,25012242,5000067286,4600000133,40,28-02-25,101,HR,COIL,15961_2012,,,,,,91870848,MATCHED
2000,R_HR_CO,Hot Rolled Black Coil,25B0566R00,15.915,2001,2.5,930,0011000004,JSW STEEL LIMITED,25018997,5000067300,4600000133,40,28-02-25,101,HR,COIL,15961_2012,,,,,,37781088,MATCHED
2000,R_HR_CO,Hot Rolled Black Coil,25B0573R00,15.81,2001,2.5,930,0011000004,JSW STEEL LIMITED,25014098,5000067313,4600000133,40,28-02-25,101,HR,COIL,15961_2012,,,,,,85590618,MATCHED
2000,R_HR_CO,Hot Rolled Black Coil,25B0574R00,15.765,2001,2.5,930,0011000004,JSW STEEL LIMITED,25014097,5000067314,4600000133,40,28-02-25,101,HR,COIL,15961_2012,,,,,,30761547,MATCHED
2000,R_HR_CO,Hot Rolled Black Coil,25B0577R00,15.64,2001,2.5,930,0011000004,JSW STEEL LIMITED,25014104,5000067317,4600000133,40,28-02-25,101,HR,COIL,15961_2012,,,,,,51555005,MATCHED
2000,R_HR>3MM_CO,Hot Rolled Black Coil 3mm & Above,25E0136R00,24.93,2001,4,1265,0011000004,JSW VIJAYANAGAR METALLICS,25236691,5000071556,4600000150,170,04-05-25,101,HR,COIL,15961_2012,,,,,,47511556,MATCHED
2000,R_HR>3MM_CO,Hot Rolled Black Coil 3mm & Above,25E0153R00,21.035,2001,4,1265,11000004,JSW VIJAYANAGAR METALLICS,25236640,5000071595,4600000150,140,04-05-25,101,HR,COIL,15961_2012,,,,,,85183804,MATCHED
2000,R_HR>3MM_CO,Hot Rolled Black Coil 3mm & Above,25E0161P01,25.95,2001,4,1260,11000004,Colorshine Coated Pvt Ltd,25236198,5000071607,4600000150,160,12-05-25,101,HR,COIL,15961_2012,,,,,,88313903,MATCHED
2000,R_HR>3MM_CO,Hot Rolled Black Coil 3mm & Above,25E0165P01,25.945,2001,4,1260,11000004,Colorshine Coated Pvt Ltd,25236192,5000072068,4600000150,160,20-05-25,101,HR,COIL,15961_2012,,,,,,88692710,MATCHED
2000,R_HR>3MM_CO,Hot Rolled Black Coil 3mm & Above,25E0166R00,21.84,2001,4,1265,0011000004,JSW VIJAYANAGAR METALLICS,25236793,5000071612,4600000150,170,05-05-25,101,HR,COIL,15961_2012,,,,,,19547365,MATCHED
2000,R_HR>3MM_CO,Hot Rolled Black Coil 3mm & Above,25E0172R00,22.02,2001,3.2,1235,0011000004,JSW VIJAYANAGAR METALLICS,25236869,5000071617,4600000150,130,05-05-25,101,HR,COIL,15961_2012,,,,,,51328118,MATCHED
2000,R_HR>3MM_CO,Hot Rolled Black Coil 3mm & Above,25E0216P01,26.01,2001,4,1260,11000004,Colorshine Coated Pvt Ltd,25236402,5000072099,4600000150,160,20-05-25,101,HR,COIL,15961_2012,,,,,,80179309,MATCHED
2000,R_HR>3MM_CO,Hot Rolled Black Coil 3mm & Above,25E0231R00,21.995,2001,4,1265,0011000004,JSW VIJAYANAGAR METALLICS,25237690,5000071716,4600000150,170,05-05-25,101,HR,COIL,15961_2012,,,,,,74017522,MATCHED
2000,R_HR>3MM_CO,Hot Rolled Black Coil 3mm & Above,25E0271R00,22.32,2001,4,1265,0011000004,JSW VIJAYANAGAR METALLICS,25237164,5000071781,4600000150,170,06-05-25,101,HR,COIL,15961_2012,,,,,,11596085,MATCHED
2000,R_HR>3MM_CO,Hot Rolled Black Coil 3mm & Above,25E0275P01,25.985,2001,4,1260,11000004,Colorshine Coated Pvt Ltd,25236190,5000071910,4600000150,160,20-05-25,101,HR,COIL,15961_2012,,,,,,97084602,MATCHED
2000,R_HR>3MM_CO,Hot Rolled Black Coil 3mm & Above,25E0313P01,25.985,2001,4,1260,11000004,Colorshine Coated Pvt Ltd,25236186,5000071859,4600000150,160,20-05-25,101,HR,COIL,15961_2012,,,,,,81200807,MATCHED
2000,R_HR>3MM_CO,Hot Rolled Black Coil 3mm & Above,25E0320R00,22.08,2001,4,1260,0011000004,JSW VIJAYANAGAR METALLICS,25236206,5000071925,4600000150,160,07-05-25,101,HR,COIL,15961_2012,,,,,,85958254,MATCHED
2000,R_HR>3MM_CO,Hot Rolled Black Coil 3mm & Above,25E0330R00,24.83,2001,4,1260,0011000004,JSW VIJAYANAGAR METALLICS,25237026,5000071947,4600000150,160,07-05-25,101,HR,COIL,15961_2012,,,,,,28165008,MATCHED
2000,R_HR>3MM_CO,Hot Rolled Black Coil 3mm & Above,25E0332R00,22,2001,4,1265,0011000004,JSW VIJAYANAGAR METALLICS,25237688,5000071950,4600000150,170,07-05-25,101,HR,COIL,15961_2012,,,,,,80683717,MATCHED
2000,R_HR>3MM_CO,Hot Rolled Black Coil 3mm & Above,25E0335R00,26.165,2001,4,1260,0011000004,JSW VIJAYANAGAR METALLICS,25236371,5000071957,4600000150,160,07-05-25,101,HR,COIL,15961_2012,,,,,,63060626,MATCHED
2000,R_HR>3MM_CO,Hot Rolled Black Coil 3mm & Above,25E0339R00,26.025,2001,4,1260,0011000004,JSW VIJAYANAGAR METALLICS,25236194,5000071964,4600000150,160,07-05-25,101,HR,COIL,15961_2012,,,,,,26817425,MATCHED
2000,R_HR>3MM_CO,Hot Rolled Black Coil 3mm & Above,25E0345R00,22.1,2001,4,1260,0011000004,JSW VIJAYANAGAR METALLICS,25237705,5000071994,4600000150,160,08-05-25,101,HR,COIL,15961_2012,,,,,,19787538,MATCHED
2000,R_HR>3MM_CO,Hot Rolled Black Coil 3mm & Above,25E0350R00,23.115,2001,4,1260,0011000004,JSW VIJAYANAGAR METALLICS,25236130,5000072000,4600000150,160,08-05-25,101,HR,COIL,15961_2012,,,,,,39625138,MATCHED
2000,R_HR>3MM_CO,Hot Rolled Black Coil 3mm & Above,25E0356R00,26.05,2001,4,1260,0011000004,JSW VIJAYANAGAR METALLICS,25236184,5000072006,4600000150,160,08-05-25,101,HR,COIL,15961_2012,,,,,,27562364,MATCHED
2000,R_HR>3MM_CO,Hot Rolled Black Coil 3mm & Above,25E0372R00,25.905,2001,4,1260,0011000004,JSW VIJAYANAGAR METALLICS,25236526,5000072037,4600000150,160,08-05-25,101,HR,COIL,15961_2012,,,,,,11049956,MATCHED
2000,R_HR>3MM_CO,Hot Rolled Black Coil 3mm & Above,25E0376R00,24.9,2001,4,1265,0011000004,JSW VIJAYANAGAR METALLICS,25236792,5000072041,4600000150,170,08-05-25,101,HR,COIL,15961_2012,,,,,,11854192,MATCHED
2000,R_HR>3MM_CO,Hot Rolled Black Coil 3mm & Above,25E0379P01,21.65,2001,4,1260,11000004,Colorshine Coated Pvt Ltd,25236204,5000072179,4600000150,160,20-05-25,101,HR,COIL,15961_2012,,,,,,39844054,MATCHED
2000,R_HR>3MM_CO,Hot Rolled Black Coil 3mm & Above,25E0386R00,22.015,2001,4,1265,0011000004,JSW VIJAYANAGAR METALLICS,25237692,5000072066,4600000150,170,09-05-25,101,HR,COIL,15961_2012,,,,,,31741897,MATCHED
2000,R_HR>3MM_CO,Hot Rolled Black Coil 3mm & Above,25E0387P01,25.92,2001,4,1260,11000004,Colorshine Coated Pvt Ltd,25236403,5000071689,4600000150,160,19-05-25,101,HR,COIL,15961_2012,,,,,,73689237,MATCHED
2000,R_HR>3MM_CO,Hot Rolled Black Coil 3mm & Above,25E0388R00,22.085,2001,4,1265,0011000004,JSW VIJAYANAGAR METALLICS,25237654,5000072069,4600000150,170,09-05-25,101,HR,COIL,15961_2012,,,,,,89026565,MATCHED
2000,R_HR>3MM_CO,Hot Rolled Black Coil 3mm & Above,25E0396R00,22.095,2001,4,1265,0011000004,JSW VIJAYANAGAR METALLICS,25237702,5000072079,4600000150,170,09-05-25,101,HR,COIL,15961_2012,,,,,,72746482,MATCHED
2000,R_HR>3MM_CO,Hot Rolled Black Coil 3mm & Above,25E0406P01,25.915,2001,4,1260,11000004,Colorshine Coated Pvt Ltd,25236195,5000072225,4600000150,160,20-05-25,101,HR,COIL,15961_2012,,,,,,92210057,MATCHED
2000,R_HR>3MM_CO,Hot Rolled Black Coil 3mm & Above,25E0409P01,25.99,2001,4,1260,11000004,Colorshine Coated Pvt Ltd,25236187,5000071611,4600000150,160,19-05-25,101,HR,COIL,15961_2012,,,,,,89171448,MATCHED
2000,R_HR>3MM_CO,Hot Rolled Black Coil 3mm & Above,25E0413R00,22.05,2001,4,1265,0011000004,JSW VIJAYANAGAR METALLICS,25237696,5000072108,4600000150,170,09-05-25,101,HR,COIL,15961_2012,,,,,,34912331,MATCHED
2000,R_HR>3MM_CO,Hot Rolled Black Coil 3mm & Above,25E0414R00,22.01,2001,4,1265,0011000004,JSW VIJAYANAGAR METALLICS,25237694,5000072109,4600000150,170,09-05-25,101,HR,COIL,15961_2012,,,,,,31006068,MATCHED
2000,R_HR>3MM_CO,Hot Rolled Black Coil 3mm & Above,25E0415R00,22.045,2001,4,1265,0011000004,JSW VIJAYANAGAR METALLICS,25237695,5000072110,4600000150,170,09-05-25,101,HR,COIL,15961_2012,,,,,,17312262,MATCHED
2000,R_HR>3MM_CO,Hot Rolled Black Coil 3mm & Above,25E0431R00,24.86,2001,4,1265,0011000004,JSW VIJAYANAGAR METALLICS,25236692,5000072141,4600000150,170,09-05-25,101,HR,COIL,15961_2012,,,,,,66353418,MATCHED
2000,R_HR>3MM_CO,Hot Rolled Black Coil 3mm & Above,25E0441P01,25.975,2001,4,1260,11000004,Colorshine Coated Pvt Ltd,25236193,5000072045,4600000150,160,20-05-25,101,HR,COIL,15961_2012,,,,,,93756149,MATCHED
2000,R_HR>3MM_CO,Hot Rolled Black Coil 3mm & Above,25E0453P01,21.96,2001,4,1260,11000004,Colorshine Coated Pvt Ltd,25237704,5000072104,4600000150,160,20-05-25,101,HR,COIL,15961_2012,,,,,,77596220,MATCHED
2000,R_HR>3MM_CO,Hot Rolled Black Coil 3mm & Above,25E0459R00,21.99,2001,4,1265,0011000004,JSW VIJAYANAGAR METALLICS,25237693,5000072233,4600000150,170,10-05-25,101,HR,COIL,15961_2012,,,,,,18819064,MATCHED
2000,R_HR_CO,Hot Rolled Black Coil,25E0514R00,26.025,2001,4,1265,0011000004,JSW VIJAYANAGAR METALLICS,25244998,5000073282,4600000158,90,26-05-25,101,HR,COIL,15961_2012,,,,,,67320781,MATCHED
2000,R_HR_CO,Hot Rolled Black Coil,25E0516R00,26.115,2001,4,1265,0011000004,JSW VIJAYANAGAR METALLICS,25245272,5000073284,4600000158,90,26-05-25,101,HR,COIL,15961_2012,,,,,,65266574,MATCHED
2000,R_HR_CO,Hot Rolled Black Coil,25E0529R00,22.08,2001,2.8,1265,0011000004,JSW VIJAYANAGAR METALLIC,25244683,5000073363,4600000158,40,27-05-25,101,HR,COIL,15961_2012,,,,,,10542643,MATCHED
2000,R_HR_CO,Hot Rolled Black Coil,25E0537R00,22.06,2001,2.8,1265,0011000004,JSW VIJAYANAGAR METALLIC,25244682,5000073372,4600000158,40,27-05-25,101,HR,COIL,15961_2012,,,,,,93436941,MATCHED
2000,R_HR_CO,Hot Rolled Black Coil,25E0547R00,25.685,2001,2.8,1265,0011000004,JSW VIJAYANAGAR METALLICS,25245033,5000073474,4600000158,40,28-05-25,101,HR,COIL,15961_2012,,,,,,92791072,MATCHED
2000,R_HR_CO,Hot Rolled Black Coil,25E0548R00,25.74,2001,2.8,1265,0011000004,JSW VIJAYANAGAR METALLICS,25245035,5000073475,4600000158,40,28-05-25,101,HR,COIL,15961_2012,,,,,,18813988,MATCHED
2000,R_HR_CO,Hot Rolled Black Coil,25E0557R00,22.165,2001,2.8,1265,0011000004,JSW VIJAYANAGAR METALLICS,25244691,5000073514,4600000158,40,28-05-25,101,HR,COIL,15961_2012,,,,,,17272218,MATCHED
2000,R_HR_CO,Hot Rolled Black Coil,25E0588R00,21.095,2001,2.8,1265,0011000004,JSW VIJAYANAGAR METALLICS,25245781,5000073600,4600000160,120,29-05-25,101,HR,COIL,15961_2012,,,,,,91354963,MATCHED
2000,R_HR_CO,Hot Rolled Black Coil,25E0589R00,20.99,2001,4,1265,0011000004,JSW VIJAYANAGAR METALLIC,25245698,5000073603,4600000158,90,29-05-25,101,HR,COIL,15961_2012,,,,,,49970949,MATCHED
2000,R_HR>3MM_CO,Hot Rolled Black Coil 3mm & Above,25E0604R00,21.005,2001,4,1265,0011000004,JSW VIJAYANAGAR METALLIC,25245699,5000073631,4600000160,170,29-05-25,101,HR,COIL,15961_2012,,,,,,41674466,MATCHED
2000,R_HR_CO,Hot Rolled Black Coil,25E0630R00,25.86,2001,4,1265,0011000004,JSW VIJAYANAGAR METALLICS,25245405,5000073691,4600000158,90,30-05-25,101,HR,COIL,15961_2012,,,,,,74071154,MATCHED
2000,R_HR>3MM_CO,Hot Rolled Black Coil 3mm & Above,25E0636R00,26.175,2001,4,1265,0011000004,JSW VIJAYANAGAR METALLICS,25245559,5000073705,4600000160,170,30-05-25,101,HR,COIL,15961_2012,,,,,,15974807,MATCHED
2000,R_HR_CO,Hot Rolled Black Coil,25E0727P01,25.615,2001,1.8,1400,0011000144,Colorshine Coated Pvt Ltd,25306305,5000081450,4600000186,30,02-09-25,101,HR,COIL,15961_2012,,,,,,28762481,MATCHED
2000,R_HR_CO,Hot Rolled Black Coil,25E0728P01,10,2001,1.2,1500,0011000144,Colorshine Coated Pvt Ltd,257474077,5000078693,4600000181,80,29-07-25,101,HR,COIL,15961_2012,,,,,,51004260,MATCHED
2000,R_HR>3MM_CO,Hot Rolled Black Coil 3mm & Above,25F0013R00,20.955,2001,3.2,1235,0011000004,JSW VIJAYANAGAR METALLICS,25245670,5000073968,4600000160,150,01-06-25,101,HR,COIL,15961_2012,,,,,,75979592,MATCHED
2000,R_HR_CO,Hot Rolled Black Coil,25F0126R00,21.095,2001,2,1230,0011000004,JSW VIJAYANAGAR METALLICS,25245528,5000074170,4600000160,130,04-06-25,101,HR,COIL,15961_2012,,,,,,84604573,MATCHED
2000,R_HR>3MM_CO,Hot Rolled Black Coil 3mm & Above,25F0150R00,26.135,2001,4,1265,0011000004,JSW VIJAYANAGAR METALLICS,25245560,5000074219,4600000160,170,05-06-25,101,HR,COIL,15961_2012,,,,,,88594199,MATCHED
2000,R_HR>3MM_CO,Hot Rolled Black Coil 3mm & Above,25F0152R00,24.45,2001,4,1265,0011000004,JSW VIJAYANAGAR METALLICS,25247408,5000074221,4600000160,170,05-06-25,101,HR,COIL,15961_2012,,,,,,18765957,MATCHED
2000,R_HR>3MM_CO,Hot Rolled Black Coil 3mm & Above,25F0154R00,18.94,2001,3.2,1035,0011000004,JSW STEEL LIMITED,25066758,5000074223,4600000162,30,05-06-25,101,HR,COIL,15961_2012,,,,,,11643819,MATCHED
2000,R_HR_CO,Hot Rolled Black Coil,25F0179R00,28.73,2001,2.2,1235,11000057,ANM Ispat Private Limited,256808093,5000074294,4600000153,60,06-06-25,101,HR,COIL,15961_2012,BIS,,72083990,N,,96828468,MATCHED
2000,R_HR_CO,Hot Rolled Black Coil,25F0180R00,28.65,2001,2.5,1230,11000057,ANM Ispat Private Limited,256798088,5000074295,4600000153,30,06-06-25,101,HR,COIL,15961_2012,BIS,,72083990,N,,80907842,MATCHED
2000,R_HR_CO,Hot Rolled Black Coil,25F0209R00,27.69,2001,2.5,1230,11000057,ANM Ispat Private Limited,256795099,5000074365,4600000153,30,07-06-25,101,HR,COIL,15961_2012,BIS,,72083990,N,,44830475,MATCHED
2000,R_HR_CO,Hot Rolled Black Coil,25F0221R00,28.61,2001,2.2,1235,11000057,ANM Ispat Private Limited,256798075,5000074407,4600000153,60,07-06-25,101,HR,COIL,15961_2012,BIS,,72083990,N,,38193125,MATCHED
2000,R_HR_CO,Hot Rolled Black Coil,25F0222R00,27.67,2001,2.5,1230,11000057,ANM Ispat Private Limited,256795100,5000074409,4600000153,30,07-06-25,101,HR,COIL,15961_2012,BIS,,72083990,N,,33086217,MATCHED
2000,R_HR_CO,Hot Rolled Black Coil,25F0242R00,27.68,2001,2.2,1235,11000057,ANM Ispat Private Limited,256815079,5000074469,4600000153,60,08-06-25,101,HR,COIL,15961_2012,BIS,,72083990,N,,35522103,MATCHED
2000,R_HR_CO,Hot Rolled Black Coil,25F0254R00,27.56,2001,2.2,1235,11000057,ANM Ispat Private Limited,256815094,5000074505,4600000153,60,08-06-25,101,HR,COIL,15961_2012,BIS,,72083990,N,,37950699,MATCHED
2000,R_HR_CO,Hot Rolled Black Coil,25F0256R00,27.49,2001,2.2,1235,11000057,ANM Ispat Private Limited,256815095,5000074507,4600000153,60,08-06-25,101,HR,COIL,15961_2012,BIS,,72083990,N,,28105653,MATCHED
2000,R_HR_CO,Hot Rolled Black Coil,25F0257R00,27.6,2001,2.2,1235,11000057,ANM Ispat Private Limited,256815089,5000074508,4600000153,60,08-06-25,101,HR,COIL,15961_2012,BIS,,72083990,N,,98869915,MATCHED
2000,R_HR_CO,Hot Rolled Black Coil,25F0296R00,27.71,2001,2.2,1235,11000057,ANM Ispat Private Limited,256815080,5000074577,4600000153,60,08-06-25,101,HR,COIL,15961_2012,BIS,,72083990,N,,52108527,MATCHED
2000,R_HR_CO,Hot Rolled Black Coil,25F0298R00,27.45,2001,2.5,1230,11000057,ANM Ispat Private Limited,256815067,5000074583,4600000153,30,09-06-25,101,HR,COIL,15961_2012,BIS,,72083990,N,,22957588,MATCHED
2000,R_HR_CO,Hot Rolled Black Coil,25F0455R00,18.205,2001,2,1020,0011000004,JSW STEEL LIMITED,25068724,5000075352,4600000169,40,19-06-25,101,HR,COIL,15961_2012,,,,,,77122707,MATCHED
2000,R_HR_CO,Hot Rolled Black Coil,25F0660R00,20.92,2001,2.5,1235,0011000004,JSW STEEL LIMITED,25077816,5000075900,4600000169,20,26-06-25,101,HR,COIL,15961_2012,,,,,,68870490,MATCHED
2000,R_HR_CO,Hot Rolled Black Coil,25F0760R00,21.125,2001,2.5,1235,0011000004,JSW VIJAYANAGAR METALLICS,25257290,5000076055,4600000174,20,27-06-25,101,HR,COIL,15961_2012,,,,,,36571446,MATCHED
2000,R_HR>3MM_CO,Hot Rolled Black Coil 3mm & Above,25F0793R00,24.845,2001,4,1265,0011000004,JSW VIJAYANAGAR METALLICS,25245271,5000076168,4600000174,50,28-06-25,101,HR,COIL,15961_2012,,,,,,82291039,MATCHED
2000,R_HR>3MM_CO,Hot Rolled Black Coil 3mm & Above,25F0796R00,25.54,2001,4,1265,0011000004,JSW VIJAYANAGAR METALLICS,25245136,5000076171,4600000174,50,28-06-25,101,HR,COIL,15961_2012,,,,,,16748554,MATCHED
2000,R_HR_CO,Hot Rolled Black Coil,25F0832R00,21.065,2001,2.5,1235,0011000004,JSW VIJAYANAGAR METALLICS,25256795,5000076220,4600000174,20,28-06-25,101,HR,COIL,15961_2012,,,,,,71435093,MATCHED
2000,R_HR_CO,Hot Rolled Black Coil,25F0846R00,21.125,2001,2,1230,0011000004,JSW VIJAYANAGAR METALLICS,25256698,5000076239,4600000174,30,28-06-25,101,HR,COIL,15961_2013,,,,,,37461444,MATCHED
2000,R_HR_CO,Hot Rolled Black Coil,25F0855R00,26.32,2001,2.5,1235,0011000057,TATA STEEL MERAMANDLI,256888075A,5000076291,4600000172,60,29-06-25,101,HR,COIL,15961_2012,,,,,,51515662,MATCHED
2000,R_HR_CO,Hot Rolled Black Coil,25F0884R00,27.81,2001,2.2,1235,0011000057,TATA STEEL MERAMANDLI,256911080,5000076360,4600000172,10,30-06-25,101,HR,COIL,15961_2016,,,,,,90435024,MATCHED
2000,R_HR_CO,Hot Rolled Black Coil,25F0894R00,27.73,2001,2,1230,0011000057,TATA STEEL MERAMANDLI,256912080,5000076373,4600000172,50,30-06-25,101,HR,COIL,15961_2012,,,,,,55175676,MATCHED
2000,R_HR_CO,Hot Rolled Black Coil,25F0900R00,23.91,2001,2.5,1235,0011000057,TATA STEEL MERAMANDLI,256899074,5000076379,4600000172,60,30-06-25,101,HR,COIL,15961_2012,,,,,,73206735,MATCHED
2000,R_HR_CO,Hot Rolled Black Coil,25F0933R00,27.74,2001,2.2,1235,0011000057,TATA STEEL MERAMANDLI,256911078,5000076416,4600000172,10,30-06-25,101,HR,COIL,15961_2012,,,,,,42899947,MATCHED
2000,R_HR_CO,Hot Rolled Black Coil,25F0939R00,27.79,2001,2.2,1235,0011000057,TATA STEEL MERAMANDLI,256912072,5000076422,4600000172,10,30-06-25,101,HR,COIL,15961_2017,,,,,,95622257,MATCHED
2000,R_HR_CO,Hot Rolled Black Coil,25F0955R00,20.67,2001,2,1230,0011000004,JSW STEEL LIMITED,25077550,5000076444,4600000169,50,30-06-25,101,HR,COIL,15961_2012,,,,,,89829368,MATCHED
2000,R_HR_CO,Hot Rolled Black Coil,25F0956R00,21.015,2001,2.5,1235,0011000004,JSW VIJAYANAGAR METALLICS,25256845,5000076447,4600000174,20,30-06-25,101,HR,COIL,15961_2012,,,,,,43990766,MATCHED
2000,R_HR_CO,Hot Rolled Black Coil,25F0962R00,21.06,2001,2.5,1235,0011000004,JSW VIJAYANAGAR METALLICS,25256804,5000076454,4600000174,20,30-06-25,101,HR,COIL,15961_2012,,,,,,67580211,MATCHED
2000,R_HR_CO,Hot Rolled Black Coil,25F0973R00,21.77,2001,2.2,1235,0011000057,TATA STEEL MERAMANDLI,256916058,5000076489,4600000172,10,30-06-25,101,HR,COIL,15961_2027,,,,,,54886519,MATCHED
2000,R_HR_CO,Hot Rolled Black Coil,25G0015R00,19.75,2001,2.2,1235,0011000004,JSW VIJAYANAGAR METALLICS,25259623,5000076558,4600000174,10,02-07-25,101,HR,COIL,15961_2018,,,,,,56723295,MATCHED
2000,R_HR_CO,Hot Rolled Black Coil,25G0016R00,21.885,2001,2.2,1235,0011000004,JSW VIJAYANAGAR METALLICS,25259146,5000076559,4600000174,10,02-07-25,101,HR,COIL,15961_2019,,,,,,38087579,MATCHED
2000,R_HR_CO,Hot Rolled Black Coil,25G0020R00,25.4,2001,2.5,1235,0011000004,JSW VIJAYANAGAR METALLICS,25259124,5000076565,4600000174,20,02-07-25,101,HR,COIL,15961_2012,,,,,,81130371,MATCHED
2000,R_HR_CO,Hot Rolled Black Coil,25G0021R00,21.055,2001,2.5,1235,0011000004,JSW VIJAYANAGAR METALLICS,25257296,5000076566,4600000174,20,02-07-25,101,HR,COIL,15961_2012,,,,,,66384600,MATCHED
2000,R_HR_CO,Hot Rolled Black Coil,25G0022R00,19.83,2001,2.2,1235,0011000004,JSW VIJAYANAGAR METALLICS,25259706,5000076567,4600000174,10,02-07-25,101,HR,COIL,15961_2012,,,,,,44825088,MATCHED
2000,R_HR_CO,Hot Rolled Black Coil,25G0024R00,19.7,2001,2.5,1235,0011000004,JSW VIJAYANAGAR METALLICS,25257749,5000076569,4600000174,20,02-07-25,101,HR,COIL,15961_2012,,,,,,76552290,MATCHED
2000,R_HR_CO,Hot Rolled Black Coil,25G0027R00,25.56,2001,2.2,1235,0011000004,JSW VIJAYANAGAR METALLICS,25259171,5000076573,4600000174,10,02-07-25,101,HR,COIL,15961_2020,,,,,,95896911,MATCHED
2000,R_HR_CO,Hot Rolled Black Coil,25G0031R00,25.38,2001,2.5,1235,0011000004,JSW VIJAYANAGAR METALLICS,25259126,5000076577,4600000174,20,02-07-25,101,HR,COIL,15961_2012,,,,,,36923883,MATCHED
2000,R_HR_CO,Hot Rolled Black Coil,25G0033R00,19.77,2001,2.2,1235,0011000004,JSW VIJAYANAGAR METALLICS,25259709,5000076579,4600000174,10,02-07-25,101,HR,COIL,15961_2021,,,,,,39112662,MATCHED
2000,R_HR_CO,Hot Rolled Black Coil,25G0039R00,18.92,2001,2.5,1235,0011000004,JSW VIJAYANAGAR METALLICS,25259247,5000076586,4600000174,20,02-07-25,101,HR,COIL,15961_2012,,,,,,52476958,MATCHED
2000,R_HR_CO,Hot Rolled Black Coil,25G0046R00,25.49,2001,2.5,1235,0011000004,JSW VIJAYANAGAR METALLICS,25259127,5000076595,4600000174,20,02-07-25,101,HR,COIL,15961_2012,,,,,,83092938,MATCHED
2000,R_HR_CO,Hot Rolled Black Coil,25G0047R00,18.9,2001,2.5,1235,0011000004,JSW VIJAYANAGAR METALLICS,25259250,5000076596,4600000174,20,02-07-25,101,HR,COIL,15961_2012,,,,,,52152303,MATCHED
2000,R_HR_CO,Hot Rolled Black Coil,25G0053R00,28.83,2001,2.2,1235,0011000057,TATA STEEL MERAMANDLI,256915061,5000076604,4600000172,10,02-07-25,101,HR,COIL,15961_2022,,,,,,96209904,MATCHED
2000,R_HR_CO,Hot Rolled Black Coil,25G0061R00,19.8,2001,2,1230,0011000004,JSW VIJAYANAGAR METALLICS LTD,25259703,5000076627,4600000174,30,03-07-25,101,HR,COIL,15961_2026,,,,,,20694461,MATCHED
2000,R_HR_CO,Hot Rolled Black Coil,25G0072R00,25.385,2001,2.2,1235,0011000004,JSW VIJAYANAGAR METALLICS LTD,25259080,5000076639,4600000174,10,03-07-25,101,HR,COIL,15961_2025,,,,,,96407260,MATCHED
2000,R_HR_CO,Hot Rolled Black Coil,25G0073R00,24.22,2001,2.5,1235,0011000004,JSW VIJAYANAGAR METALLICS LTD,25257647,5000076640,4600000174,20,03-07-25,101,HR,COIL,15961_2012,,,,,,78683104,MATCHED
2000,R_HR_CO,Hot Rolled Black Coil,25G0074R00,25.42,2001,2.2,1235,0011000004,JSW VIJAYANAGAR METALLICS LTD,25259052,5000076641,4600000174,10,03-07-25,101,HR,COIL,15961_2024,,,,,,75011230,MATCHED
2000,R_HR_CO,Hot Rolled Black Coil,25G0075R00,25.465,2001,2.2,1235,0011000004,JSW VIJAYANAGAR METALLICS LTD,25259082,5000076642,4600000174,10,03-07-25,101,HR,COIL,15961_2023,,,,,,82485863,MATCHED
2000,R_HR_CO,Hot Rolled Black Coil,25G0076R00,25.545,2001,2.2,1235,0011000004,JSW VIJAYANAGAR METALLICS LTD,25259050,5000076643,4600000174,10,03-07-25,101,HR,COIL,15961_2015,,,,,,33400322,MATCHED
2000,R_HR_CO,Hot Rolled Black Coil,25G0087R00,20.835,2001,2.2,1235,0011000004,JSW VIJAYANAGAR METALLICS,25259961,5000076667,4600000174,10,03-07-25,101,HR,COIL,15961_2025,,,,,,75381629,MATCHED
2000,R_HR_CO,Hot Rolled Black Coil,25G0089R00,19.765,2001,2.2,1235,0011000004,JSW VIJAYANAGAR METALLICS,25259880,5000076668,4600000174,10,03-07-25,101,HR,COIL,15961_2024,,,,,,15617620,MATCHED
2000,R_HR_CO,Hot Rolled Black Coil,25G0094R00,21.775,2001,2.2,1235,0011000004,JSW VIJAYANAGAR METALLICS,25259691,5000076670,4600000174,10,03-07-25,101,HR,COIL,15961_2023,,,,,,30103922,MATCHED
2000,R_HR_CO,Hot Rolled Black Coil,25G0099R00,20.51,2001,2.5,1235,0011000004,JSW STEEL LIMITED,25079036,5000076677,4600000169,20,03-07-25,101,HR,COIL,15961_2012,,,,,,58466940,MATCHED
2000,R_HR_CO,Hot Rolled Black Coil,25G0111R00,21.6,2001,2.5,1235,0011000004,JSW STEEL LIMITED,25080550,5000076686,4600000169,20,03-07-25,101,HR,COIL,15961_2012,,,,,,85212640,MATCHED
2000,R_HR_CO,Hot Rolled Black Coil,25G0117R00,25.47,2001,2.2,1235,0011000004,JSW VIJAYANAGAR METALLICS,25259163,5000076701,4600000174,10,03-07-25,101,HR,COIL,15961_2014,,,,,,32327253,MATCHED
2000,R_HR_CO,Hot Rolled Black Coil,25G0118R00,25.525,2001,2.2,1235,0011000004,JSW VIJAYANAGAR METALLICS,25259058,5000076702,4600000174,10,03-07-25,101,HR,COIL,15961_2022,,,,,,47748789,MATCHED
2000,R_HR_CO,Hot Rolled Black Coil,25G0119R00,25.455,2001,2.2,1235,0011000004,JSW VIJAYANAGAR METALLICS,25259063,5000076703,4600000174,10,03-07-25,101,HR,COIL,15961_2021,,,,,,17990131,MATCHED
2000,R_HR_CO,Hot Rolled Black Coil,25G0125R00,25.48,2001,2.5,1235,0011000004,JSW VIJAYANAGAR METALLICS,25259130,5000076709,4600000174,20,03-07-25,101,HR,COIL,15961_2012,,,,,,61060990,MATCHED
2000,R_HR_CO,Hot Rolled Black Coil,25G0126R00,20.98,2001,2.2,1235,0011000004,JSW VIJAYANAGAR METALLICS,25256733,5000076710,4600000174,10,03-07-25,101,HR,COIL,15961_2020,,,,,,98247250,MATCHED
2000,R_HR_CO,Hot Rolled Black Coil,25G0131R00,25.475,2001,2.5,1235,0011000004,JSW VIJAYANAGAR METALLICS,25259073,5000076715,4600000174,20,03-07-25,101,HR,COIL,15961_2012,,,,,,35706982,MATCHED
2000,R_HR_CO,Hot Rolled Black Coil,25G0152R00,25.565,2001,2.2,1235,0011000004,JSW VIJAYANAGAR METALLICS,25259166,5000076726,4600000174,10,03-07-25,101,HR,COIL,15961_2013,,,,,,78413202,MATCHED
2000,R_HR_CO,Hot Rolled Black Coil,25G0167R00,21.945,2001,2.5,1235,0011000004,JSW VIJAYANAGAR METALLICS,25259157,5000076773,4600000174,20,04-07-25,101,HR,COIL,15961_2012,,,,,,97110500,MATCHED
2000,R_HR_CO,Hot Rolled Black Coil,25G0172R00,21.855,2001,2,1230,0011000004,JSW VIJAYANAGAR METALLICS,25259155,5000076779,4600000174,30,04-07-25,101,HR,COIL,15961_2019,,,,,,69215426,MATCHED
2000,R_HR_CO,Hot Rolled Black Coil,25G0177R00,21.085,2001,2.5,1235,0011000004,JSW VIJAYANAGAR METALLICS,25256778,5000076787,4600000174,20,04-07-25,101,HR,COIL,15961_2012,,,,,,97575215,MATCHED
2000,R_HR_CO,Hot Rolled Black Coil,25G0178R00,18.91,2001,2.5,1235,0011000004,JSW VIJAYANAGAR METALLICS,25259248,5000076788,4600000174,20,04-07-25,101,HR,COIL,15961_2012,,,,,,78514508,MATCHED
2000,R_HR_CO,Hot Rolled Black Coil,25G0180R00,19.765,2001,2.2,1235,0011000004,JSW VIJAYANAGAR METALLICS,25259628,5000076792,4600000174,10,04-07-25,101,HR,COIL,15961_2012,,,,,,96103446,MATCHED
2000,R_HR_CO,Hot Rolled Black Coil,25G0183R00,19.995,2001,2.2,1235,0011000004,JSW VIJAYANAGAR METALLICS,25256783,5000076796,4600000174,10,04-07-25,101,HR,COIL,15961_2018,,,,,,10095142,MATCHED
2000,R_HR_CO,Hot Rolled Black Coil,25G0188R00,25.645,2001,2.2,1235,0011000004,JSW VIJAYANAGAR METALLICS,25259054,5000076805,4600000174,10,04-07-25,101,HR,COIL,15961_2017,,,,,,51806337,MATCHED
2000,R_HR_CO,Hot Rolled Black Coil,25G0189R00,18.99,2001,2.5,1235,0011000004,JSW VIJAYANAGAR METALLICS,25259252,5000076807,4600000174,20,04-07-25,101,HR,COIL,15961_2012,,,,,,56949221,MATCHED
2000,R_HR_CO,Hot Rolled Black Coil,25G0190R00,20.96,2001,2.2,1235,0011000004,JSW VIJAYANAGAR METALLICS,25256727,5000076808,4600000174,10,04-07-25,101,HR,COIL,15961_2016,,,,,,96336740,MATCHED
2000,R_HR_CO,Hot Rolled Black Coil,25G0193R00,25.375,2001,2.5,1235,0011000004,JSW VIJAYANAGAR METALLICS,25259125,5000076811,4600000174,20,04-07-25,101,HR,COIL,15961_2012,,,,,,43711478,MATCHED
2000,R_HR_CO,Hot Rolled Black Coil,25G0196R00,21.07,2001,2.5,1235,0011000004,JSW VIJAYANAGAR METALLICS,25256798,5000076814,4600000174,20,04-07-25,101,HR,COIL,15961_2012,,,,,,17147689,MATCHED
2000,R_HR_CO,Hot Rolled Black Coil,25G0202R00,20.985,2001,2.2,1235,0011000004,JSW VIJAYANAGAR METALLICS,25256691,5000076822,4600000174,10,04-07-25,101,HR,COIL,15961_2012,,,,,,13218532,MATCHED
2000,R_HR_CO,Hot Rolled Black Coil,25G0225R00,19.76,2001,2.5,1235,0011000004,JSW VIJAYANAGAR METALLICS,25257595,5000076864,4600000174,20,04-07-25,101,HR,COIL,15961_2012,,,,,,39461070,MATCHED
2000,R_HR_CO,Hot Rolled Black Coil,25G0230R00,21.015,2001,2.5,1235,0011000004,JSW VIJAYANAGAR METALLICS,25256782,5000076873,4600000174,20,04-07-25,101,HR,COIL,15961_2012,,,,,,88136581,MATCHED
2000,R_HR_CO,Hot Rolled Black Coil,25G0256R00,21.325,2001,2.2,1235,0011000004,JSW VIJAYANAGAR METALLICS,25259962,5000077129,4600000174,10,09-07-25,101,HR,COIL,15961_2015,,,,,,48214591,MATCHED
2000,R_HR_CO,Hot Rolled Black Coil,25G0263R00,19.805,2001,2.2,1235,0011000004,JSW VIJAYANAGAR METALLICS,25259708,5000077137,4600000174,10,09-07-25,101,HR,COIL,15961_2014,,,,,,76164892,MATCHED
2000,R_HR_CO,Hot Rolled Black Coil,25G0265R00,25.525,2001,2.5,1235,0011000004,JSW VIJAYANAGAR METALLICS,25259174,5000077139,4600000174,20,09-07-25,101,HR,COIL,15961_2012,,,,,,14419654,MATCHED
2000,R_HR_CO,Hot Rolled Black Coil,25G0289R00,24.935,2001,2.5,1230,0011000004,JSW VIJAYANAGAR METALLICS,25260273,5000077204,4600000174,70,09-07-25,101,HR,COIL,15961_2012,,,,,,57551215,MATCHED
2000,R_HR_CO,Hot Rolled Black Coil,25G0326R00,25.175,2001,2.5,1235,0011000004,JSW VIJAYANAGAR METALLICS,25262521,5000077317,4600000175,30,11-07-25,101,HR,COIL,15961_2012,,,,,,28171641,MATCHED
2000,R_HR_CO,Hot Rolled Black Coil,25G0328R00,24.975,2001,2.5,1235,0011000004,JSW VIJAYANAGAR METALLICS,25262150,5000077319,4600000175,30,11-07-25,101,HR,COIL,15961_2012,,,,,,17921996,MATCHED
2000,R_HR_CO,Hot Rolled Black Coil,25G0335R00,25.015,2001,2.5,1235,0011000004,JSW VIJAYANAGAR METALLICS,25262520,5000077337,4600000175,30,11-07-25,101,HR,COIL,15961_2012,,,,,,84710595,MATCHED
2000,R_HR_CO,Hot Rolled Black Coil,25G0340R00,21.75,2001,2.5,1235,0011000004,JSW VIJAYANAGAR METALLICS,25262167,5000077344,4600000175,30,11-07-25,101,HR,COIL,15961_2012,,,,,,44530192,MATCHED
2000,R_HR_CO,Hot Rolled Black Coil,25G0344R00,25.405,2001,2.5,1235,0011000004,JSW VIJAYANAGAR METALLICS,25262481,5000077349,4600000175,30,11-07-25,101,HR,COIL,15961_2012,,,,,,13356285,MATCHED
2000,R_HR_CO,Hot Rolled Black Coil,25G0347R00,24.35,2001,2.5,1235,0011000004,JSW VIJAYANAGAR METALLICS,25262467,5000077353,4600000175,30,11-07-25,101,HR,COIL,15961_2012,,,,,,19057301,MATCHED
2000,R_HR_CO,Hot Rolled Black Coil,25G0352R00,25.31,2001,2.5,1235,0011000004,JSW VIJAYANAGAR METALLICS,25262523,5000077358,4600000175,30,11-07-25,101,HR,COIL,15961_2012,,,,,,67740604,MATCHED
2000,R_HR_CO,Hot Rolled Black Coil,25G0355R00,21.9,2001,2.5,1235,0011000004,JSW VIJAYANAGAR METALLICS,25262110,5000077362,4600000175,30,11-07-25,101,HR,COIL,15961_2012,,,,,,26754076,MATCHED
2000,R_HR_CO,Hot Rolled Black Coil,25G0368R00,25.315,2001,2.5,1235,0011000004,JSW VIJAYANAGAR METALLICS,25262530,5000077389,4600000175,30,12-07-25,101,HR,COIL,15961_2012,,,,,,53774706,MATCHED
2000,R_HR_CO,Hot Rolled Black Coil,25G0369R00,25.31,2001,2.5,1235,0011000004,JSW VIJAYANAGAR METALLICS,25262528,5000077390,4600000175,30,12-07-25,101,HR,COIL,15961_2012,,,,,,63221828,MATCHED
2000,R_HR_CO,Hot Rolled Black Coil,25G0378R00,25.47,2001,2.5,1235,0011000004,JSW VIJAYANAGAR METALLICS,25262526,5000077403,4600000175,30,12-07-25,101,HR,COIL,15961_2012,,,,,,35112174,MATCHED
2000,R_HR_CO,Hot Rolled Black Coil,25G0379R00,19.205,2001,2.5,1235,0011000004,JSW VIJAYANAGAR METALLICS,25262475,5000077404,4600000175,30,12-07-25,101,HR,COIL,15961_2012,,,,,,62607397,MATCHED
2000,R_HR_CO,Hot Rolled Black Coil,25G0381R00,25.3,2001,2.5,1235,0011000004,JSW VIJAYANAGAR METALLICS,25262479,5000077406,4600000175,30,12-07-25,101,HR,COIL,15961_2012,,,,,,33026415,MATCHED
2000,R_HR_CO,Hot Rolled Black Coil,25G0400R00,25.335,2001,2.5,1235,0011000004,JSW VIJAYANAGAR METALLICS,25262483,5000077450,4600000175,30,12-07-25,101,HR,COIL,15961_2012,,,,,,37743311,MATCHED
2000,R_HR_CO,Hot Rolled Black Coil,25G0410R00,19.715,2001,2.5,1235,0011000004,JSW VIJAYANAGAR METALLICS,25257648,5000077480,4600000174,20,12-07-25,101,HR,COIL,15961_2012,,,,,,79629500,MATCHED
2000,R_HR_CO,Hot Rolled Black Coil,25G0413R00,24.965,2001,2.5,1235,0011000004,JSW VIJAYANAGAR METALLICS,25262148,5000077490,4600000175,30,12-07-25,101,HR,COIL,15961_2012,,,,,,56380847,MATCHED
2000,R_HR_CO,Hot Rolled Black Coil,25G0414R00,25.31,2001,2.5,1235,0011000004,JSW VIJAYANAGAR METALLICS,25262519,5000077491,4600000175,30,12-07-25,101,HR,COIL,15961_2012,,,,,,86012212,MATCHED
2000,R_HR_CO,Hot Rolled Black Coil,25G0418R00,25.275,2001,2.5,1235,0011000004,JSW VIJAYANAGAR METALLICS,25262529,5000077496,4600000175,30,12-07-25,101,HR,COIL,15961_2012,,,,,,28758149,MATCHED
2000,R_HR_CO,Hot Rolled Black Coil,25G0422R00,24.25,2001,2.5,1235,0011000004,JSW VIJAYANAGAR METALLICS,25262469,5000077500,4600000175,30,12-07-25,101,HR,COIL,15961_2012,,,,,,69288435,MATCHED
2000,R_HR_CO,Hot Rolled Black Coil,25G0449R00,19.6,2001,2.5,1235,0011000004,JSW VIJAYANAGAR METALLICS,25256925,5000077666,4600000175,30,15-07-25,101,HR,COIL,15961_2012,,,,,,88875445,MATCHED
2000,R_HR_CO,Hot Rolled Black Coil,25G0451R00,26.51,2001,2.5,1460,0011000139,JSW STEEL LIMITED,25544217,5000077670,4600000157,40,15-07-25,101,HR,COIL,15961_2012,,,,,,99831237,MATCHED
2000,R_HR_CO,Hot Rolled Black Coil,25G0452R00,21.99,2001,4,1275,11000004,JVML-VJNR,25235528,5000078143,4600000149,90,25-04-25,101,HR,COIL,15961_2012,,,,,,52580972,MATCHED
2000,R_HR_CO,Hot Rolled Black Coil,25G0488R00,27.45,2001,2.5,1235,0011000057,TATA STEEL MERAMANDLI,257020084,5000078509,4600000180,30,27-07-25,101,HR,COIL,15961_2012,,,,,,98861961,MATCHED
2000,R_HR_CO,Hot Rolled Black Coil,25G0490R00,28.74,2001,2.5,1235,0011000057,TATA STEEL MERAMANDLI,257025046,5000078512,4600000180,30,27-07-25,101,HR,COIL,15961_2012,,,,,,10655301,MATCHED
2000,R_HR_CO,Hot Rolled Black Coil,25G0497R00,27.62,2001,2.5,1235,0011000057,TATA STEEL MERAMANDLI,257024051,5000078525,4600000180,30,27-07-25,101,HR,COIL,15961_2012,,,,,,61996221,MATCHED
2000,R_HR_CO,Hot Rolled Black Coil,25G0498R00,27.58,2001,2.5,1235,0011000057,TATA STEEL MERAMANDLI,257023077,5000078528,4600000180,30,27-07-25,101,HR,COIL,15961_2012,,,,,,31628084,MATCHED
2000,R_HR_CO,Hot Rolled Black Coil,25G0499R00,27.67,2001,2.5,1235,0011000057,TATA STEEL MERAMANDLI,257023076,5000078529,4600000180,30,27-07-25,101,HR,COIL,15961_2012,,,,,,76575499,MATCHED
2000,R_HR_CO,Hot Rolled Black Coil,25G0501R00,27.66,2001,2.5,1235,0011000057,TATA STEEL MERAMANDLI,257023075,5000078535,4600000180,30,27-07-25,101,HR,COIL,15961_2012,,,,,,97278296,MATCHED
2000,R_HR_CO,Hot Rolled Black Coil,25G0507R00,27.53,2001,2,1230,0011000057,TATA STEEL MERAMANDLI,257024060,5000078545,4600000180,10,27-07-25,101,HR,COIL,15961_2012,,,,,,53034673,MATCHED
2000,R_HR_CO,Hot Rolled Black Coil,25G0508R00,27.79,2001,2.5,1235,0011000057,TATA STEEL MERAMANDLI,257024070,5000078580,4600000180,30,28-07-25,101,HR,COIL,15961_2012,,,,,,53042631,MATCHED
2000,R_HR_CO,Hot Rolled Black Coil,25G0509R00,27.53,2001,2,1230,0011000057,TATA STEEL MERAMANDLI,257020059,5000078582,4600000180,10,28-07-25,101,HR,COIL,15961_2012,,,,,,41855970,MATCHED
2000,R_HR_CO,Hot Rolled Black Coil,25G0510R00,27.65,2001,2,1230,0011000057,TATA STEEL MERAMANDLI,257024065,5000078583,4600000180,10,28-07-25,101,HR,COIL,15961_2012,,,,,,20374626,MATCHED
2000,R_HR_CO,Hot Rolled Black Coil,25G0512R00,28.92,2001,2.5,1235,0011000057,TATA STEEL MERAMANDLI,257025078,5000078588,4600000180,30,28-07-25,101,HR,COIL,15961_2012,,,,,,37350556,MATCHED
2000,R_HR_CO,Hot Rolled Black Coil,25G0514R00,28.85,2001,2,1230,0011000057,TATA STEEL MERAMANDLI,257025059,5000078600,4600000180,10,28-07-25,101,HR,COIL,15961_2012,,,,,,47925836,MATCHED
2000,R_HR_CO,Hot Rolled Black Coil,25G0515R00,27.57,2001,2,1230,0011000057,TATA STEEL MERAMANDLI,257020057,5000078603,4600000180,10,28-07-25,101,HR,COIL,15961_2012,,,,,,47950917,MATCHED
2000,R_HR_CO,Hot Rolled Black Coil,25G0516R00,27.65,2001,2,1230,0011000057,TATA STEEL MERAMANDLI,257020054,5000078604,4600000180,10,28-07-25,101,HR,COIL,15961_2012,,,,,,66481496,MATCHED
2000,R_HR_CO,Hot Rolled Black Coil,25G0517R00,27.75,2001,2.5,1235,0011000057,TATA STEEL MERAMANDLI,257024069,5000078607,4600000180,30,28-07-25,101,HR,COIL,15961_2012,,,,,,93263261,MATCHED
2000,R_HR_CO,Hot Rolled Black Coil,25G0518R00,27.48,2001,2.5,1235,0011000057,TATA STEEL MERAMANDLI,257020082,5000078608,4600000180,30,28-07-25,101,HR,COIL,15961_2012,,,,,,11062517,MATCHED
2000,R_HR_CO,Hot Rolled Black Coil,25G0519R00,28.87,2001,2.5,1235,0011000057,TATA STEEL MERAMANDLI,257026037,5000078610,4600000180,30,28-07-25,101,HR,COIL,15961_2012,,,,,,92993004,MATCHED
2000,R_HR_CO,Hot Rolled Black Coil,25G0520R00,27.85,2001,2.5,1235,0011000057,TATA STEEL MERAMANDLI,257022033,5000078612,4600000180,30,28-07-25,101,HR,COIL,15961_2012,,,,,,68663789,MATCHED
2000,R_HR_CO,Hot Rolled Black Coil,25G0521R00,27.46,2001,2,1230,0011000057,TATA STEEL MERAMANDLI,257020060,5000078617,4600000180,10,28-07-25,101,HR,COIL,15961_2012,,,,,,92948994,MATCHED
2000,R_HR_CO,Hot Rolled Black Coil,25G0522R00,27.64,2001,2,1230,0011000057,TATA STEEL MERAMANDLI,257020052,5000078619,4600000180,10,28-07-25,101,HR,COIL,15961_2012,,,,,,80839752,MATCHED
2000,R_HR_CO,Hot Rolled Black Coil,25G0523R00,28.8,2001,2.2,1235,0011000057,TATA STEEL MERAMANDLI,257025054,5000078621,4600000180,20,28-07-25,101,HR,COIL,15961_2012,,,,,,59544728,MATCHED
2000,R_HR_CO,Hot Rolled Black Coil,25G0524R00,28.86,2001,2,1230,0011000057,TATA STEEL MERAMANDLI,257025057,5000078620,4600000180,10,28-07-25,101,HR,COIL,15961_2012,,,,,,39247670,MATCHED
2000,R_HR_CO,Hot Rolled Black Coil,25G0525R00,27.38,2001,2.2,1235,0011000057,TATA STEEL MERAMANDLI,257023080,5000078623,4600000180,20,28-07-25,101,HR,COIL,15961_2012,,,,,,77803093,MATCHED
2000,R_HR_CO,Hot Rolled Black Coil,25G0527R00,27.64,2001,2.5,1235,11000057,TATA STEEL MERAMANDLI,257024049,5000078628,4600000180,30,28-07-25,101,HR,COIL,15961_2012,,,,,,83449724,MATCHED
2000,R_HR_CO,Hot Rolled Black Coil,25G0528R00,27.69,2001,2.2,1235,0011000057,TATA STEEL MERAMANDLI,257023081,5000078630,4600000180,20,28-07-25,101,HR,COIL,15961_2012,,,,,,76282420,MATCHED
2000,R_HR_CO,Hot Rolled Black Coil,25G0529R00,27.51,2001,2.5,1235,0011000057,TATA STEEL MERAMANDLI,257020083,5000078631,4600000180,30,28-07-25,101,HR,COIL,15961_2012,,,,,,62823592,MATCHED
2000,R_HR_CO,Hot Rolled Black Coil,25G0530R00,27.57,2001,2,1230,0011000057,TATA STEEL MERAMANDLI,257024058,5000078633,4600000180,10,28-07-25,101,HR,COIL,15961_2012,,,,,,66884415,MATCHED
2000,R_HR_CO,Hot Rolled Black Coil,25G0531R00,27.61,2001,2.2,1235,0011000057,TATA STEEL MERAMANDLI,257024052,5000078634,4600000180,20,28-07-25,101,HR,COIL,15961_2012,,,,,,91533359,MATCHED
2000,R_HR_CO,Hot Rolled Black Coil,25G0532R00,27.74,2001,2.2,1235,0011000057,TATA STEEL MERAMANDLI,257025074,5000078635,4600000180,20,28-07-25,101,HR,COIL,15961_2012,,,,,,47616332,MATCHED
2000,R_HR_CO,Hot Rolled Black Coil,25G0533R00,27.67,2001,2,1230,0011000057,TATA STEEL MERAMANDLI,257024062,5000078637,4600000180,10,28-07-25,101,HR,COIL,15961_2012,,,,,,90008488,MATCHED
2000,R_HR_CO,Hot Rolled Black Coil,25G0534R00,27.63,2001,2,1230,0011000057,TATA STEEL MERAMANDLI,257024064,5000078638,4600000180,10,28-07-25,101,HR,COIL,15961_2012,,,,,,74517340,MATCHED
2000,R_HR_CO,Hot Rolled Black Coil,25G0536R00,27.59,2001,2,1230,0011000057,TATA STEEL MERAMANDLI,257024063,5000078642,4600000180,10,28-07-25,101,HR,COIL,15961_2012,,,,,,26775256,MATCHED
2000,R_HR_CO,Hot Rolled Black Coil,25G0537R00,29.05,2001,2.5,1235,0011000057,TATA STEEL MERAMANDLI,257026038,5000078643,4600000180,30,28-07-25,101,HR,COIL,15961_2012,,,,,,55359531,MATCHED
2000,R_HR_CO,Hot Rolled Black Coil,25G0538R00,27.49,2001,2,1230,0011000057,TATA STEEL MERAMANDLI,257024059,5000078644,4600000180,10,28-07-25,101,HR,COIL,15961_2012,,,,,,51538627,MATCHED
2000,R_HR_CO,Hot Rolled Black Coil,25G0540R00,27.74,2001,2.5,1235,0011000057,TATA STEEL MERAMANDLI,257024071,5000078645,4600000180,30,28-07-25,101,HR,COIL,15961_2012,,,,,,88123064,MATCHED
2000,R_HR_CO,Hot Rolled Black Coil,25G0541R00,27.77,2001,2.5,1235,0011000057,TATA STEEL MERAMANDLI,257022034,5000078647,4600000180,30,28-07-25,101,HR,COIL,15961_2012,,,,,,75673224,MATCHED
2000,R_HR_CO,Hot Rolled Black Coil,25G0542R00,27.62,2001,2,1230,0011000057,TATA STEEL MERAMANDLI,257024061,5000078648,4600000180,10,28-07-25,101,HR,COIL,15961_2012,,,,,,21367211,MATCHED
2000,R_HR_CO,Hot Rolled Black Coil,25G0543R00,25.41,2001,2.5,1235,0011000004,JSW VIJAYANAGAR METALLICS,25262906,5000078649,4600000181,30,28-07-25,101,HR,COIL,15961_2012,,,,,,65423559,MATCHED
2000,R_HR_CO,Hot Rolled Black Coil,25G0544R00,22.52,2001,2.5,1235,0011000004,JSW VIJAYANAGAR METALLICS,25262903,5000078652,4600000181,30,28-07-25,101,HR,COIL,15961_2012,,,,,,58062631,MATCHED
2000,R_HR_CO,Hot Rolled Black Coil,25G0545R00,25.345,2001,2.5,1235,0011000004,JSW VIJAYANAGAR METALLICS,25262839,5000078656,4600000181,30,28-07-25,101,HR,COIL,15961_2012,,,,,,85915664,MATCHED
2000,R_HR_CO,Hot Rolled Black Coil,25G0546R00,25.09,2001,2.5,1235,0011000004,JSW VIJAYANAGAR METALLICS,25263062,5000078657,4600000181,30,28-07-25,101,HR,COIL,15961_2012,,,,,,96212467,MATCHED
2000,R_HR_CO,Hot Rolled Black Coil,25G0547R00,22.57,2001,2.5,1235,0011000004,JSW VIJAYANAGAR METALLICS,25262907,5000078659,4600000181,30,28-07-25,101,HR,COIL,15961_2012,,,,,,44286721,MATCHED
2000,R_HR_CO,Hot Rolled Black Coil,25G0548R00,20.625,2001,2.5,1235,0011000004,JSW VIJAYANAGAR METALLICS,25262834,5000078660,4600000181,30,28-07-25,101,HR,COIL,15961_2012,,,,,,75787104,MATCHED
2000,R_HR_CO,Hot Rolled Black Coil,25G0549R00,22.44,2001,2.5,1235,0011000004,JSW VIJAYANAGAR METALLICS,25262835,5000078681,4600000181,30,28-07-25,101,HR,COIL,15961_2012,,,,,,70237499,MATCHED
2000,R_HR_CO,Hot Rolled Black Coil,25G0550R00,25.32,2001,2.5,1235,0011000004,JSW VIJAYANAGAR METALLICS,25262525,5000078682,4600000181,30,28-07-25,101,HR,COIL,15961_2012,,,,,,79894506,MATCHED
2000,R_HR_CO,Hot Rolled Black Coil,25G0551R00,25.435,2001,2,1230,0011000004,JSW VIJAYANAGAR METALLICS,25269797,5000078683,4600000181,50,28-07-25,101,HR,COIL,15961_2012,,,,,,53105089,MATCHED
2000,R_HR_CO,Hot Rolled Black Coil,25G0553R00,25.275,2001,2.5,1235,0011000004,JSW VIJAYANAGAR METALLICS,25262631,5000078686,4600000181,20,29-07-25,101,HR,COIL,15961_2012,,,,,,85094306,MATCHED
2000,R_HR_CO,Hot Rolled Black Coil,25G0554R00,27.43,2001,2.5,1235,0011000004,JSW VIJAYANAGAR METALLICS,25269870,5000078685,4600000181,20,29-07-25,101,HR,COIL,15961_2012,,,,,,49090295,MATCHED
2000,R_HR_CO,Hot Rolled Black Coil,25G0555R00,25.65,2001,2,1230,0011000004,JSW VIJAYANAGAR METALLICS,25269855,5000078687,4600000181,50,29-07-25,101,HR,COIL,15961_2012,,,,,,54749418,MATCHED
2000,R_HR_CO,Hot Rolled Black Coil,25G0556R00,25.71,2001,2.2,1235,0011000004,JSW VIJAYANAGAR METALLICS,25269869,5000078688,4600000181,80,29-07-25,101,HR,COIL,15961_2012,,,,,,12138659,MATCHED
2000,R_HR_CO,Hot Rolled Black Coil,25G0557R00,25.75,2001,2,1230,0011000004,JSW VIJAYANAGAR METALLICS,25269796,5000078689,4600000181,50,29-07-25,101,HR,COIL,15961_2012,,,,,,35998252,MATCHED
2000,R_HR_CO,Hot Rolled Black Coil,25G0558R00,25.255,2001,2.2,1235,0011000004,JSW VIJAYANAGAR METALLICS,25264580,5000078690,4600000181,10,29-07-25,101,HR,COIL,15961_2012,,,,,,13514013,MATCHED
2000,R_HR_CO,Hot Rolled Black Coil,25G0559R00,22.515,2001,2.2,1235,0011000004,JSW VIJAYANAGAR METALLICS,25262844,5000078692,4600000181,10,29-07-25,101,HR,COIL,15961_2012,,,,,,57962092,MATCHED
2000,R_HR_CO,Hot Rolled Black Coil,25G0561R00,25.57,2001,2.5,1235,0011000004,JSW VIJAYANAGAR METALLICS,25269962,5000078694,4600000181,20,29-07-25,101,HR,COIL,15961_2012,,,,,,79816110,MATCHED
2000,R_HR_CO,Hot Rolled Black Coil,25G0563R00,22.505,2001,2.5,1235,0011000004,JSW VIJAYANAGAR METALLICS,25262905,5000078696,4600000181,30,29-07-25,101,HR,COIL,15961_2012,,,,,,32504733,MATCHED
2000,R_HR_CO,Hot Rolled Black Coil,25G0564R00,25.82,2001,2,1230,0011000004,JSW VIJAYANAGAR METALLICS,25269795,5000078697,4600000181,50,29-07-25,101,HR,COIL,15961_2012,,,,,,10629620,MATCHED
2000,R_HR_CO,Hot Rolled Black Coil,25G0565R00,25.51,2001,2.5,1235,0011000004,JSW VIJAYANAGAR METALLICS,25269876,5000078698,4600000181,20,29-07-25,101,HR,COIL,15961_2012,,,,,,14716974,MATCHED
2000,R_HR_CO,Hot Rolled Black Coil,25G0566R00,25.37,2001,2.5,1235,0011000004,JSW VIJAYANAGAR METALLICS,25262838,5000078699,4600000181,30,29-07-25,101,HR,COIL,15961_2012,,,,,,39685968,MATCHED
2000,R_HR_CO,Hot Rolled Black Coil,25G0568R00,25.71,2001,2,1230,0011000004,JSW VIJAYANAGAR METALLICS,25269792,5000078701,4600000181,50,29-07-25,101,HR,COIL,15961_2012,,,,,,92751810,MATCHED
2000,R_HR_CO,Hot Rolled Black Coil,25G0570R00,25.455,2001,2,1230,0011000004,JSW VIJAYANAGAR METALLICS,25269802,5000078703,4600000181,50,29-07-25,101,HR,COIL,15961_2012,,,,,,61595777,MATCHED
2000,R_HR_CO,Hot Rolled Black Coil,25G0571R00,25.545,2001,2.2,1235,0011000004,JSW VIJAYANAGAR METALLICS,25269865,5000078704,4600000181,80,29-07-25,101,HR,COIL,15961_2012,,,,,,98158429,MATCHED
2000,R_HR_CO,Hot Rolled Black Coil,25G0572R00,27.36,2001,2.5,1235,0011000004,JSW VIJAYANAGAR METALLICS,25269862,5000078705,4600000181,20,29-07-25,101,HR,COIL,15961_2012,,,,,,25179332,MATCHED
2000,R_HR_CO,Hot Rolled Black Coil,25G0573R00,27.58,2001,2.5,1235,0011000004,JSW VIJAYANAGAR METALLICS,25269845,5000078706,4600000181,20,29-07-25,101,HR,COIL,15961_2012,,,,,,38755490,MATCHED
2000,R_HR_CO,Hot Rolled Black Coil,25G0575R00,25.42,2001,2,1230,0011000004,JSW VIJAYANAGAR METALLICS,25269854,5000078708,4600000181,50,29-07-25,101,HR,COIL,15961_2012,,,,,,50120468,MATCHED
2000,R_HR_CO,Hot Rolled Black Coil,25G0576R00,27.765,2001,2.5,1235,0011000004,JSW VIJAYANAGAR METALLICS,25269963,5000078709,4600000181,20,29-07-25,101,HR,COIL,15961_2012,,,,,,87977666,MATCHED
2000,R_HR_CO,Hot Rolled Black Coil,25G0577R00,27.58,2001,2.5,1235,0011000004,JSW VIJAYANAGAR METALLICS,25269852,5000078710,4600000181,20,29-07-25,101,HR,COIL,15961_2012,,,,,,63357363,MATCHED
2000,R_HR_CO,Hot Rolled Black Coil,25G0578R00,27.61,2001,2.5,1235,0011000057,TATA STEEL MERAMANDLI,257020045,5000078736,4600000180,30,29-07-25,101,HR,COIL,15961_2012,,,,,,56064889,MATCHED
2000,R_HR_CO,Hot Rolled Black Coil,25G0579R00,27.57,2001,2.5,1235,0011000057,TATA STEEL MERAMANDLI,257020064,5000078737,4600000180,30,29-07-25,101,HR,COIL,15961_2012,,,,,,29942869,MATCHED
2000,R_HR_CO,Hot Rolled Black Coil,25G0580R00,27.59,2001,2.2,1235,0011000057,TATA STEEL MERAMANDLI,257023045,5000078739,4600000180,20,29-07-25,101,HR,COIL,15961_2012,,,,,,43741558,MATCHED
2000,R_HR_CO,Hot Rolled Black Coil,25G0581R00,28.84,2001,2.5,1235,0011000057,TATA STEEL MERAMANDLI,257025047,5000078744,4600000180,30,29-07-25,101,HR,COIL,15961_2012,,,,,,61622177,MATCHED
2000,R_HR_CO,Hot Rolled Black Coil,25G0582R00,27.58,2001,2.2,1235,0011000057,TATA STEEL MERAMANDLI,257023043,5000078745,4600000180,20,29-07-25,101,HR,COIL,15961_2012,,,,,,69623589,MATCHED
2000,R_HR_CO,Hot Rolled Black Coil,25G0583R00,27.48,2001,2.5,1235,0011000057,TATA STEEL MERAMANDLI,257020065,5000078746,4600000180,30,29-07-25,101,HR,COIL,15961_2012,,,,,,38143924,MATCHED
2000,R_HR_CO,Hot Rolled Black Coil,25G0585R00,27.38,2001,2.5,1235,0011000004,JSW VIJAYANAGAR METALLICS,25269849,5000078752,4600000181,20,29-07-25,101,HR,COIL,15961_2012,,,,,,27593784,MATCHED
2000,R_HR_CO,Hot Rolled Black Coil,25G0586R00,27.64,2001,2.5,1235,0011000057,TATA STEEL MERAMANDLI,257020046,5000078753,4600000180,30,29-07-25,101,HR,COIL,15961_2012,,,,,,60647842,MATCHED
2000,R_HR_CO,Hot Rolled Black Coil,25G0587R00,25.445,2001,2.2,1235,0011000004,JSW VIJAYANAGAR METALLICS,25269851,5000078754,4600000181,80,29-07-25,101,HR,COIL,15961_2012,,,,,,22572138,MATCHED
2000,R_HR_CO,Hot Rolled Black Coil,25G0588R00,27.63,2001,2,1230,0011000057,TATA STEEL MERAMANDLI,257023046,5000078755,4600000180,10,29-07-25,101,HR,COIL,15961_2012,,,,,,19885359,MATCHED
2000,R_HR_CO,Hot Rolled Black Coil,25G0589R00,25.535,2001,2,1230,0011000004,JSW VIJAYANAGAR METALLICS,25269856,5000078756,4600000181,50,29-07-25,101,HR,COIL,15961_2012,,,,,,34728612,MATCHED
2000,R_HR_CO,Hot Rolled Black Coil,25G0590R00,25.555,2001,2,1230,0011000004,JSW VIJAYANAGAR METALLICS,25269794,5000078757,4600000181,50,29-07-25,101,HR,COIL,15961_2012,,,,,,82607894,MATCHED
2000,R_HR_CO,Hot Rolled Black Coil,25G0591R00,27.555,2001,2.5,1235,0011000004,JSW VIJAYANAGAR METALLICS,25269960,5000078759,4600000181,20,29-07-25,101,HR,COIL,15961_2012,,,,,,54896220,MATCHED
2000,R_HR_CO,Hot Rolled Black Coil,25G0592R00,25.775,2001,2,1230,0011000004,JSW VIJAYANAGAR METALLICS,25269793,5000078758,4600000181,50,29-07-25,101,HR,COIL,15961_2012,,,,,,14609766,MATCHED
2000,R_HR_CO,Hot Rolled Black Coil,25G0593R00,27.53,2001,2.5,1235,0011000057,TATA STEEL MERAMANDLI,257020063,5000078760,4600000180,30,29-07-25,101,HR,COIL,15961_2012,,,,,,45138974,MATCHED
2000,R_HR_CO,Hot Rolled Black Coil,25G0594R00,25.685,2001,2.2,1235,0011000004,JSW VIJAYANAGAR METALLICS,25269867,5000078761,4600000181,80,29-07-25,101,HR,COIL,15961_2012,,,,,,52195741,MATCHED
2000,R_HR_CO,Hot Rolled Black Coil,25G0595R00,27.4,2001,2.5,1235,0011000004,JSW VIJAYANAGAR METALLICS,25269848,5000078762,4600000181,20,29-07-25,101,HR,COIL,15961_2012,,,,,,89260924,MATCHED
2000,R_HR_CO,Hot Rolled Black Coil,25G0596R00,25.745,2001,2.2,1235,0011000004,JSW VIJAYANAGAR METALLICS,25269791,5000078763,4600000181,80,29-07-25,101,HR,COIL,15961_2012,,,,,,83411951,MATCHED
2000,R_HR_CO,Hot Rolled Black Coil,25G0597R00,27.59,2001,2.2,1235,0011000057,TATA STEEL MERAMANDLI,257023044,5000078766,4600000180,20,29-07-25,101,HR,COIL,15961_2012,,,,,,90528256,MATCHED
2000,R_HR_CO,Hot Rolled Black Coil,25G0598R00,27.4,2001,2.5,1235,0011000004,JSW VIJAYANAGAR METALLICS,25269847,5000078765,4600000181,20,29-07-25,101,HR,COIL,15961_2012,,,,,,23771377,MATCHED
2000,R_HR_CO,Hot Rolled Black Coil,25G0599R00,27.56,2001,2,1230,0011000057,TATA STEEL MERAMANDLI,257020061,5000078767,4600000180,10,29-07-25,101,HR,COIL,15961_2012,,,,,,19141417,MATCHED
2000,R_HR_CO,Hot Rolled Black Coil,25G0600R00,27.455,2001,2.2,1235,0011000004,JSW VIJAYANAGAR METALLICS,25269891,5000078768,4600000181,80,29-07-25,101,HR,COIL,15961_2012,,,,,,68469547,MATCHED
2000,R_HR_CO,Hot Rolled Black Coil,25G0601R00,25.6,2001,2.2,1235,0011000004,JSW VIJAYANAGAR METALLICS,25269864,5000078770,4600000181,80,29-07-25,101,HR,COIL,15961_2012,,,,,,32417123,MATCHED
2000,R_HR_CO,Hot Rolled Black Coil,25G0602R00,25.665,2001,2,1230,0011000004,JSW VIJAYANAGAR METALLICS,25269842,5000078772,4600000181,50,29-07-25,101,HR,COIL,15961_2012,,,,,,49018649,MATCHED
2000,R_HR_CO,Hot Rolled Black Coil,25G0603R00,25.59,2001,2.5,1235,0011000004,JSW VIJAYANAGAR METALLICS,25269800,5000078774,4600000181,20,29-07-25,101,HR,COIL,15961_2012,,,,,,55830003,MATCHED
2000,R_HR_CO,Hot Rolled Black Coil,25G0604R00,25.19,2001,2.5,1235,0011000004,JSW VIJAYANAGAR METALLICS,25262635,5000078773,4600000181,30,29-07-25,101,HR,COIL,15961_2012,,,,,,14135087,MATCHED
2000,R_HR_CO,Hot Rolled Black Coil,25G0605R00,25.525,2001,2.2,1235,0011000004,JSW VIJAYANAGAR METALLICS,25269844,5000078775,4600000181,80,29-07-25,101,HR,COIL,15961_2012,,,,,,14472992,MATCHED
2000,R_HR_CO,Hot Rolled Black Coil,25G0606R00,25.525,2001,2.2,1235,0011000004,JSW VIJAYANAGAR METALLICS,25269790,5000078781,4600000181,80,29-07-25,101,HR,COIL,15961_2012,,,,,,44800653,MATCHED
2000,R_HR_CO,Hot Rolled Black Coil,25G0607R00,25.59,2001,2.2,1235,0011000004,JSW VIJAYANAGAR METALLICS,25269843,5000078777,4600000181,80,29-07-25,101,HR,COIL,15961_2012,,,,,,98876447,MATCHED
2000,R_HR_CO,Hot Rolled Black Coil,25G0608R00,25.55,2001,2.5,1235,0011000004,JSW VIJAYANAGAR METALLICS,25269799,5000078779,4600000181,20,29-07-25,101,HR,COIL,15961_2012,,,,,,88705417,MATCHED
2000,R_HR_CO,Hot Rolled Black Coil,25G0610R00,25.645,2001,2.5,1235,0011000004,JSW VIJAYANAGAR METALLICS,25269850,5000078783,4600000181,20,29-07-25,101,HR,COIL,15961_2012,,,,,,95033306,MATCHED
2000,R_HR_CO,Hot Rolled Black Coil,25G0611R00,25.5,2001,2,1230,0011000004,JSW VIJAYANAGAR METALLICS,25269859,5000078785,4600000181,50,29-07-25,101,HR,COIL,15961_2012,,,,,,51015832,MATCHED
2000,R_HR_CO,Hot Rolled Black Coil,25G0612R00,27.78,2001,2,1230,0011000057,TATA STEEL MERAMANDLI,257023049,5000078784,4600000180,10,29-07-25,101,HR,COIL,15961_2012,,,,,,88753193,MATCHED
2000,R_HR_CO,Hot Rolled Black Coil,25G0614R00,22.445,2001,2.2,1235,0011000004,JSW VIJAYANAGAR METALLICS,25264587,5000078787,4600000181,10,29-07-25,101,HR,COIL,15961_2012,,,,,,11975063,MATCHED
2000,R_HR_CO,Hot Rolled Black Coil,25G0615R00,27.39,2001,2,1230,0011000057,TATA STEEL MERAMANDLI,257020058,5000078788,4600000180,10,29-07-25,101,HR,COIL,15961_2012,,,,,,62949583,MATCHED
2000,R_HR_CO,Hot Rolled Black Coil,25G0616R00,25.59,2001,2,1230,0011000004,JSW VIJAYANAGAR METALLICS,25269857,5000078789,4600000181,50,29-07-25,101,HR,COIL,15961_2012,,,,,,42642591,MATCHED
2000,R_HR_CO,Hot Rolled Black Coil,25G0617R00,25.625,2001,2.5,1235,0011000004,JSW VIJAYANAGAR METALLICS,25269786,5000078790,4600000181,20,29-07-25,101,HR,COIL,15961_2012,,,,,,50569125,MATCHED
2000,R_HR_CO,Hot Rolled Black Coil,25G0618R00,25.455,2001,2,1230,0011000004,JSW VIJAYANAGAR METALLICS,25269858,5000078791,4600000181,50,29-07-25,101,HR,COIL,15961_2012,,,,,,57693906,MATCHED
2000,R_HR_CO,Hot Rolled Black Coil,25G0619R00,27.55,2001,2,1230,0011000057,TATA STEEL MERAMANDLI,257023047,5000078793,4600000180,10,29-07-25,101,HR,COIL,15961_2012,,,,,,60172246,MATCHED
2000,R_HR_CO,Hot Rolled Black Coil,25G0620R00,25.21,2001,2.5,1235,0011000004,JSW VIJAYANAGAR METALLICS,25262634,5000078794,4600000181,30,29-07-25,101,HR,COIL,15961_2012,,,,,,87915124,MATCHED
2000,R_HR_CO,Hot Rolled Black Coil,25G0621R00,22.305,2001,2.2,1235,0011000004,JSW VIJAYANAGAR METALLICS,25262645,5000078796,4600000181,10,29-07-25,101,HR,COIL,15961_2012,,,,,,90090219,MATCHED
2000,R_HR_CO,Hot Rolled Black Coil,25G0622R00,27.64,2001,2,1230,0011000057,TATA STEEL MERAMANDLI,257023052,5000078797,4600000180,10,29-07-25,101,HR,COIL,15961_2012,,,,,,27815781,MATCHED
2000,R_HR_CO,Hot Rolled Black Coil,25G0623R00,25.7,2001,2.2,1235,0011000004,JSW VIJAYANAGAR METALLICS,25269868,5000078803,4600000181,80,29-07-25,101,HR,COIL,15961_2012,,,,,,36397614,MATCHED
2000,R_HR_CO,Hot Rolled Black Coil,25G0624R00,27.63,2001,2,1230,0011000057,TATA STEEL MERAMANDLI,257020053,5000078801,4600000180,10,29-07-25,101,HR,COIL,15961_2012,,,,,,91664580,MATCHED
2000,R_HR_CO,Hot Rolled Black Coil,25G0625R00,25.2,2001,2.5,1235,0011000004,JSW VIJAYANAGAR METALLICS,25262632,5000078800,4600000181,40,29-07-25,101,HR,COIL,15961_2012,,,,,,93450995,MATCHED
2000,R_HR_CO,Hot Rolled Black Coil,25G0626R00,22.335,2001,2.2,1235,0011000004,JSW VIJAYANAGAR METALLICS,25262637,5000078805,4600000181,10,29-07-25,101,HR,COIL,15961_2012,,,,,,91190319,MATCHED
2000,R_HR_CO,Hot Rolled Black Coil,25G0627R00,22.355,2001,2,1230,0011000004,JSW VIJAYANAGAR METALLICS,25262734,5000078808,4600000181,60,29-07-25,101,HR,COIL,15961_2012,,,,,,92800156,MATCHED
2000,R_HR_CO,Hot Rolled Black Coil,25G0628R00,20.515,2001,2.2,1235,0011000004,JSW VIJAYANAGAR METALLICS,25262746,5000078806,4600000181,10,29-07-25,101,HR,COIL,15961_2012,,,,,,39953597,MATCHED
2000,R_HR_CO,Hot Rolled Black Coil,25G0629R00,27.61,2001,2,1230,0011000057,TATA STEEL MERAMANDLI,257023051,5000078807,4600000180,10,29-07-25,101,HR,COIL,15961_2012,,,,,,87002994,MATCHED
2000,R_HR_CO,Hot Rolled Black Coil,25G0630R00,22.31,2001,2.5,1235,0011000004,JSW VIJAYANAGAR METALLICS,25262744,5000078811,4600000181,30,29-07-25,101,HR,COIL,15961_2012,,,,,,64090288,MATCHED
2000,R_HR_CO,Hot Rolled Black Coil,25G0631R00,27.58,2001,2,1230,0011000057,TATA STEEL MERAMANDLI,257023048,5000078809,4600000180,10,29-07-25,101,HR,COIL,15961_2012,,,,,,52815171,MATCHED
2000,R_HR_CO,Hot Rolled Black Coil,25G0632R00,19.875,2001,2,1230,0011000004,JSW VIJAYANAGAR METALLICS,25259712,5000078810,4600000181,70,29-07-25,101,HR,COIL,15961_2012,,,,,,18621384,MATCHED
2000,R_HR_CO,Hot Rolled Black Coil,25G0633R00,22.19,2001,2.2,1235,0011000004,JSW VIJAYANAGAR METALLICS,25266479,5000078812,4600000181,10,29-07-25,101,HR,COIL,15961_2012,,,,,,58347325,MATCHED
2000,R_HR_CO,Hot Rolled Black Coil,25G0634R00,27.62,2001,2,1230,0011000057,TATA STEEL MERAMANDLI,257020056,5000078813,4600000180,10,29-07-25,101,HR,COIL,15961_2012,,,,,,30346158,MATCHED
2000,R_HR_CO,Hot Rolled Black Coil,25G0635R00,22.36,2001,2,1230,0011000004,JSW VIJAYANAGAR METALLICS,25262733,5000078814,4600000181,60,29-07-25,101,HR,COIL,15961_2012,,,,,,71117985,MATCHED
2000,R_HR_CO,Hot Rolled Black Coil,25G0636R00,25.965,2001,2.2,1235,0011000004,JSW VIJAYANAGAR METALLICS,25269860,5000078850,4600000181,80,30-07-25,101,HR,COIL,15961_2012,,,,,,80740301,MATCHED
2000,R_HR_CO,Hot Rolled Black Coil,25G0637R00,22.49,2001,2.2,1235,0011000004,JSW VIJAYANAGAR METALLICS,25264585,5000078851,4600000181,10,30-07-25,101,HR,COIL,15961_2012,,,,,,51622981,MATCHED
2000,R_HR_CO,Hot Rolled Black Coil,25G0638R00,25.555,2001,2.2,1235,0011000004,JSW VIJAYANAGAR METALLICS,25269787,5000078852,4600000181,80,30-07-25,101,HR,COIL,15961_2012,,,,,,73201489,MATCHED
2000,R_HR_CO,Hot Rolled Black Coil,25G0641R00,25.665,2001,2.2,1235,0011000004,JSW VIJAYANAGAR METALLICS,25269879,5000078855,4600000181,80,30-07-25,101,HR,COIL,15961_2012,,,,,,86573881,MATCHED
2000,R_HR_CO,Hot Rolled Black Coil,25G0642R00,22.495,2001,2.5,1235,0011000004,JSW VIJAYANAGAR METALLICS,25262902,5000078856,4600000181,30,30-07-25,101,HR,COIL,15961_2012,,,,,,97808206,MATCHED
2000,R_HR_CO,Hot Rolled Black Coil,25G0644R00,21.52,2001,2.2,1235,0011000004,JSW VIJAYANAGAR METALLICS,25262842,5000078858,4600000181,10,30-07-25,101,HR,COIL,15961_2012,,,,,,67035549,MATCHED
2000,R_HR_CO,Hot Rolled Black Coil,25G0649R00,25.64,2001,2.2,1235,0011000004,JSW VIJAYANAGAR METALLICS,25269866,5000078865,4600000181,80,30-07-25,101,HR,COIL,15961_2012,,,,,,13069508,MATCHED
2000,R_HR_CO,Hot Rolled Black Coil,25G0652R00,22.515,2001,2.5,1235,0011000004,JSW VIJAYANAGAR METALLICS,25262910,5000078875,4600000181,30,30-07-25,101,HR,COIL,15961_2012,,,,,,98531983,MATCHED
2000,R_HR_CO,Hot Rolled Black Coil,25G0653R00,22.31,2001,2.2,1235,0011000004,JSW VIJAYANAGAR METALLICS,25262737,5000078876,4600000181,10,30-07-25,101,HR,COIL,15961_2012,,,,,,66766967,MATCHED
2000,R_HR_CO,Hot Rolled Black Coil,25G0654R00,22.29,2001,2.2,1235,0011000004,JSW VIJAYANAGAR METALLICS,25262749,5000078877,4600000181,10,30-07-25,101,HR,COIL,15961_2012,,,,,,32170326,MATCHED
2000,R_HR_CO,Hot Rolled Black Coil,25G0655R00,21.81,2001,2.5,1235,0011000004,JSW VIJAYANAGAR METALLICS,25259246,5000078878,4600000181,40,30-07-25,101,HR,COIL,15961_2012,,,,,,20632077,MATCHED
2000,R_HR_CO,Hot Rolled Black Coil,25G0656R00,22.3,2001,2.5,1235,0011000004,JSW VIJAYANAGAR METALLICS,25262743,5000078879,4600000181,30,30-07-25,101,HR,COIL,15961_2012,,,,,,74035639,MATCHED
2000,R_HR_CO,Hot Rolled Black Coil,25G0657R00,22.455,2001,2.2,1235,0011000004,JSW VIJAYANAGAR METALLICS,25262646,5000078880,4600000181,10,30-07-25,101,HR,COIL,15961_2012,,,,,,35009299,MATCHED
2000,R_HR_CO,Hot Rolled Black Coil,25G0658R00,22.325,2001,2.2,1235,0011000004,JSW VIJAYANAGAR METALLICS,25262738,5000078881,4600000181,10,30-07-25,101,HR,COIL,15961_2012,,,,,,84672321,MATCHED
2000,R_HR_CO,Hot Rolled Black Coil,25G0659R00,22.345,2001,2.5,1235,0011000004,JSW VIJAYANAGAR METALLICS,25262731,5000078884,4600000181,30,30-07-25,101,HR,COIL,15961_2012,,,,,,35541469,MATCHED
2000,R_HR_CO,Hot Rolled Black Coil,25G0660R00,25.42,2001,2,1230,0011000004,JSW VIJAYANAGAR METALLICS,25269801,5000078885,4600000181,50,30-07-25,101,HR,COIL,15961_2012,,,,,,40032361,MATCHED
2000,R_HR_CO,Hot Rolled Black Coil,25G0661R00,25.42,2001,2.5,1235,0011000004,JSW VIJAYANAGAR METALLICS,25262904,5000078886,4600000181,30,30-07-25,101,HR,COIL,15961_2012,,,,,,97892099,MATCHED
2000,R_HR_CO,Hot Rolled Black Coil,25G0662R00,27.73,2001,2.2,1235,0011000057,TATA STEEL MERAMANDLI,257063088,5000078909,4600000182,20,30-07-25,101,HR,COIL,15961_2012,,,,,,81728924,MATCHED
2000,R_HR_CO,Hot Rolled Black Coil,25G0663R00,27.76,2001,2.2,1235,0011000057,TATA STEEL MERAMANDLI,257065087,5000078910,4600000182,20,30-07-25,101,HR,COIL,15961_2012,,,,,,26232090,MATCHED
2000,R_HR_CO,Hot Rolled Black Coil,25G0664R00,27.71,2001,2.2,1235,0011000057,TATA STEEL MERAMANDLI,257065072,5000078913,4600000182,20,30-07-25,101,HR,COIL,15961_2012,,,,,,65999510,MATCHED
2000,R_HR_CO,Hot Rolled Black Coil,25G0665R00,28.69,2001,2.5,1235,0011000057,TATA STEEL MERAMANDLI,257063045,5000078915,4600000182,10,30-07-25,101,HR,COIL,15961_2012,,,,,,12420708,MATCHED
2000,R_HR_CO,Hot Rolled Black Coil,25G0666R00,28.73,2001,2.2,1235,0011000057,TATA STEEL MERAMANDLI,257063054,5000078917,4600000182,20,30-07-25,101,HR,COIL,15961_2012,,,,,,89704470,MATCHED
2000,R_HR_CO,Hot Rolled Black Coil,25G0667R00,27.45,2001,2.2,1235,0011000057,TATA STEEL MERAMANDLI,257065086,5000078918,4600000182,20,30-07-25,101,HR,COIL,15961_2012,,,,,,71883109,MATCHED
2000,R_HR_CO,Hot Rolled Black Coil,25G0668R00,27.44,2001,2.2,1235,0011000057,TATA STEEL MERAMANDLI,257063089,5000078919,4600000182,20,30-07-25,101,HR,COIL,15961_2012,,,,,,37275940,MATCHED
2000,R_HR_CO,Hot Rolled Black Coil,25G0669R00,28.72,2001,2.2,1235,0011000057,TATA STEEL MERAMANDLI,257062086,5000078922,4600000182,20,30-07-25,101,HR,COIL,15961_2012,,,,,,30766319,MATCHED
2000,R_HR_CO,Hot Rolled Black Coil,25G0670R00,27.46,2001,2.2,1235,0011000057,TATA STEEL MERAMANDLI,257065088,5000078925,4600000182,20,30-07-25,101,HR,COIL,15961_2012,,,,,,83971991,MATCHED
2000,R_HR_CO,Hot Rolled Black Coil,25G0671R00,28.74,2001,2.2,1235,0011000057,TATA STEEL MERAMANDLI,257062092,5000078926,4600000182,20,30-07-25,101,HR,COIL,15961_2012,,,,,,34486121,MATCHED
2000,R_HR_CO,Hot Rolled Black Coil,25G0672R00,27.49,2001,2.2,1235,0011000057,TATA STEEL MERAMANDLI,257065090,5000078927,4600000182,20,30-07-25,101,HR,COIL,15961_2012,,,,,,95089801,MATCHED
2000,R_HR_CO,Hot Rolled Black Coil,25G0673R00,27.47,2001,2.2,1235,0011000057,TATA STEEL MERAMANDLI,257065089,5000078930,4600000182,20,30-07-25,101,HR,COIL,15961_2012,,,,,,69863110,MATCHED
2000,R_HR_CO,Hot Rolled Black Coil,25G0674R00,27.59,2001,2.2,1235,0011000057,TATA STEEL MERAMANDLI,257025072,5000078931,4600000182,20,30-07-25,101,HR,COIL,15961_2012,,,,,,45341964,MATCHED
2000,R_HR_CO,Hot Rolled Black Coil,25G0675R00,27.64,2001,2.2,1235,0011000057,TATA STEEL MERAMANDLI,257065074,5000078932,4600000182,20,30-07-25,101,HR,COIL,15961_2012,,,,,,36452971,MATCHED
2000,R_HR_CO,Hot Rolled Black Coil,25G0676R00,22.355,2001,2.2,1235,0011000004,JSW VIJAYANAGAR METALLICS,25262741,5000078938,4600000181,10,30-07-25,101,HR,COIL,15961_2012,,,,,,61937982,MATCHED
2000,R_HR_CO,Hot Rolled Black Coil,25G0677R00,22.41,2001,2.5,1235,0011000004,JSW VIJAYANAGAR METALLICS,25262732,5000078940,4600000181,30,30-07-25,101,HR,COIL,15961_2012,,,,,,61928411,MATCHED
2000,R_HR_CO,Hot Rolled Black Coil,25G0678R00,27.62,2001,2,1230,0011000057,TATA STEEL MERAMANDLI,257023053,5000078946,4600000180,10,30-07-25,101,HR,COIL,15961_2012,,,,,,42178949,MATCHED
2000,R_HR_CO,Hot Rolled Black Coil,25G0679R00,22.315,2001,2.2,1235,0011000004,JSW VIJAYANAGAR METALLICS,25262742,5000078952,4600000181,10,30-07-25,101,HR,COIL,15961_2012,,,,,,13356715,MATCHED
2000,R_HR_CO,Hot Rolled Black Coil,25G0680R00,22.395,2001,2.2,1235,0011000004,JSW VIJAYANAGAR METALLICS,25262736,5000078953,4600000181,10,30-07-25,101,HR,COIL,15961_2012,,,,,,65577144,MATCHED
2000,R_HR_CO,Hot Rolled Black Coil,25G0681R00,22.345,2001,2.2,1235,0011000004,JSW VIJAYANAGAR METALLICS,25262740,5000078955,4600000181,10,30-07-25,101,HR,COIL,15961_2012,,,,,,80510612,MATCHED
2000,R_HR_CO,Hot Rolled Black Coil,25G0682R00,25.98,2001,2.2,1235,0011000004,JSW VIJAYANAGAR METALLICS,25269788,5000078957,4600000181,80,30-07-25,101,HR,COIL,15961_2012,,,,,,23105628,MATCHED
2000,R_HR_CO,Hot Rolled Black Coil,25G0683R00,20.615,2001,2.5,1235,0011000004,JSW VIJAYANAGAR METALLICS,25262836,5000078974,4600000181,30,30-07-25,101,HR,COIL,15961_2012,,,,,,99616401,MATCHED
2000,R_HR_CO,Hot Rolled Black Coil,25G0684R00,22.545,2001,2.5,1235,0011000004,JSW VIJAYANAGAR METALLICS,25262908,5000078975,4600000181,30,30-07-25,101,HR,COIL,15961_2012,,,,,,53117624,MATCHED
2000,R_HR_CO,Hot Rolled Black Coil,25G0685R00,20.42,2001,2.2,1235,11000004,JSW VIJAYANAGAR METALLICS,25262747,5000078976,4600000181,10,30-07-25,101,HR,COIL,15961_2012,,,,,,76495625,MATCHED
2000,R_HR_CO,Hot Rolled Black Coil,25G0686R00,22.325,2001,2.2,1235,0011000004,JSW VIJAYANAGAR METALLICS,25262726,5000078977,4600000181,10,30-07-25,101,HR,COIL,15961_2012,,,,,,99333918,MATCHED
2000,R_HR_CO,Hot Rolled Black Coil,25G0687R00,22.325,2001,2.2,1235,0011000004,JSW VIJAYANAGAR METALLICS,25262641,5000078978,4600000181,10,30-07-25,101,HR,COIL,15961_2012,,,,,,39340160,MATCHED
2000,R_HR_CO,Hot Rolled Black Coil,25G0688R00,22.17,2001,2.2,1235,0011000004,JSW VIJAYANAGAR METALLICS,25262642,5000078979,4600000181,10,30-07-25,101,HR,COIL,15961_2012,,,,,,25497569,MATCHED
2000,R_HR_CO,Hot Rolled Black Coil,25G0689R00,25.57,2001,2.2,1235,0011000004,JSW VIJAYANAGAR METALLICS,25269853,5000078980,4600000181,80,30-07-25,101,HR,COIL,15961_2012,,,,,,92648520,MATCHED
2000,R_HR_CO,Hot Rolled Black Coil,25G0690R00,22.485,2001,2.2,1235,0011000004,JSW VIJAYANAGAR METALLICS,25262845,5000078981,4600000181,10,31-07-25,101,HR,COIL,15961_2012,,,,,,12964442,MATCHED
2000,R_HR_CO,Hot Rolled Black Coil,25G0691R00,28.85,2001,2.2,1235,0011000057,TATA STEEL MERAMANDLI,257025066,5000078984,4600000182,20,31-07-25,101,HR,COIL,15961_2012,,,,,,58474205,MATCHED
2000,R_HR_CO,Hot Rolled Black Coil,25G0692R00,28.69,2001,2.5,1235,0011000057,TATA STEEL MERAMANDLI,256915090,5000078985,4600000182,10,31-07-25,101,HR,COIL,15961_2012,,,,,,96266799,MATCHED
2000,R_HR_CO,Hot Rolled Black Coil,25G0693R00,27.515,2001,2,1230,0011000057,TATA STEEL MERAMANDLI,257027046,5000078986,4600000182,30,31-07-25,101,HR,COIL,15961_2012,,,,,,11693917,MATCHED
2000,R_HR_CO,Hot Rolled Black Coil,25G0694R00,28.67,2001,2.2,1235,0011000057,TATA STEEL MERAMANDLI,257063056,5000078987,4600000182,20,31-07-25,101,HR,COIL,15961_2012,,,,,,46348841,MATCHED
2000,R_HR_CO,Hot Rolled Black Coil,25G0695R00,26.95,2001,2.2,1235,0011000057,TATA STEEL MERAMANDLI,256915100B,5000078988,4600000182,20,31-07-25,101,HR,COIL,15961_2012,,,,,,92959359,MATCHED
2000,R_HR_CO,Hot Rolled Black Coil,25G0696R00,28.96,2001,2.5,1235,0011000057,TATA STEEL MERAMANDLI,257061063,5000078989,4600000182,10,31-07-25,101,HR,COIL,15961_2012,,,,,,26084483,MATCHED
2000,R_HR_CO,Hot Rolled Black Coil,25G0697R00,28.76,2001,2.2,1235,0011000057,TATA STEEL MERAMANDLI,257062093,5000078990,4600000182,20,31-07-25,101,HR,COIL,15961_2012,,,,,,88399457,MATCHED
2000,R_HR_CO,Hot Rolled Black Coil,25G0698R00,27.65,2001,2.5,1235,0011000057,TATA STEEL MERAMANDLI,257066106,5000078991,4600000182,10,31-07-25,101,HR,COIL,15961_2012,,,,,,28578812,MATCHED
2000,R_HR_CO,Hot Rolled Black Coil,25G0699R00,27.43,2001,2.5,1235,0011000057,TATA STEEL MERAMANDLI,257066107,5000078992,4600000182,10,31-07-25,101,HR,COIL,15961_2012,,,,,,83210759,MATCHED
2000,R_HR_CO,Hot Rolled Black Coil,25G0700R00,27.61,2001,2.5,1235,0011000057,TATA STEEL MERAMANDLI,257064047,5000078993,4600000182,10,31-07-25,101,HR,COIL,15961_2012,,,,,,46058877,MATCHED
2000,R_HR_CO,Hot Rolled Black Coil,25G0701R00,28.8,2001,2.2,1235,0011000057,TATA STEEL MERAMANDLI,257062088,5000078994,4600000182,20,31-07-25,101,HR,COIL,15961_2012,,,,,,90023172,MATCHED
2000,R_HR_CO,Hot Rolled Black Coil,25G0702R00,27.62,2001,2.5,1235,0011000057,TATA STEEL MERAMANDLI,257066104,5000078995,4600000182,10,31-07-25,101,HR,COIL,15961_2012,,,,,,71115917,MATCHED
2000,R_HR_CO,Hot Rolled Black Coil,25G0703R00,27.62,2001,2.2,1235,0011000057,TATA STEEL MERAMANDLI,257065073,5000078996,4600000182,20,31-07-25,101,HR,COIL,15961_2012,,,,,,37072490,MATCHED
2000,R_HR_CO,Hot Rolled Black Coil,25G0704R00,27.75,2001,2.2,1235,0011000057,TATA STEEL MERAMANDLI,257065069,5000078997,4600000182,20,31-07-25,101,HR,COIL,15961_2012,,,,,,78339135,MATCHED
2000,R_HR_CO,Hot Rolled Black Coil,25G0705R00,27.63,2001,2.2,1235,0011000057,TATA STEEL MERAMANDLI,257064065,5000078998,4600000182,20,31-07-25,101,HR,COIL,15961_2012,,,,,,75199850,MATCHED
2000,R_HR_CO,Hot Rolled Black Coil,25G0706R00,27.48,2001,2.2,1235,0011000057,TATA STEEL MERAMANDLI,257064062,5000078999,4600000182,20,31-07-25,101,HR,COIL,15961_2012,,,,,,66971631,MATCHED
2000,R_HR_CO,Hot Rolled Black Coil,25G0707R00,28.77,2001,2.2,1235,0011000057,TATA STEEL MERAMANDLI,257062089,5000079000,4600000182,20,31-07-25,101,HR,COIL,15961_2012,,,,,,15164305,MATCHED
2000,R_HR_CO,Hot Rolled Black Coil,25G0708R00,27.65,2001,2.5,1235,0011000057,TATA STEEL MERAMANDLI,257065076,5000079001,4600000182,10,31-07-25,101,HR,COIL,15961_2012,,,,,,71972640,MATCHED
2000,R_HR_CO,Hot Rolled Black Coil,25G0709R00,27.43,2001,2.2,1235,0011000057,TATA STEEL MERAMANDLI,257064060,5000079002,4600000182,20,31-07-25,101,HR,COIL,15961_2012,,,,,,11552616,MATCHED
2000,R_HR_CO,Hot Rolled Black Coil,25G0710R00,27.73,2001,2.2,1235,0011000057,TATA STEEL MERAMANDLI,257065068,5000079003,4600000182,20,31-07-25,101,HR,COIL,15961_2012,,,,,,12464377,MATCHED
2000,R_HR_CO,Hot Rolled Black Coil,25G0711R00,27.71,2001,2.2,1235,0011000057,TATA STEEL MERAMANDLI,257064063,5000079004,4600000182,20,31-07-25,101,HR,COIL,15961_2012,,,,,,58125273,MATCHED
2000,R_HR_CO,Hot Rolled Black Coil,25G0712R00,27.53,2001,2.2,1235,0011000057,TATA STEEL MERAMANDLI,257063070,5000079006,4600000182,20,31-07-25,101,HR,COIL,15961_2012,,,,,,55208548,MATCHED
2000,R_HR_CO,Hot Rolled Black Coil,25G0713R00,28.8,2001,2.2,1235,0011000057,TATA STEEL MERAMANDLI,257062091,5000079005,4600000182,20,31-07-25,101,HR,COIL,15961_2012,,,,,,63423896,MATCHED
2000,R_HR_CO,Hot Rolled Black Coil,25G0714R00,27.73,2001,2.5,1235,0011000057,TATA STEEL MERAMANDLI,257065078,5000079008,4600000182,10,31-07-25,101,HR,COIL,15961_2012,,,,,,80387095,MATCHED
2000,R_HR_CO,Hot Rolled Black Coil,25G0715R00,27.69,2001,2.5,1235,0011000057,TATA STEEL MERAMANDLI,257066105,5000079007,4600000182,10,31-07-25,101,HR,COIL,15961_2012,,,,,,90017069,MATCHED
2000,R_HR_CO,Hot Rolled Black Coil,25G0716R00,27.3,2001,2.5,1235,0011000057,TATA STEEL MERAMANDLI,257065061,5000079009,4600000182,10,31-07-25,101,HR,COIL,15961_2012,,,,,,55354295,MATCHED
2000,R_HR_CO,Hot Rolled Black Coil,25G0717R00,27.54,2001,2.2,1235,0011000057,TATA STEEL MERAMANDLI,257064074,5000079010,4600000182,20,31-07-25,101,HR,COIL,15961_2012,,,,,,60785516,MATCHED
2000,R_HR_CO,Hot Rolled Black Coil,25G0718R00,27.54,2001,2.5,1235,0011000057,TATA STEEL MERAMANDLI,257064050,5000079011,4600000182,10,31-07-25,101,HR,COIL,15961_2012,,,,,,26808555,MATCHED
2000,R_HR_CO,Hot Rolled Black Coil,25G0719R00,27.57,2001,2.5,1235,0011000057,TATA STEEL MERAMANDLI,257063062,5000079012,4600000182,10,31-07-25,101,HR,COIL,15961_2012,,,,,,70162357,MATCHED
2000,R_HR_CO,Hot Rolled Black Coil,25G0720R00,27.7,2001,2.2,1235,0011000057,TATA STEEL MERAMANDLI,257065071,5000079013,4600000182,20,31-07-25,101,HR,COIL,15961_2012,,,,,,43586278,MATCHED
2000,R_HR_CO,Hot Rolled Black Coil,25G0721R00,27.61,2001,2.2,1235,0011000057,TATA STEEL MERAMANDLI,257064069,5000079014,4600000182,20,31-07-25,101,HR,COIL,15961_2012,,,,,,60925989,MATCHED
2000,R_HR_CO,Hot Rolled Black Coil,25G0722R00,28.61,2001,2.2,1235,0011000057,TATA STEEL MERAMANDLI,257063055,5000079015,4600000182,20,31-07-25,101,HR,COIL,15961_2012,,,,,,47549599,MATCHED
2000,R_HR_CO,Hot Rolled Black Coil,25G0723R00,27.53,2001,2.2,1235,0011000057,TATA STEEL MERAMANDLI,257063059,5000079016,4600000182,20,31-07-25,101,HR,COIL,15961_2012,,,,,,89539214,MATCHED
2000,R_HR_CO,Hot Rolled Black Coil,25G0724R00,20.95,2001,2.5,1235,0011000057,TATA STEEL MERAMANDLI,257026055,5000079017,4600000182,10,31-07-25,101,HR,COIL,15961_2012,,,,,,33198290,MATCHED
2000,R_HR_CO,Hot Rolled Black Coil,25G0725R00,21.11,2001,2,1230,0011000057,TATA STEEL MERAMANDLI,257021063,5000079017,4600000182,30,31-07-25,101,HR,COIL,15961_2012,,,,,,70849637,MATCHED
2000,R_HR_CO,Hot Rolled Black Coil,25G0726R00,27.68,2001,2.2,1235,0011000057,TATA STEEL MERAMANDLI,257065075,5000079018,4600000182,20,31-07-25,101,HR,COIL,15961_2012,,,,,,86506083,MATCHED
2000,R_HR_CO,Hot Rolled Black Coil,25G0727R00,20.77,2001,2.5,1235,0011000057,TATA STEEL MERAMANDLI,257051072,5000079019,4600000182,10,31-07-25,101,HR,COIL,15961_2012,,,,,,69472388,MATCHED
2000,R_HR_CO,Hot Rolled Black Coil,25G0728R00,27.53,2001,2.5,1235,0011000057,TATA STEEL MERAMANDLI,257065060,5000079020,4600000182,10,31-07-25,101,HR,COIL,15961_2012,,,,,,78404007,MATCHED
2000,R_HR_CO,Hot Rolled Black Coil,25G0729R00,27.7,2001,2.2,1235,0011000057,TATA STEEL MERAMANDLI,257065070,5000079021,4600000182,20,31-07-25,101,HR,COIL,15961_2012,,,,,,55036890,MATCHED
2000,R_HR_CO,Hot Rolled Black Coil,25G0730R00,22.435,2001,2.5,1235,0011000004,JSW VIJAYANAGAR METALLICS,25262730,5000079028,4600000181,30,31-07-25,101,HR,COIL,15961_2012,,,,,,44908569,MATCHED
2000,R_HR_CO,Hot Rolled Black Coil,25G0731R00,27.77,2001,2.5,1235,0011000057,TATA STEEL MERAMANDLI,257025062A,5000079031,4600000182,10,31-07-25,101,HR,COIL,15961_2012,,,,,,22744224,MATCHED
2000,R_HR_CO,Hot Rolled Black Coil,25G0732R00,28.77,2001,2.2,1235,0011000057,TATA STEEL MERAMANDLI,257025056,5000079032,4600000182,20,31-07-25,101,HR,COIL,15961_2012,,,,,,91450851,MATCHED
2000,R_HR_CO,Hot Rolled Black Coil,25G0733R00,27.57,2001,2.2,1235,0011000057,TATA STEEL MERAMANDLI,257064051,5000079040,4600000182,20,31-07-25,101,HR,COIL,15961_2012,,,,,,30173764,MATCHED
2000,R_HR_CO,Hot Rolled Black Coil,25G0734R00,27.59,2001,2.2,1235,0011000057,TATA STEEL MERAMANDLI,257064057,5000079042,4600000182,20,31-07-25,101,HR,COIL,15961_2012,,,,,,94151831,MATCHED
2000,R_HR_CO,Hot Rolled Black Coil,25G0735R00,27.61,2001,2.2,1235,0011000057,TATA STEEL MERAMANDLI,257064075,5000079043,4600000182,20,31-07-25,101,HR,COIL,15961_2012,,,,,,87200552,MATCHED
2000,R_HR_CO,Hot Rolled Black Coil,25G0736R00,28.86,2001,2.5,1235,0011000057,TATA STEEL MERAMANDLI,257058075,5000079045,4600000182,10,31-07-25,101,HR,COIL,15961_2012,,,,,,13586655,MATCHED
2000,R_HR_CO,Hot Rolled Black Coil,25G0737R00,27.85,2001,2.5,1235,0011000057,TATA STEEL MERAMANDLI,257065082,5000079046,4600000182,10,31-07-25,101,HR,COIL,15961_2012,,,,,,73694618,MATCHED
2000,R_HR_CO,Hot Rolled Black Coil,25G0738R00,27.63,2001,2.2,1235,0011000057,TATA STEEL MERAMANDLI,257064048,5000079047,4600000182,20,31-07-25,101,HR,COIL,15961_2012,,,,,,82277938,MATCHED
2000,R_HR_CO,Hot Rolled Black Coil,25G0739R00,28.66,2001,2,1230,0011000057,TATA STEEL MERAMANDLI,257046088,5000079048,4600000182,30,31-07-25,101,HR,COIL,15961_2012,,,,,,62036818,MATCHED
2000,R_HR_CO,Hot Rolled Black Coil,25G0740R00,27.49,2001,2.5,1235,0011000057,TATA STEEL MERAMANDLI,257065079,5000079051,4600000182,10,31-07-25,101,HR,COIL,15961_2012,,,,,,71325236,MATCHED
2000,R_HR_CO,Hot Rolled Black Coil,25G0741R00,28.82,2001,2.2,1235,0011000057,TATA STEEL MERAMANDLI,257063051,5000079052,4600000182,20,31-07-25,101,HR,COIL,15961_2012,,,,,,39183349,MATCHED
2000,R_HR_CO,Hot Rolled Black Coil,25G0742R00,27.71,2001,2.5,1235,0011000057,TATA STEEL MERAMANDLI,257065077,5000079054,4600000182,10,31-07-25,101,HR,COIL,15961_2012,,,,,,87487892,MATCHED
2000,R_HR_CO,Hot Rolled Black Coil,25G0743R00,28.74,2001,2.2,1235,0011000057,TATA STEEL MERAMANDLI,257063053,5000079061,4600000182,20,31-07-25,101,HR,COIL,15961_2012,,,,,,62706430,MATCHED
2000,R_HR_CO,Hot Rolled Black Coil,25G0744R00,27.6,2001,2.2,1235,0011000057,TATA STEEL MERAMANDLI,257064045,5000079062,4600000182,20,31-07-25,101,HR,COIL,15961_2012,,,,,,70831818,MATCHED
2000,R_HR_CO,Hot Rolled Black Coil,25G0745R00,27.57,2001,2.5,1235,0011000057,TATA STEEL MERAMANDLI,257063061,5000079063,4600000182,10,31-07-25,101,HR,COIL,15961_2012,,,,,,27726588,MATCHED
2000,R_HR_CO,Hot Rolled Black Coil,25G0746R00,27.61,2001,2.2,1235,0011000057,TATA STEEL MERAMANDLI,257064044,5000079064,4600000182,20,31-07-25,101,HR,COIL,15961_2012,,,,,,37751658,MATCHED
2000,R_HR_CO,Hot Rolled Black Coil,25G0747R00,27.61,2001,2.2,1235,0011000057,TATA STEEL MERAMANDLI,257063075,5000079065,4600000182,20,31-07-25,101,HR,COIL,15961_2012,,,,,,70587518,MATCHED
2000,R_HR_CO,Hot Rolled Black Coil,25G0748R00,28.77,2001,2.2,1235,0011000057,TATA STEEL MERAMANDLI,257062087,5000079067,4600000182,20,31-07-25,101,HR,COIL,15961_2012,,,,,,99013408,MATCHED
2000,R_HR_CO,Hot Rolled Black Coil,25G0749R00,27.84,2001,2.5,1235,0011000057,TATA STEEL MERAMANDLI,257065081,5000079068,4600000182,10,31-07-25,101,HR,COIL,15961_2012,,,,,,12002326,MATCHED
2000,R_HR_CO,Hot Rolled Black Coil,25G0750R00,28.78,2001,2.2,1235,0011000057,TATA STEEL MERAMANDLI,257063060,5000079069,4600000182,20,31-07-25,101,HR,COIL,15961_2012,,,,,,80166274,MATCHED
2000,R_HR_CO,Hot Rolled Black Coil,25G0751R00,28.83,2001,2.2,1235,0011000057,TATA STEEL MERAMANDLI,257062090,5000079071,4600000182,20,31-07-25,101,HR,COIL,15961_2012,,,,,,50753172,MATCHED
2000,R_HR_CO,Hot Rolled Black Coil,25G0752R00,28.78,2001,2,1230,0011000057,TATA STEEL MERAMANDLI,257063080,5000079073,4600000182,30,31-07-25,101,HR,COIL,15961_2012,,,,,,77194714,MATCHED
2000,R_HR_CO,Hot Rolled Black Coil,25G0754R00,27.56,2001,2.2,1235,0011000057,TATA STEEL MERAMANDLI,257063076,5000079089,4600000182,20,31-07-25,101,HR,COIL,15961_2012,,,,,,98548431,MATCHED
2000,R_HR_CO,Hot Rolled Black Coil,25G0755R00,27.61,2001,2,1230,0011000057,TATA STEEL MERAMANDLI,257027053,5000079090,4600000182,30,31-07-25,101,HR,COIL,15961_2012,,,,,,21000683,MATCHED
2000,R_HR_CO,Hot Rolled Black Coil,25G0756R00,27.56,2001,2,1230,0011000057,TATA STEEL MERAMANDLI,257063079,5000079094,4600000182,30,31-07-25,101,HR,COIL,15961_2012,,,,,,99301854,MATCHED
2000,R_HR_CO,Hot Rolled Black Coil,25G0757R00,27.61,2001,2,1230,0011000057,TATA STEEL MERAMANDLI,257063081,5000079099,4600000182,30,31-07-25,101,HR,COIL,15961_2012,,,,,,28635841,MATCHED
2000,R_HR_CO,Hot Rolled Black Coil,25G0758R00,27.54,2001,2.2,1235,0011000057,TATA STEEL MERAMANDLI,257063058,5000079124,4600000182,20,31-07-25,101,HR,COIL,15961_2012,,,,,,68470121,MATCHED
2000,R_HR_CO,Hot Rolled Black Coil,25H0001R00,20.88,2001,2,1230,0011000057,TATA STEEL MERAMANDLI,257027070,5000079142,4600000182,30,01-08-25,101,HR,COIL,15961_2012,,,,,,11714507,MATCHED
2000,R_HR_CO,Hot Rolled Black Coil,25H0002R00,28.78,2001,2.2,1235,0011000057,TATA STEEL MERAMANDLI,257063052,5000079144,4600000182,20,01-08-25,101,HR,COIL,15961_2012,,,,,,43053528,MATCHED
2000,R_HR_CO,Hot Rolled Black Coil,25H0003R00,21.07,2001,2,1230,0011000057,TATA STEEL MERAMANDLI,257022075,5000079143,4600000182,30,01-08-25,101,HR,COIL,15961_2012,,,,,,23732490,MATCHED
2000,R_HR_CO,Hot Rolled Black Coil,25H0004R00,29.14,2001,2.5,1235,0011000057,TATA STEEL MERAMANDLI,257063066,5000079145,4600000182,10,01-08-25,101,HR,COIL,15961_2012,,,,,,21662237,MATCHED
2000,R_HR_CO,Hot Rolled Black Coil,25H0006R00,24.69,2001,2,1260,0011000057,TATA STEEL MERAMANDLI,257062059,5000079146,4600000182,40,01-08-25,101,HR,COIL,15961_2012,,,,,,31469578,MATCHED
2000,R_HR_CO,Hot Rolled Black Coil,25H0007R00,27.71,2001,2.5,1235,0011000057,TATA STEEL MERAMANDLI,257065080,5000079147,4600000182,10,01-08-25,101,HR,COIL,15961_2012,,,,,,42545967,MATCHED
2000,R_HR_CO,Hot Rolled Black Coil,25H0008R00,28.66,2001,2.2,1235,0011000057,TATA STEEL MERAMANDLI,257059089,5000079148,4600000182,20,01-08-25,101,HR,COIL,15961_2012,,,,,,22901867,MATCHED
2000,R_HR_CO,Hot Rolled Black Coil,25H0009R00,27.47,2001,2.2,1235,0011000057,TATA STEEL MERAMANDLI,257063086,5000079149,4600000182,20,01-08-25,101,HR,COIL,15961_2012,,,,,,59894358,MATCHED
2000,R_HR_CO,Hot Rolled Black Coil,25H0010R00,27.44,2001,2.2,1235,0011000057,TATA STEEL MERAMANDLI,257065062,5000079151,4600000182,20,01-08-25,101,HR,COIL,15961_2012,,,,,,82436935,MATCHED
2000,R_HR_CO,Hot Rolled Black Coil,25H0011R00,27.53,2001,2.2,1235,0011000057,TATA STEEL MERAMANDLI,257063049,5000079150,4600000182,20,01-08-25,101,HR,COIL,15961_2012,,,,,,57249398,MATCHED
2000,R_HR_CO,Hot Rolled Black Coil,25H0012R00,28.51,2001,2.5,1235,0011000057,TATA STEEL MERAMANDLI,257025044,5000079152,4600000182,10,01-08-25,101,HR,COIL,15961_2012,,,,,,70761698,MATCHED
2000,R_HR_CO,Hot Rolled Black Coil,25H0013R00,20.87,2001,2.5,1235,0011000057,TATA STEEL MERAMANDLI,257027059,5000079154,4600000182,10,01-08-25,101,HR,COIL,15961_2012,,,,,,63965215,MATCHED
2000,R_HR_CO,Hot Rolled Black Coil,25H0014R00,29.08,2001,2.2,1235,0011000057,TATA STEEL MERAMANDLI,257063069,5000079153,4600000182,20,01-08-25,101,HR,COIL,15961_2012,,,,,,19523793,MATCHED
2000,R_HR_CO,Hot Rolled Black Coil,25H0015R00,29.16,2001,2.5,1235,0011000057,TATA STEEL MERAMANDLI,257063067,5000079155,4600000182,10,01-08-25,101,HR,COIL,15961_2012,,,,,,50852078,MATCHED
2000,R_HR_CO,Hot Rolled Black Coil,25H0016R00,27.56,2001,2,1230,0011000057,TATA STEEL MERAMANDLI,257063077,5000079156,4600000182,30,01-08-25,101,HR,COIL,15961_2012,,,,,,42659137,MATCHED
2000,R_HR_CO,Hot Rolled Black Coil,25H0017R00,27.65,2001,2,1230,0011000057,TATA STEEL MERAMANDLI,257063078,5000079157,4600000182,30,01-08-25,101,HR,COIL,15961_2012,,,,,,79320972,MATCHED
2000,R_HR_CO,Hot Rolled Black Coil,25H0018R00,20.93,2001,2.5,1235,0011000057,TATA STEEL MERAMANDLI,257027057,5000079158,4600000182,10,01-08-25,101,HR,COIL,15961_2012,,,,,,50514137,MATCHED
2000,R_HR_CO,Hot Rolled Black Coil,25H0019R00,27.69,2001,2,1230,0011000057,TATA STEEL MERAMANDLI,257027051,5000079159,4600000182,30,01-08-25,101,HR,COIL,15961_2012,,,,,,63620248,MATCHED
2000,R_HR_CO,Hot Rolled Black Coil,25H0020R00,27.59,2001,2.2,1235,0011000057,TATA STEEL MERAMANDLI,257063068,5000079161,4600000182,20,01-08-25,101,HR,COIL,15961_2012,,,,,,72323473,MATCHED
2000,R_HR_CO,Hot Rolled Black Coil,25H0021R00,27.68,2001,2.2,1235,0011000057,TATA STEEL MERAMANDLI,257065065,5000079162,4600000182,20,01-08-25,101,HR,COIL,15961_2012,,,,,,27066982,MATCHED
2000,R_HR_CO,Hot Rolled Black Coil,25H0022R00,20.89,2001,2.5,1235,0011000057,TATA STEEL MERAMANDLI,257027058,5000079166,4600000182,10,01-08-25,101,HR,COIL,15961_2012,,,,,,59442012,MATCHED
2000,R_HR_CO,Hot Rolled Black Coil,25H0023R00,24.65,2001,2,1260,0011000057,TATA STEEL MERAMANDLI,257062060,5000079168,4600000182,40,01-08-25,101,HR,COIL,15961_2012,,,,,,20573375,MATCHED
2000,R_HR_CO,Hot Rolled Black Coil,25H0027R00,27.32,2001,2.5,1235,0011000057,TATA STEEL MERAMANDLI,257065083,5000079180,4600000182,10,01-08-25,101,HR,COIL,15961_2012,,,,,,40445711,MATCHED
2000,R_HR_CO,Hot Rolled Black Coil,25H0028R00,27.57,2001,2.5,1235,0011000057,TATA STEEL MERAMANDLI,257063064,5000079181,4600000182,10,01-08-25,101,HR,COIL,15961_2012,,,,,,48369672,MATCHED
2000,R_HR_CO,Hot Rolled Black Coil,25H0029R00,27.77,2001,2,1230,0011000057,TATA STEEL MERAMANDLI,257027047,5000079182,4600000182,30,01-08-25,101,HR,COIL,15961_2012,,,,,,26355341,MATCHED
2000,R_HR_CO,Hot Rolled Black Coil,25H0030R00,27.54,2001,2.2,1235,0011000057,TATA STEEL MERAMANDLI,257063050,5000079184,4600000182,20,01-08-25,101,HR,COIL,15961_2012,,,,,,63963320,MATCHED
2000,R_HR_CO,Hot Rolled Black Coil,25H0031R00,27.68,2001,2.2,1235,0011000057,TATA STEEL MERAMANDLI,257065066,5000079186,4600000182,20,01-08-25,101,HR,COIL,15961_2012,,,,,,75248513,MATCHED
2000,R_HR_CO,Hot Rolled Black Coil,25H0032R00,27.49,2001,2.2,1235,0011000057,TATA STEEL MERAMANDLI,257063087,5000079188,4600000182,20,01-08-25,101,HR,COIL,15961_2012,,,,,,29112103,MATCHED
2000,R_HR_CO,Hot Rolled Black Coil,25H0033R00,27.72,2001,2,1230,0011000057,TATA STEEL MERAMANDLI,257027048,5000079204,4600000182,30,01-08-25,101,HR,COIL,15961_2012,,,,,,39248415,MATCHED
2000,R_HR_CO,Hot Rolled Black Coil,25H0034R00,20.89,2001,2.5,1235,0011000057,TATA STEEL MERAMANDLI,257027074,5000079205,4600000182,10,01-08-25,101,HR,COIL,15961_2012,,,,,,74107652,MATCHED
2000,R_HR_CO,Hot Rolled Black Coil,25H0035R00,27.51,2001,2.5,1235,0011000057,TATA STEEL MERAMANDLI,257065084,5000079209,4600000182,10,02-08-25,101,HR,COIL,15961_2012,,,,,,39493837,MATCHED
2000,R_HR_CO,Hot Rolled Black Coil,25H0036R00,27.54,2001,2.5,1235,0011000057,TATA STEEL MERAMANDLI,257028062,5000079210,4600000182,10,02-08-25,101,HR,COIL,15961_2012,,,,,,35955299,MATCHED
2000,R_HR_CO,Hot Rolled Black Coil,25H0037R00,28.68,2001,2.2,1235,0011000057,TATA STEEL MERAMANDLI,257063057,5000079211,4600000182,20,02-08-25,101,HR,COIL,15961_2012,,,,,,38903672,MATCHED
2000,R_HR_CO,Hot Rolled Black Coil,25H0038R00,27.64,2001,2.2,1235,0011000057,TATA STEEL MERAMANDLI,257065064,5000079212,4600000182,20,02-08-25,101,HR,COIL,15961_2012,,,,,,50798077,MATCHED
2000,R_HR_CO,Hot Rolled Black Coil,25H0039R00,28.81,2001,2.2,1235,0011000057,TATA STEEL MERAMANDLI,257059088,5000079213,4600000182,20,02-08-25,101,HR,COIL,15961_2012,,,,,,88590064,MATCHED
2000,R_HR_CO,Hot Rolled Black Coil,25H0040R00,27.79,2001,2.2,1235,0011000057,TATA STEEL MERAMANDLI,257065063,5000079214,4600000182,20,02-08-25,101,HR,COIL,15961_2012,,,,,,27776025,MATCHED
2000,R_HR_CO,Hot Rolled Black Coil,25H0041R00,27.57,2001,2.2,1235,0011000057,TATA STEEL MERAMANDLI,257065067,5000079215,4600000182,20,02-08-25,101,HR,COIL,15961_2012,,,,,,97107369,MATCHED
2000,R_HR_CO,Hot Rolled Black Coil,25H0042R00,28.72,2001,2.2,1235,0011000057,TATA STEEL MERAMANDLI,257062084,5000079216,4600000182,20,02-08-25,101,HR,COIL,15961_2012,,,,,,98241624,MATCHED
2000,R_HR_CO,Hot Rolled Black Coil,25H0043R00,28.99,2001,2.5,1235,0011000057,ANM Ispat Private Limited,257061049,5000079258,4600000182,10,26-07-25,101,HRC,COIL,11513:2017,BIS,cr3,72083990,N,7.453,71033429,MATCHED
2000,R_HR_CO,Hot Rolled Black Coil,25H0044R00,26.05,2001,2.5,1235,0011000057,ANM Ispat Private Limited,257061079,5000079259,4600000182,10,26-07-25,101,HRC,COIL,11513:2017,BIS,cr3,72083990,N,7.453,91421307,MATCHED
2000,R_HR_CO,Hot Rolled Black Coil,25H0045R00,27.41,2001,2.2,1235,0011000057,ANM Ispat Private Limited,257056085,5000079260,4600000182,20,26-07-25,101,HRC,COIL,11513:2017,BIS,cr3,72083990,N,7.453,50026264,MATCHED
2000,R_HR_CO,Hot Rolled Black Coil,25H0046R00,28.87,2001,2.2,1235,0011000057,ANM Ispat Private Limited,257025073,5000079261,4600000182,20,26-07-25,101,HRC,COIL,11513:2017,BIS,cr3,72083990,N,7.453,86438215,MATCHED
2000,R_HR_CO,Hot Rolled Black Coil,25H0047R00,25.165,2001,2.5,1235,0011000004,Abhay Ispat (India) Pvt Ltd,25262840,5000079271,4600000181,30,25-07-25,101,HRC,COIL,11513:2017,BIS,cr3,72083990,N,7.453,16787082,MATCHED
2000,R_HR_CO,Hot Rolled Black Coil,25H0048R00,26.915,2001,2.2,1235,0011000004,Abhay Ispat (India) Pvt Ltd,25271905,5000079272,4600000181,80,25-07-25,101,HRC,COIL,11513:2017,BIS,cr3,72083990,N,7.453,29484075,MATCHED
2000,R_HR_CO,Hot Rolled Black Coil,25H0049R00,21.7,2001,2.2,1235,0011000004,Abhay Ispat (India) Pvt Ltd,25263275,5000079273,4600000181,10,25-07-25,101,HRC,COIL,11513:2017,BIS,cr3,72083990,N,7.453,92198616,MATCHED
2000,R_HR_CO,Hot Rolled Black Coil,25H0050R00,18.98,2001,2,1230,0011000004,Abhay Ispat (India) Pvt Ltd,25262050,5000079274,4600000181,60,25-07-25,101,HRC,COIL,11513:2017,BIS,cr3,72083990,N,7.453,19065992,MATCHED
2000,R_HR_CO,Hot Rolled Black Coil,25H0051R00,26.84,2001,2.2,1235,0011000004,Abhay Ispat (India) Pvt Ltd,25271912,5000079275,4600000181,80,25-07-25,101,HRC,COIL,11513:2017,BIS,cr3,72083990,N,7.453,98175820,MATCHED
2000,R_HR_CO,Hot Rolled Black Coil,25H0052R00,26.87,2001,2,1260,0011000004,Abhay Ispat (India) Pvt Ltd,25271967,5000079276,4600000181,110,25-07-25,101,HRC,COIL,11513:2017,BIS,cr3,72083990,N,7.453,20949300,MATCHED
2000,R_HR_CO,Hot Rolled Black Coil,25H0053R00,27.085,2001,2.2,1235,0011000004,Abhay Ispat (India) Pvt Ltd,25271903,5000079277,4600000181,80,25-07-25,101,HRC,COIL,11513:2017,BIS,cr3,72083990,N,7.453,65893923,MATCHED
2000,R_HR_CO,Hot Rolled Black Coil,25H0054R00,26.855,2001,2.5,1235,0011000004,Abhay Ispat (India) Pvt Ltd,25271991,5000079278,4600000181,20,25-07-25,101,HRC,COIL,11513:2017,BIS,cr3,72083990,N,7.453,36922918,MATCHED
2000,R_HR_CO,Hot Rolled Black Coil,25H0055R00,26.795,2001,2.2,1235,0011000004,Abhay Ispat (India) Pvt Ltd,25271961,5000079280,4600000181,10,25-07-25,102,HRC,COIL,11513:2017,BIS,cr3,72083990,N,7.453,58865169,QA_PENDING
2000,R_HR_CO,Hot Rolled Black Coil,25H0056R00,26.795,2001,2.8,1260,0011000004,Abhay Ispat (India) Pvt Ltd,25271961,5000079281,4600000181,100,25-07-25,101,HRC,COIL,11513:2017,BIS,cr3,72083990,N,7.453,41320410,MATCHED
2000,R_HR_CO,Hot Rolled Black Coil,25H0057R00,26.72,2001,2.5,1260,0011000004,Abhay Ispat (India) Pvt Ltd,25271973,5000079282,4600000181,90,25-07-25,101,HRC,COIL,11513:2017,BIS,cr3,72083990,N,7.453,29445381,MATCHED
2000,R_HR_CO,Hot Rolled Black Coil,25H0058R00,27.055,2001,2.5,1260,0011000004,Abhay Ispat (India) Pvt Ltd,25271894,5000079283,4600000181,90,25-07-25,101,HRC,COIL,11513:2017,BIS,cr3,72083990,N,7.453,13170082,MATCHED
2000,R_HR_CO,Hot Rolled Black Coil,25H0059R00,26.78,2001,2.2,1235,0011000004,Abhay Ispat (India) Pvt Ltd,25271911,5000079284,4600000181,80,25-07-25,101,HRC,COIL,11513:2017,BIS,cr3,72083990,N,7.453,38267887,MATCHED
2000,R_HR_CO,Hot Rolled Black Coil,25H0060R00,26.565,2001,2.5,1260,0011000004,Abhay Ispat (India) Pvt Ltd,25271968,5000079285,4600000181,90,25-07-25,101,HRC,COIL,11513:2017,BIS,cr3,72083990,N,7.453,12958363,MATCHED
2000,R_HR_CO,Hot Rolled Black Coil,25H0061R00,26.785,2001,2.2,1235,0011000004,Abhay Ispat (India) Pvt Ltd,25271910,5000079287,4600000181,80,25-07-25,101,HRC,COIL,11513:2017,BIS,cr3,72083990,N,7.453,77889561,MATCHED
2000,R_HR_CO,Hot Rolled Black Coil,25H0062R00,26.09,2001,2.2,1235,0011000004,Abhay Ispat (India) Pvt Ltd,25270534,5000079288,4600000181,80,25-07-25,101,HRC,COIL,11513:2017,BIS,cr3,72083990,N,7.453,53959508,MATCHED
2000,R_HR_CO,Hot Rolled Black Coil,25H0063R00,26.74,2001,2.8,1260,0011000004,Abhay Ispat (India) Pvt Ltd,25271964,5000079291,4600000181,100,25-07-25,101,HRC,COIL,11513:2017,BIS,cr3,72083990,N,7.453,36736733,MATCHED
2000,R_HR_CO,Hot Rolled Black Coil,25H0064R00,26.955,2001,2.2,1235,0011000004,Abhay Ispat (India) Pvt Ltd,25271906,5000079292,4600000181,80,25-07-25,101,HRC,COIL,11513:2017,BIS,cr3,72083990,N,7.453,56287669,MATCHED
2000,R_HR_CO,Hot Rolled Black Coil,25H0065R00,26.865,2001,2.2,1235,0011000004,Abhay Ispat (India) Pvt Ltd,25272100,5000079328,4600000181,80,25-07-25,101,HRC,COIL,11513:2017,BIS,cr3,72083990,N,7.453,28322818,MATCHED
2000,R_HR_CO,Hot Rolled Black Coil,25H0066R00,26.555,2001,2,1230,0011000004,Abhay Ispat (India) Pvt Ltd,25272010,5000079329,4600000181,50,25-07-25,101,HRC,COIL,11513:2017,BIS,cr3,72083990,N,7.453,64380399,MATCHED
2000,R_HR_CO,Hot Rolled Black Coil,25H0067R00,26.865,2001,2.5,1235,0011000004,Abhay Ispat (India) Pvt Ltd,25272072,5000079331,4600000181,20,25-07-25,101,HRC,COIL,11513:2017,BIS,cr3,72083990,N,7.453,60939105,MATCHED
2000,R_HR_CO,Hot Rolled Black Coil,25H0068R00,26.645,2001,2.2,1235,0011000004,Abhay Ispat (India) Pvt Ltd,25272009,5000079332,4600000181,80,25-07-25,101,HRC,COIL,11513:2017,BIS,cr3,72083990,N,7.453,95635942,MATCHED
2000,R_HR_CO,Hot Rolled Black Coil,25H0069R00,26.56,2001,2.5,1235,0011000004,Abhay Ispat (India) Pvt Ltd,25272002,5000079334,4600000181,20,25-07-25,101,HRC,COIL,11513:2017,BIS,cr3,72083990,N,7.453,76125937,MATCHED
2000,R_HR_CO,Hot Rolled Black Coil,25H0070R00,26.64,2001,2.2,1235,0011000004,Abhay Ispat (India) Pvt Ltd,25271999,5000079336,4600000181,80,25-07-25,101,HRC,COIL,11513:2017,BIS,cr3,72083990,N,7.453,35138404,MATCHED
2000,R_HR_CO,Hot Rolled Black Coil,25H0071R00,26.62,2001,2.2,1235,0011000004,Abhay Ispat (India) Pvt Ltd,25272093,5000079337,4600000181,80,25-07-25,101,HRC,COIL,11513:2017,BIS,cr3,72083990,N,7.453,24688518,MATCHED
2000,R_HR_CO,Hot Rolled Black Coil,25H0072R00,26.62,2001,2.2,1235,0011000004,Abhay Ispat (India) Pvt Ltd,25272106,5000079338,4600000181,80,25-07-25,101,HRC,COIL,11513:2017,BIS,cr3,72083990,N,7.453,25621273,MATCHED
2000,R_HR_CO,Hot Rolled Black Coil,25H0073R00,26.64,2001,2,1230,0011000004,Abhay Ispat (India) Pvt Ltd,25272015,5000079339,4600000181,50,25-07-25,101,HRC,COIL,11513:2017,BIS,cr3,72083990,N,7.453,44530094,MATCHED
2000,R_HR_CO,Hot Rolled Black Coil,25H0074R00,26.93,2001,2,1230,0011000004,Abhay Ispat (India) Pvt Ltd,25272082,5000079340,4600000181,50,25-07-25,101,HRC,COIL,11513:2017,BIS,cr3,72083990,N,7.453,93672021,MATCHED
2000,R_HR_CO,Hot Rolled Black Coil,25H0075R00,26.59,2001,2,1230,0011000004,Abhay Ispat (India) Pvt Ltd,25272014,5000079341,4600000181,50,25-07-25,101,HRC,COIL,11513:2017,BIS,cr3,72083990,N,7.453,57409137,MATCHED
2000,R_HR_CO,Hot Rolled Black Coil,25H0076R00,26.875,2001,2.2,1235,0011000004,Abhay Ispat (India) Pvt Ltd,25272095,5000079342,4600000181,80,25-07-25,101,HRC,COIL,11513:2017,BIS,cr3,72083990,N,7.453,68838230,MATCHED
2000,R_HR_CO,Hot Rolled Black Coil,25H0077R00,26.775,2001,2,1230,0011000004,Abhay Ispat (India) Pvt Ltd,25272080,5000079343,4600000181,50,25-07-25,101,HRC,COIL,11513:2017,BIS,cr3,72083990,N,7.453,50970833,MATCHED
2000,R_HR_CO,Hot Rolled Black Coil,25H0078R00,26.795,2001,2.5,1235,0011000004,Abhay Ispat (India) Pvt Ltd,25271994,5000079344,4600000181,20,25-07-25,101,HRC,COIL,11513:2017,BIS,cr3,72083990,N,7.453,46920438,MATCHED
2000,R_HR_CO,Hot Rolled Black Coil,25H0079R00,26.695,2001,2.2,1235,0011000004,Abhay Ispat (India) Pvt Ltd,25272101,5000079345,4600000181,80,25-07-25,101,HRC,COIL,11513:2017,BIS,cr3,72083990,N,7.453,74592711,MATCHED
2000,R_HR_CO,Hot Rolled Black Coil,25H0080R00,26.935,2001,2.5,1235,0011000004,Abhay Ispat (India) Pvt Ltd,25272076,5000079346,4600000181,20,25-07-25,101,HRC,COIL,11513:2017,BIS,cr3,72083990,N,7.453,30118291,MATCHED
2000,R_HR_CO,Hot Rolled Black Coil,25H0081R00,26.755,2001,2.5,1235,0011000004,Abhay Ispat (India) Pvt Ltd,25272075,5000079347,4600000181,20,25-07-25,101,HRC,COIL,11513:2017,BIS,cr3,72083990,N,7.453,22414130,MATCHED
2000,R_HR_CO,Hot Rolled Black Coil,25H0082R00,26.805,2001,2.2,1235,0011000004,Abhay Ispat (India) Pvt Ltd,25272079,5000079348,4600000181,80,25-07-25,101,HRC,COIL,11513:2017,BIS,cr3,72083990,N,7.453,93991815,MATCHED
2000,R_HR_CO,Hot Rolled Black Coil,25H0083R00,26.815,2001,2.2,1235,0011000004,Abhay Ispat (India) Pvt Ltd,25271908,5000079352,4600000181,80,25-07-25,101,HRC,COIL,11513:2017,BIS,cr3,72083990,N,7.453,10457215,MATCHED
2000,R_HR_CO,Hot Rolled Black Coil,25H0084R00,26.75,2001,2.8,1260,0011000004,Abhay Ispat (India) Pvt Ltd,25271962,5000079353,4600000181,100,25-07-25,101,HRC,COIL,11513:2017,BIS,cr3,72083990,N,7.453,90316842,MATCHED
2000,R_HR_CO,Hot Rolled Black Coil,25H0085R00,26.9,2001,2.5,1235,0011000004,Abhay Ispat (India) Pvt Ltd,25272071,5000079354,4600000181,40,25-07-25,101,HRC,COIL,11513:2017,BIS,cr3,72083990,N,7.453,94676441,MATCHED
2000,R_HR_CO,Hot Rolled Black Coil,25H0086R00,26.885,2001,2.2,1235,0011000004,Abhay Ispat (India) Pvt Ltd,25272094,5000079355,4600000181,80,25-07-25,101,HRC,COIL,11513:2017,BIS,cr3,72083990,N,7.453,31973767,MATCHED
2000,R_HR_CO,Hot Rolled Black Coil,25H0087R00,26.79,2001,2.2,1235,0011000004,Abhay Ispat (India) Pvt Ltd,25272107,5000079356,4600000181,80,25-07-25,101,HRC,COIL,11513:2017,BIS,cr3,72083990,N,7.453,28505912,MATCHED
2000,R_HR_CO,Hot Rolled Black Coil,25H0088R00,26.75,2001,2,1260,0011000004,Abhay Ispat (India) Pvt Ltd,25271966,5000079357,4600000181,110,25-07-25,101,HRC,COIL,11513:2017,BIS,cr3,72083990,N,7.453,17156396,MATCHED
2000,R_HR_CO,Hot Rolled Black Coil,25H0089R00,26.885,2001,2.2,1235,0011000004,Abhay Ispat (India) Pvt Ltd,25272102,5000079358,4600000181,80,25-07-25,101,HRC,COIL,11513:2017,BIS,cr3,72083990,N,7.453,30846434,MATCHED
2000,R_HR_CO,Hot Rolled Black Coil,25H0090R00,21.7,2001,2,1230,0011000004,Abhay Ispat (India) Pvt Ltd,25262051,5000079359,4600000181,60,25-07-25,101,HRC,COIL,11513:2017,BIS,cr3,72083990,N,7.453,42202969,MATCHED
2000,R_HR_CO,Hot Rolled Black Coil,25H0091R00,22.305,2001,2.2,1235,0011000004,Abhay Ispat (India) Pvt Ltd,25262727,5000079360,4600000181,10,25-07-25,101,HRC,COIL,11513:2017,BIS,cr3,72083990,N,7.453,34919141,MATCHED
2000,R_HR_CO,Hot Rolled Black Coil,25H0092R00,26.96,2001,2.5,1260,0011000004,Abhay Ispat (India) Pvt Ltd,25271893,5000079363,4600000181,90,25-07-25,101,HRC,COIL,11513:2017,BIS,cr3,72083990,N,7.453,88830835,MATCHED
2000,R_HR_CO,Hot Rolled Black Coil,25H0093R00,26.86,2001,2.2,1235,0011000004,Abhay Ispat (India) Pvt Ltd,25271995,5000079364,4600000181,80,25-07-25,101,HRC,COIL,11513:2017,BIS,cr3,72083990,N,7.453,25701414,MATCHED
2000,R_HR_CO,Hot Rolled Black Coil,25H0094R00,26.745,2001,2.2,1235,0011000004,Abhay Ispat (India) Pvt Ltd,25272077,5000079365,4600000181,80,25-07-25,101,HRC,COIL,11513:2017,BIS,cr3,72083990,N,7.453,27882641,MATCHED
2000,R_HR_CO,Hot Rolled Black Coil,25H0095R00,21.83,2001,2.5,1260,0011000004,Abhay Ispat (India) Pvt Ltd,25262698,5000079366,4600000181,90,25-07-25,101,HRC,COIL,11513:2017,BIS,cr3,72083990,N,7.453,34587554,MATCHED
2000,R_HR_CO,Hot Rolled Black Coil,25H0096R00,25.205,2001,2.5,1235,0011000004,Abhay Ispat (India) Pvt Ltd,25262630,5000079368,4600000181,40,25-07-25,101,HRC,COIL,11513:2017,BIS,cr3,72083990,N,7.453,80029315,MATCHED
2000,R_HR_CO,Hot Rolled Black Coil,25H0097R00,24.49,2001,2.5,1260,0011000004,Abhay Ispat (India) Pvt Ltd,25272720,5000079369,4600000181,90,25-07-25,101,HRC,COIL,11513:2017,BIS,cr3,72083990,N,7.453,35339774,MATCHED
2000,R_HR_CO,Hot Rolled Black Coil,25H0098R00,26.89,2001,2.5,1235,0011000004,Abhay Ispat (India) Pvt Ltd,25271988,5000079370,4600000181,20,25-07-25,101,HRC,COIL,11513:2017,BIS,cr3,72083990,N,7.453,76817637,MATCHED
2000,R_HR_CO,Hot Rolled Black Coil,25H0099R00,26.805,2001,2.5,1235,0011000004,Abhay Ispat (India) Pvt Ltd,25271990,5000079371,4600000181,20,25-07-25,101,HRC,COIL,11513:2017,BIS,cr3,72083990,N,7.453,99243251,MATCHED
2000,R_HR_CO,Hot Rolled Black Coil,25H0100R00,26.885,2001,2.5,1235,0011000004,Abhay Ispat (India) Pvt Ltd,25272056,5000079372,4600000181,20,25-07-25,101,HRC,COIL,11513:2017,BIS,cr3,72083990,N,7.453,39768209,MATCHED
2000,R_HR_CO,Hot Rolled Black Coil,25H0101R00,26.82,2001,2.2,1235,0011000004,Abhay Ispat (India) Pvt Ltd,25272103,5000079373,4600000181,80,25-07-25,101,HRC,COIL,11513:2017,BIS,cr3,72083990,N,7.453,56438670,MATCHED
2000,R_HR_CO,Hot Rolled Black Coil,25H0102R00,27,2001,2.2,1235,0011000004,Abhay Ispat (India) Pvt Ltd,25271907,5000079374,4600000181,80,25-07-25,101,HRC,COIL,11513:2017,BIS,cr3,72083990,N,7.453,21988920,MATCHED
2000,R_HR_CO,Hot Rolled Black Coil,25H0103R00,26.685,2001,2.2,1235,0011000004,Abhay Ispat (India) Pvt Ltd,25272092,5000079375,4600000181,80,25-07-25,101,HRC,COIL,11513:2017,BIS,cr3,72083990,N,7.453,71803013,MATCHED
2000,R_HR_CO,Hot Rolled Black Coil,25H0104R00,26.68,2001,2.5,1235,0011000004,Abhay Ispat (India) Pvt Ltd,25272642,5000079376,4600000181,20,25-07-25,101,HRC,COIL,11513:2017,BIS,cr3,72083990,N,7.453,75459412,MATCHED
2000,R_HR_CO,Hot Rolled Black Coil,25H0105R00,25.235,2001,2.5,1235,0011000004,Abhay Ispat (India) Pvt Ltd,25262633,5000079377,4600000181,20,25-07-25,101,HRC,COIL,11513:2017,BIS,cr3,72083990,N,7.453,90889730,MATCHED
2000,R_HR_CO,Hot Rolled Black Coil,25H0106R00,26.74,2001,2.5,1260,0011000004,Abhay Ispat (India) Pvt Ltd,25271972,5000079378,4600000181,90,25-07-25,101,HRC,COIL,11513:2017,BIS,cr3,72083990,N,7.453,85508444,MATCHED
2000,R_HR_CO,Hot Rolled Black Coil,25H0107R00,26.865,2001,2.2,1235,0011000004,Abhay Ispat (India) Pvt Ltd,25271993,5000079379,4600000181,80,25-07-25,101,HRC,COIL,11513:2017,BIS,cr3,72083990,N,7.453,98941130,MATCHED
2000,R_HR_CO,Hot Rolled Black Coil,25H0108R00,25.69,2001,2.2,1235,0011000004,Abhay Ispat (India) Pvt Ltd,25270533,5000079380,4600000181,80,25-07-25,101,HRC,COIL,11513:2017,BIS,cr3,72083990,N,7.453,21000558,MATCHED
2000,R_HR_CO,Hot Rolled Black Coil,25H0109R00,26.735,2001,2.5,1260,0011000004,Abhay Ispat (India) Pvt Ltd,25271969,5000079381,4600000181,90,25-07-25,101,HRC,COIL,11513:2017,BIS,cr3,72083990,N,7.453,89371066,MATCHED
2000,R_HR_CO,Hot Rolled Black Coil,25H0110R00,26.755,2001,2.5,1235,0011000004,Abhay Ispat (India) Pvt Ltd,25272074,5000079382,4600000181,20,25-07-25,101,HRC,COIL,11513:2017,BIS,cr3,72083990,N,7.453,40614919,MATCHED
2000,R_HR_CO,Hot Rolled Black Coil,25H0111R00,26.475,2001,2.2,1235,0011000004,Abhay Ispat (India) Pvt Ltd,25272008,5000079384,4600000181,80,25-07-25,101,HRC,COIL,11513:2017,BIS,cr3,72083990,N,7.453,49665460,MATCHED
2000,R_HR_CO,Hot Rolled Black Coil,25H0112R00,26.765,2001,2.2,1235,0011000004,Abhay Ispat (India) Pvt Ltd,25272098,5000079386,4600000181,80,25-07-25,101,HRC,COIL,11513:2017,BIS,cr3,72083990,N,7.453,73801603,MATCHED
2000,R_HR_CO,Hot Rolled Black Coil,25H0113R00,26.895,2001,2,1230,0011000004,Abhay Ispat (India) Pvt Ltd,25272086,5000079387,4600000181,50,25-07-25,101,HRC,COIL,11513:2017,BIS,cr3,72083990,N,7.453,86007621,MATCHED
2000,R_HR_CO,Hot Rolled Black Coil,25H0114R00,26.9,2001,2,1230,0011000004,Abhay Ispat (India) Pvt Ltd,25272083,5000079388,4600000181,50,25-07-25,101,HRC,COIL,11513:2017,BIS,cr3,72083990,N,7.453,88997771,MATCHED
2000,R_HR_CO,Hot Rolled Black Coil,25H0115R00,26.75,2001,2.2,1235,0011000004,Abhay Ispat (India) Pvt Ltd,25272099,5000079389,4600000181,80,25-07-25,101,HRC,COIL,11513:2017,BIS,cr3,72083990,N,7.453,55471931,MATCHED
2000,R_HR_CO,Hot Rolled Black Coil,25H0117R00,24.75,2001,2.5,1260,0011000004,Abhay Ispat (India) Pvt Ltd,25259312,5000079391,4600000181,90,25-07-25,101,HRC,COIL,11513:2017,BIS,cr3,72083990,N,7.453,81978382,MATCHED
2000,R_HR_CO,Hot Rolled Black Coil,25H0118R00,25.975,2001,2,1260,0011000004,Abhay Ispat (India) Pvt Ltd,25263494,5000079392,4600000181,110,25-07-25,101,HRC,COIL,11513:2017,BIS,cr3,72083990,N,7.453,40498803,MATCHED
2000,R_HR_CO,Hot Rolled Black Coil,25H0119R00,25.06,2001,2.2,1235,0011000004,Abhay Ispat (India) Pvt Ltd,25272724,5000079393,4600000181,80,25-07-25,101,HRC,COIL,11513:2017,BIS,cr3,72083990,N,7.453,92910625,MATCHED
2000,R_HR_CO,Hot Rolled Black Coil,25H0120R00,25.455,2001,2.2,1235,0011000004,Abhay Ispat (India) Pvt Ltd,25259051,5000079395,4600000181,80,25-07-25,101,HRC,COIL,11513:2017,BIS,cr3,72083990,N,7.453,59361646,MATCHED
2000,R_HR_CO,Hot Rolled Black Coil,25H0121R00,26.625,2001,2.5,1235,0011000004,Abhay Ispat (India) Pvt Ltd,25272096,5000079396,4600000181,20,25-07-25,101,HRC,COIL,11513:2017,BIS,cr3,72083990,N,7.453,27821122,MATCHED
2000,R_HR_CO,Hot Rolled Black Coil,25H0122R00,25.015,2001,2.5,1260,0011000004,Abhay Ispat (India) Pvt Ltd,25263491,5000079397,4600000181,90,25-07-25,101,HRC,COIL,11513:2017,BIS,cr3,72083990,N,7.453,32041830,MATCHED
2000,R_HR_CO,Hot Rolled Black Coil,25H0123R00,26.515,2001,2.2,1235,0011000004,Abhay Ispat (India) Pvt Ltd,25272722,5000079398,4600000181,80,25-07-25,101,HRC,COIL,11513:2017,BIS,cr3,72083990,N,7.453,13162589,MATCHED
2000,R_HR_CO,Hot Rolled Black Coil,25H0124R00,26.685,2001,2,1260,0011000004,Abhay Ispat (India) Pvt Ltd,25272721,5000079399,4600000181,110,25-07-25,101,HRC,COIL,11513:2017,BIS,cr3,72083990,N,7.453,23619689,MATCHED
2000,R_HR_CO,Hot Rolled Black Coil,25H0125R00,26.9,2001,2,1230,0011000004,Abhay Ispat (India) Pvt Ltd,25272081,5000079400,4600000181,50,25-07-25,101,HRC,COIL,11513:2017,BIS,cr3,72083990,N,7.453,96870355,MATCHED
2000,R_HR_CO,Hot Rolled Black Coil,25H0126R00,25.225,2001,2.2,1235,0011000004,Abhay Ispat (India) Pvt Ltd,25272726,5000079402,4600000181,80,25-07-25,101,HRC,COIL,11513:2017,BIS,cr3,72083990,N,7.453,82152162,MATCHED
2000,R_HR_CO,Hot Rolled Black Coil,25H0127R00,22.725,2001,2.2,1235,0011000004,Abhay Ispat (India) Pvt Ltd,25272644,5000079404,4600000181,80,25-07-25,101,HRC,COIL,11513:2017,BIS,cr3,72083990,N,7.453,63500269,MATCHED
2000,R_HR_CO,Hot Rolled Black Coil,25H0128R00,23.37,2001,2.2,1235,0011000004,Abhay Ispat (India) Pvt Ltd,25272644,5000079405,4600000181,80,25-07-25,101,HRC,COIL,11513:2017,BIS,cr3,72083990,N,7.453,76534018,MATCHED
2000,R_HR_CO,Hot Rolled Black Coil,25H0129R00,26.91,2001,2.2,1235,0011000004,Abhay Ispat (India) Pvt Ltd,25272643,5000079407,4600000181,80,25-07-25,101,HRC,COIL,11513:2017,BIS,cr3,72083990,N,7.453,58734614,MATCHED
2000,R_HR_CO,Hot Rolled Black Coil,25H0130R00,26.62,2001,2.2,1235,0011000004,Abhay Ispat (India) Pvt Ltd,25272723,5000079409,4600000181,80,25-07-25,101,HRC,COIL,11513:2017,BIS,cr3,72083990,N,7.453,19766436,MATCHED
2000,R_HR_CO,Hot Rolled Black Coil,25H0131R00,24.375,2001,2.5,1260,0011000004,Abhay Ispat (India) Pvt Ltd,25266457,5000079410,4600000181,90,25-07-25,101,HRC,COIL,11513:2017,BIS,cr3,72083990,N,7.453,96249094,MATCHED
2000,R_HR_CO,Hot Rolled Black Coil,25H0132R00,26.895,2001,2.5,1235,0011000004,Abhay Ispat (India) Pvt Ltd,25271992,5000079411,4600000181,20,25-07-25,101,HRC,COIL,11513:2017,BIS,cr3,72083990,N,7.453,36832899,MATCHED
2000,R_HR_CO,Hot Rolled Black Coil,25H0133R00,26.715,2001,2.5,1235,0011000004,Abhay Ispat (India) Pvt Ltd,25271984,5000079429,4600000181,20,25-07-25,101,HRC,COIL,11513:2017,BIS,cr3,72083990,N,7.453,16981746,MATCHED
2000,R_HR_CO,Hot Rolled Black Coil,25H0134R00,26.755,2001,2.5,1235,0011000004,Abhay Ispat (India) Pvt Ltd,25272089,5000079430,4600000181,20,25-07-25,101,HRC,COIL,11513:2017,BIS,cr3,72083990,N,7.453,79333525,MATCHED
2000,R_HR_CO,Hot Rolled Black Coil,25H0135R00,26.685,2001,2.5,1235,0011000004,Abhay Ispat (India) Pvt Ltd,25272090,5000079431,4600000181,20,25-07-25,101,HRC,COIL,11513:2017,BIS,cr3,72083990,N,7.453,16891103,MATCHED
2000,R_HR_CO,Hot Rolled Black Coil,25H0136R00,26.64,2001,2.2,1235,0011000004,Abhay Ispat (India) Pvt Ltd,25272091,5000079432,4600000181,80,25-07-25,101,HRC,COIL,11513:2017,BIS,cr3,72083990,N,7.453,62803543,MATCHED
2000,R_HR_CO,Hot Rolled Black Coil,25H0137R00,26.785,2001,2,1230,0011000004,Abhay Ispat (India) Pvt Ltd,25272085,5000079461,4600000181,50,25-07-25,101,HRC,COIL,11513:2017,BIS,cr3,72083990,N,7.453,97151581,MATCHED
2000,R_HR_CO,Hot Rolled Black Coil,25H0138R00,26.835,2001,2.2,1235,0011000004,Abhay Ispat (India) Pvt Ltd,25271913,5000079462,4600000181,80,25-07-25,101,HRC,COIL,11513:2017,BIS,cr3,72083990,N,7.453,22756917,MATCHED
2000,R_HR_CO,Hot Rolled Black Coil,25H0139R00,26.765,2001,2.8,1260,0011000004,Abhay Ispat (India) Pvt Ltd,25272589,5000079463,4600000181,100,25-07-25,101,HRC,COIL,11513:2017,BIS,cr3,72083990,N,7.453,49389134,MATCHED
2000,R_HR_CO,Hot Rolled Black Coil,25H0140R00,26.725,2001,2.2,1235,0011000004,Abhay Ispat (India) Pvt Ltd,25272104,5000079464,4600000181,80,25-07-25,101,HRC,COIL,11513:2017,BIS,cr3,72083990,N,7.453,32701361,MATCHED
2000,R_HR_CO,Hot Rolled Black Coil,25H0141R00,26.93,2001,2.2,1235,0011000004,Abhay Ispat (India) Pvt Ltd,25271904,5000079465,4600000181,80,25-07-25,101,HRC,COIL,11513:2017,BIS,cr3,72083990,N,7.453,87555127,MATCHED
2000,R_HR_CO,Hot Rolled Black Coil,25H0142R00,26.8,2001,2.5,1260,0011000004,Abhay Ispat (India) Pvt Ltd,25271963,5000079466,4600000181,90,25-07-25,101,HRC,COIL,11513:2017,BIS,cr3,72083990,N,7.453,84023339,MATCHED
2000,R_HR_CO,Hot Rolled Black Coil,25H0143R00,27.025,2001,2.5,1235,0011000004,Abhay Ispat (India) Pvt Ltd,25271981,5000079467,4600000181,20,25-07-25,101,HRC,COIL,11513:2017,BIS,cr3,72083990,N,7.453,93053263,MATCHED
2000,R_HR_CO,Hot Rolled Black Coil,25H0144R00,26.54,2001,2,1230,0011000004,Abhay Ispat (India) Pvt Ltd,25272012,5000079468,4600000181,50,25-07-25,101,HRC,COIL,11513:2017,BIS,cr3,72083990,N,7.453,34683595,MATCHED
2000,R_HR_CO,Hot Rolled Black Coil,25H0145R00,26.93,2001,2.2,1235,0011000004,Abhay Ispat (India) Pvt Ltd,25272078,5000079469,4600000181,80,25-07-25,101,HRC,COIL,11513:2017,BIS,cr3,72083990,N,7.453,39524309,MATCHED
2000,R_HR_CO,Hot Rolled Black Coil,25H0146R00,26.775,2001,2,1230,0011000004,Abhay Ispat (India) Pvt Ltd,25272084,5000079471,4600000181,50,25-07-25,101,HRC,COIL,11513:2017,BIS,cr3,72083990,N,7.453,85991174,MATCHED
2000,R_HR_CO,Hot Rolled Black Coil,25H0147R00,26.9,2001,2.5,1235,0011000004,Abhay Ispat (India) Pvt Ltd,25271983,5000079478,4600000181,20,25-07-25,101,HRC,COIL,11513:2017,BIS,cr3,72083990,N,7.453,89605810,MATCHED
2000,R_HR_CO,Hot Rolled Black Coil,25H0148R00,26.73,2001,2.5,1235,0011000004,Abhay Ispat (India) Pvt Ltd,25271987,5000079479,4600000181,20,25-07-25,101,HRC,COIL,11513:2017,BIS,cr3,72083990,N,7.453,90836533,MATCHED
2000,R_HR_CO,Hot Rolled Black Coil,25H0149R00,26.66,2001,2.5,1235,0011000004,Abhay Ispat (India) Pvt Ltd,25272001,5000079482,4600000181,20,25-07-25,101,HRC,COIL,11513:2017,BIS,cr3,72083990,N,7.453,99178761,MATCHED
2000,R_HR_CO,Hot Rolled Black Coil,25H0150R00,26.75,2001,2.2,1235,0011000004,Abhay Ispat (India) Pvt Ltd,25272105,5000079481,4600000181,80,25-07-25,101,HRC,COIL,11513:2017,BIS,cr3,72083990,N,7.453,80062083,MATCHED
2000,R_HR_CO,Hot Rolled Black Coil,25H0151R00,26.69,2001,2.5,1235,0011000004,Abhay Ispat (India) Pvt Ltd,25272059,5000079484,4600000181,20,25-07-25,101,HRC,COIL,11513:2017,BIS,cr3,72083990,N,7.453,24324291,MATCHED
2000,R_HR_CO,Hot Rolled Black Coil,25H0152R00,26.66,2001,2.5,1235,0011000004,Abhay Ispat (India) Pvt Ltd,25272007,5000079483,4600000181,20,25-07-25,101,HRC,COIL,11513:2017,BIS,cr3,72083990,N,7.453,22526451,MATCHED
2000,R_HR_CO,Hot Rolled Black Coil,25H0153R00,26.9,2001,2.5,1235,0011000004,Abhay Ispat (India) Pvt Ltd,25271989,5000079486,4600000181,20,25-07-25,101,HRC,COIL,11513:2017,BIS,cr3,72083990,N,7.453,78440132,MATCHED
2000,R_HR_CO,Hot Rolled Black Coil,25H0154R00,26.511,2001,2,1230,0011000004,Abhay Ispat (India) Pvt Ltd,25272011,5000079485,4600000181,50,25-07-25,101,HRC,COIL,11513:2017,BIS,cr3,72083990,N,7.453,29111578,MATCHED
2000,R_HR_CO,Hot Rolled Black Coil,25H0155R00,24.245,2001,2,1260,0011000004,Abhay Ispat (India) Pvt Ltd,25263492,5000079488,4600000181,110,25-07-25,101,HRC,COIL,11513:2017,BIS,cr3,72083990,N,7.453,44713185,MATCHED
2000,R_HR_CO,Hot Rolled Black Coil,25H0156R00,22.35,2001,2.5,1235,0011000004,Abhay Ispat (India) Pvt Ltd,25262729,5000079489,4600000181,30,25-07-25,101,HRC,COIL,11513:2017,BIS,cr3,72083990,N,7.453,83459510,MATCHED
2000,R_HR_CO,Hot Rolled Black Coil,25H0157R00,25.605,2001,2.2,1235,0011000004,Abhay Ispat (India) Pvt Ltd,25270166,5000079492,4600000181,80,25-07-25,101,HRC,COIL,11513:2017,BIS,cr3,72083990,N,7.453,65362602,MATCHED
2000,R_HR_CO,Hot Rolled Black Coil,25H0158R00,26.615,2001,2,1230,0011000004,Abhay Ispat (India) Pvt Ltd,25272087,5000079493,4600000181,50,25-07-25,101,HRC,COIL,11513:2017,BIS,cr3,72083990,N,7.453,29172152,MATCHED
2000,R_HR_CO,Hot Rolled Black Coil,25H0159R00,25.825,2001,2.5,1235,0011000004,Abhay Ispat (India) Pvt Ltd,25269798,5000079494,4600000181,20,25-07-25,101,HRC,COIL,11513:2017,BIS,cr3,72083990,N,7.453,92381675,MATCHED
2000,R_HR_CO,Hot Rolled Black Coil,25H0160R00,25.49,2001,2,1230,0011000004,Abhay Ispat (India) Pvt Ltd,25269841,5000079495,4600000181,50,25-07-25,101,HRC,COIL,11513:2017,BIS,cr3,72083990,N,7.453,63796473,MATCHED
2000,R_HR_CO,Hot Rolled Black Coil,25H0161R00,26.895,2001,2.5,1235,0011000004,Abhay Ispat (India) Pvt Ltd,25272073,5000079496,4600000181,20,25-07-25,101,HRC,COIL,11513:2017,BIS,cr3,72083990,N,7.453,76152832,MATCHED
2000,R_HR_CO,Hot Rolled Black Coil,25H0162R00,26.47,2001,2.2,1235,0011000004,Abhay Ispat (India) Pvt Ltd,25272000,5000079497,4600000181,80,25-07-25,101,HRC,COIL,11513:2017,BIS,cr3,72083990,N,7.453,23118074,MATCHED
2000,R_HR_CO,Hot Rolled Black Coil,25H0163R00,26.4,2001,2,1230,11000004,JSW VIJAYANAGAR METALLICS,25272088,5000079499,4600000181,20,06-08-25,101,HR,COIL,15961_2012,,,,,,73323515,MATCHED
2000,R_HR_CO,Hot Rolled Black Coil,25H0164R00,22.35,2001,2.2,1235,0011000004,Abhay Ispat (India) Pvt Ltd,25263274,5000079500,4600000181,10,25-07-25,101,HRC,COIL,11513:2017,BIS,cr3,72083990,N,7.453,79228241,MATCHED
2000,R_HR_CO,Hot Rolled Black Coil,25H0165R00,26.635,2001,2.5,1235,0011000004,Abhay Ispat (India) Pvt Ltd,25271985,5000079501,4600000181,20,25-07-25,101,HRC,COIL,11513:2017,BIS,cr3,72083990,N,7.453,43910969,MATCHED
2000,R_HR_CO,Hot Rolled Black Coil,25H0166R00,26.76,2001,2.5,1235,0011000004,Abhay Ispat (India) Pvt Ltd,25271986,5000079502,4600000181,20,25-07-25,101,HRC,COIL,11513:2017,BIS,cr3,72083990,N,7.453,51096159,MATCHED
2000,R_HR_CO,Hot Rolled Black Coil,25H0167R00,26.795,2001,2.2,1235,0011000004,Abhay Ispat (India) Pvt Ltd,25271909,5000079864,4600000181,80,25-07-25,101,HRC,COIL,11513:2017,BIS,cr3,72083990,N,7.453,52203927,MATCHED
2000,R_HR_CO,Hot Rolled Black Coil,25H0168R00,26.705,2001,2.5,1235,0011000004,Abhay Ispat (India) Pvt Ltd,25272058,5000079865,4600000181,20,25-07-25,101,HRC,COIL,11513:2017,BIS,cr3,72083990,N,7.453,99537170,MATCHED
2000,R_HR_CO,Hot Rolled Black Coil,25H0169R00,28.86,2001,2.2,1235,0011000057,ANM Ispat Private Limited,257063074,5000080034,4600000182,20,26-07-25,101,HRC,COIL,11513:2017,BIS,cr3,72083990,N,7.453,36254854,MATCHED
2000,R_HR_CO,Hot Rolled Black Coil,25H0170R00,28.7,2001,2.2,1235,0011000057,ANM Ispat Private Limited,257062085,5000080037,4600000182,20,26-07-25,101,HRC,COIL,11513:2017,BIS,cr3,72083990,N,7.453,98464150,MATCHED
2000,R_HR_CO,Hot Rolled Black Coil,25H0171R00,24.91,2001,2.5,1235,0011000057,ANM Ispat Private Limited,257061067,5000080038,4600000182,10,26-07-25,101,HRC,COIL,11513:2017,BIS,cr3,72083990,N,7.453,61943627,MATCHED
2000,R_HR_CO,Hot Rolled Black Coil,25H0172R00,27.805,2001,2.2,1235,0011000004,Abhay Ispat (India) Pvt Ltd,25277693,5000080265,4600000185,10,18-08-25,101,HRC,COIL,11513:2017,BIS,cr3,72083990,N,7.453,46772394,MATCHED
2000,R_HR_CO,Hot Rolled Black Coil,25H0173R00,27.995,2001,2.2,1235,0011000004,Abhay Ispat (India) Pvt Ltd,25277711,5000080266,4600000185,10,18-08-25,101,HRC,COIL,11513:2017,BIS,cr3,72083990,N,7.453,38124240,MATCHED
2000,R_HR_CO,Hot Rolled Black Coil,25H0174R00,27.995,2001,2.2,1235,0011000004,Abhay Ispat (India) Pvt Ltd,25277714,5000080267,4600000185,10,18-08-25,101,HRC,COIL,11513:2017,BIS,cr3,72083990,N,7.453,24658308,MATCHED
2000,R_HR>3MM_CO,Hot Rolled Black Coil 3mm & Above,25H0175R00,28.275,2001,3,1220,0011000004,Abhay Ispat (India) Pvt Ltd,25278170,5000080268,4600000185,100,18-08-25,101,HRC,COIL,11513:2017,BIS,cr2,72083890,N,7.453,70729184,MATCHED
2000,R_HR>3MM_CO,Hot Rolled Black Coil 3mm & Above,25H0176R00,28.24,2001,3,1220,0011000004,Abhay Ispat (India) Pvt Ltd,25278172,5000080269,4600000185,100,18-08-25,101,HRC,COIL,11513:2017,BIS,cr2,72083890,N,7.453,77625459,MATCHED
2000,R_HR_CO,Hot Rolled Black Coil,25H0177R00,27.855,2001,2.5,1235,0011000004,Abhay Ispat (India) Pvt Ltd,25277689,5000080271,4600000185,20,18-08-25,101,HRC,COIL,11513:2017,BIS,cr3,72083990,N,7.453,76171730,MATCHED
2000,R_HR_CO,Hot Rolled Black Coil,25H0178R00,27.88,2001,2.5,1235,0011000004,Abhay Ispat (India) Pvt Ltd,25277827,5000080272,4600000185,20,18-08-25,101,HRC,COIL,11513:2017,BIS,cr3,72083990,N,7.453,74421739,MATCHED
2000,R_HR>3MM_CO,Hot Rolled Black Coil 3mm & Above,25H0179R00,29.25,2001,3,1250,0011000004,Abhay Ispat (India) Pvt Ltd,25278075,5000080274,4600000185,110,18-08-25,101,HRC,COIL,11513:2017,BIS,cr2,72083890,N,7.453,72370446,MATCHED
2000,R_HR_CO,Hot Rolled Black Coil,25H0180R00,29.27,2001,2.8,1265,0011000004,Abhay Ispat (India) Pvt Ltd,25277941,5000080276,4600000185,70,18-08-25,101,HRC,COIL,11513:2017,BIS,cr2,72083990,N,7.453,92086101,MATCHED
2000,R_HR_CO,Hot Rolled Black Coil,25H0181R00,29.325,2001,2.8,1265,0011000004,Abhay Ispat (India) Pvt Ltd,25277939,5000080277,4600000185,70,18-08-25,101,HRC,COIL,11513:2017,BIS,cr2,72083990,N,7.453,13033490,MATCHED
2000,R_HR_CO,Hot Rolled Black Coil,25H0182R00,28.095,2001,2.8,1150,0011000004,Abhay Ispat (India) Pvt Ltd,25277992,5000080278,4600000185,30,18-08-25,101,HRC,COIL,11513:2017,BIS,cr2,72083990,N,7.453,27929583,MATCHED
2000,R_HR_CO,Hot Rolled Black Coil,25H0183R00,29.23,2001,2.8,1265,0011000004,Abhay Ispat (India) Pvt Ltd,25277819,5000080280,4600000185,70,18-08-25,101,HRC,COIL,11513:2017,BIS,cr2,72083990,N,7.453,25543509,MATCHED
2000,R_HR_CO,Hot Rolled Black Coil,25H0184R00,28.51,2001,2.8,1250,0011000004,Abhay Ispat (India) Pvt Ltd,25277820,5000080282,4600000185,60,18-08-25,101,HRC,COIL,11513:2017,BIS,cr2,72083990,N,7.453,55522918,MATCHED
2000,R_HR_CO,Hot Rolled Black Coil,25H0185R00,28.16,2001,2.8,1150,0011000004,Abhay Ispat (India) Pvt Ltd,25277993,5000080284,4600000185,30,18-08-25,101,HRC,COIL,11513:2017,BIS,cr2,72083990,N,7.453,24967446,MATCHED
2000,R_HR_CO,Hot Rolled Black Coil,25H0186R00,27.79,2001,2.2,1235,0011000004,Abhay Ispat (India) Pvt Ltd,25277715,5000080287,4600000185,10,18-08-25,101,HRC,COIL,11513:2017,BIS,cr3,72083990,N,7.453,94890818,MATCHED
2000,R_HR_CO,Hot Rolled Black Coil,25H0187R00,27.57,2001,2.2,1235,0011000004,Abhay Ispat (India) Pvt Ltd,25277695,5000080288,4600000185,10,18-08-25,101,HRC,COIL,11513:2017,BIS,cr3,72083990,N,7.453,51728827,MATCHED
2000,R_HR_CO,Hot Rolled Black Coil,25H0188R00,27.59,2001,2.2,1235,0011000004,Abhay Ispat (India) Pvt Ltd,25277631,5000080291,4600000185,10,18-08-25,101,HRC,COIL,11513:2017,BIS,cr3,72083990,N,7.453,43834798,MATCHED
2000,R_HR_CO,Hot Rolled Black Coil,25H0189R00,28.005,2001,2.2,1235,0011000004,Abhay Ispat (India) Pvt Ltd,25277639,5000080292,4600000185,10,18-08-25,101,HRC,COIL,11513:2017,BIS,cr3,72083990,N,7.453,17581029,MATCHED
2000,R_HR_CO,Hot Rolled Black Coil,25H0190R00,28.14,2001,2.2,1235,0011000004,Abhay Ispat (India) Pvt Ltd,25277634,5000080293,4600000185,10,18-08-25,101,HRC,COIL,11513:2017,BIS,cr3,72083990,N,7.453,98089354,MATCHED
2000,R_HR_CO,Hot Rolled Black Coil,25H0191R00,28,2001,2.2,1235,0011000004,Abhay Ispat (India) Pvt Ltd,25277713,5000080294,4600000185,10,18-08-25,101,HRC,COIL,11513:2017,BIS,cr3,72083990,N,7.453,80605894,MATCHED
2000,R_HR_CO,Hot Rolled Black Coil,25H0192R00,27.955,2001,2.2,1235,0011000004,Abhay Ispat (India) Pvt Ltd,25277649,5000080295,4600000185,10,18-08-25,101,HRC,COIL,11513:2017,BIS,cr3,72083990,N,7.453,11323842,MATCHED
2000,R_HR_CO,Hot Rolled Black Coil,25H0193R00,27.905,2001,2.2,1235,0011000004,Abhay Ispat (India) Pvt Ltd,25277640,5000080298,4600000185,10,18-08-25,101,HRC,COIL,11513:2017,BIS,cr3,72083990,N,7.453,17293020,MATCHED
2000,R_HR_CO,Hot Rolled Black Coil,25H0194R00,27.925,2001,2.5,1235,0011000004,Abhay Ispat (India) Pvt Ltd,25277685,5000080299,4600000185,20,18-08-25,101,HRC,COIL,11513:2017,BIS,cr3,72083990,N,7.453,66619788,MATCHED
2000,R_HR_CO,Hot Rolled Black Coil,25H0195R00,28.005,2001,2.5,1235,0011000004,Abhay Ispat (India) Pvt Ltd,25277617,5000080300,4600000185,20,18-08-25,101,HRC,COIL,11513:2017,BIS,cr3,72083990,N,7.453,86759131,MATCHED
2000,R_HR_CO,Hot Rolled Black Coil,25H0196R00,27.74,2001,2.5,1235,0011000004,Abhay Ispat (India) Pvt Ltd,25277687,5000080302,4600000185,20,18-08-25,101,HRC,COIL,11513:2017,BIS,cr3,72083990,N,7.453,47468805,MATCHED
2000,R_HR_CO,Hot Rolled Black Coil,25H0197R00,27.905,2001,2.5,1235,0011000004,Abhay Ispat (India) Pvt Ltd,25277616,5000080304,4600000185,20,18-08-25,101,HRC,COIL,11513:2017,BIS,cr3,72083990,N,7.453,93444493,MATCHED
2000,R_HR_CO,Hot Rolled Black Coil,25H0198R00,27.815,2001,2.5,1235,0011000004,Abhay Ispat (India) Pvt Ltd,25277688,5000080305,4600000185,20,18-08-25,101,HRC,COIL,11513:2017,BIS,cr3,72083990,N,7.453,98860555,MATCHED
2000,R_HR_CO,Hot Rolled Black Coil,25H0199R00,27.995,2001,2.5,1235,0011000004,Abhay Ispat (India) Pvt Ltd,25277615,5000080309,4600000185,20,18-08-25,101,HRC,COIL,11513:2017,BIS,cr3,72083990,N,7.453,26578685,MATCHED
2000,R_HR>3MM_CO,Hot Rolled Black Coil 3mm & Above,25H0200R00,26.295,2001,3,1250,0011000004,Abhay Ispat (India) Pvt Ltd,25277955,5000080316,4600000185,110,18-08-25,101,HRC,COIL,11513:2017,BIS,cr2,72083890,N,7.453,11009590,MATCHED
2000,R_HR>3MM_CO,Hot Rolled Black Coil 3mm & Above,25H0201R00,29.28,2001,3,1250,0011000004,Abhay Ispat (India) Pvt Ltd,25278072,5000080317,4600000185,110,18-08-25,101,HRC,COIL,11513:2017,BIS,cr2,72083890,N,7.453,63098128,MATCHED
2000,R_HR_CO,Hot Rolled Black Coil,25H0202R00,28.015,2001,2.2,1235,0011000004,Abhay Ispat (India) Pvt Ltd,25277641,5000080319,4600000185,10,18-08-25,101,HRC,COIL,11513:2017,BIS,cr3,72083990,N,7.453,66878338,MATCHED
2000,R_HR_CO,Hot Rolled Black Coil,25H0203R00,29.195,2001,2.8,1265,0011000004,Abhay Ispat (India) Pvt Ltd,25277818,5000080320,4600000185,70,18-08-25,101,HRC,COIL,11513:2017,BIS,cr2,72083990,N,7.453,79915374,MATCHED
2000,R_HR_CO,Hot Rolled Black Coil,25H0204R00,28.185,2001,2.8,1150,0011000004,Abhay Ispat (India) Pvt Ltd,25277994,5000080321,4600000185,30,18-08-25,101,HRC,COIL,11513:2017,BIS,cr2,72083990,N,7.453,24396335,MATCHED
2000,R_HR_CO,Hot Rolled Black Coil,25H0205R00,24.235,2001,2,1230,0011000004,Abhay Ispat (India) Pvt Ltd,25277720,5000080322,4600000185,80,18-08-25,101,HRC,COIL,11513:2017,BIS,cr3,72083990,N,7.453,32123598,MATCHED
2000,R_HR_CO,Hot Rolled Black Coil,25H0206R00,25.59,2001,2.2,1235,0011000004,Abhay Ispat (India) Pvt Ltd,25269846,5000080323,4600000185,10,18-08-25,101,HRC,COIL,11513:2017,BIS,cr3,72083990,N,7.453,33867711,MATCHED
2000,R_HR_CO,Hot Rolled Black Coil,25H0207R00,27.85,2001,2.2,1235,0011000004,Abhay Ispat (India) Pvt Ltd,25277635,5000080331,4600000185,10,18-08-25,101,HRC,COIL,11513:2017,BIS,cr3,72083990,N,7.453,35578583,MATCHED
2000,R_HR_CO,Hot Rolled Black Coil,25H0208R00,28.955,2001,2.8,1220,0011000004,Abhay Ispat (India) Pvt Ltd,25278088,5000080332,4600000185,40,18-08-25,101,HRC,COIL,11513:2017,BIS,cr2,72083990,N,7.453,35607735,MATCHED
2000,R_HR_CO,Hot Rolled Black Coil,25H0209R00,29.1,2001,2.8,1220,0011000004,Abhay Ispat (India) Pvt Ltd,25278087,5000080333,4600000185,40,18-08-25,101,HRC,COIL,11513:2017,BIS,cr2,72083990,N,7.453,21629503,MATCHED
2000,R_HR_CO,Hot Rolled Black Coil,25H0210R00,27.65,2001,2.8,1150,0011000004,Abhay Ispat (India) Pvt Ltd,25277988,5000080335,4600000185,30,18-08-25,101,HRC,COIL,11513:2017,BIS,cr2,72083990,N,7.453,59232732,MATCHED
2000,R_HR>3MM_CO,Hot Rolled Black Coil 3mm & Above,25H0211R00,26.25,2001,3,1250,0011000004,Abhay Ispat (India) Pvt Ltd,25277952,5000080336,4600000185,110,18-08-25,101,HRC,COIL,11513:2017,BIS,cr2,72083890,N,7.453,24059799,MATCHED
2000,R_HR>3MM_CO,Hot Rolled Black Coil 3mm & Above,25H0212R00,28.31,2001,3,1220,0011000004,Abhay Ispat (India) Pvt Ltd,25278169,5000080342,4600000185,100,18-08-25,101,HRC,COIL,11513:2017,BIS,cr2,72083890,N,7.453,70877432,MATCHED
2000,R_HR_CO,Hot Rolled Black Coil,25H0213R00,28.07,2001,2.2,1235,0011000004,Abhay Ispat (India) Pvt Ltd,25277637,5000080344,4600000185,10,18-08-25,101,HRC,COIL,11513:2017,BIS,cr3,72083990,N,7.453,49968202,MATCHED
2000,R_HR_CO,Hot Rolled Black Coil,25H0214R00,27.985,2001,2.2,1235,0011000004,Abhay Ispat (India) Pvt Ltd,25277643,5000080346,4600000185,10,18-08-25,101,HRC,COIL,11513:2017,BIS,cr3,72083990,N,7.453,68353592,MATCHED
2000,R_HR_CO,Hot Rolled Black Coil,25H0215R00,27.96,2001,2.2,1235,0011000004,Abhay Ispat (India) Pvt Ltd,25277648,5000080348,4600000185,10,18-08-25,101,HRC,COIL,11513:2017,BIS,cr3,72083990,N,7.453,71042418,MATCHED
2000,R_HR_CO,Hot Rolled Black Coil,25H0216R00,26.25,2001,2.8,1220,0011000004,Abhay Ispat (India) Pvt Ltd,25278085,5000080358,4600000185,40,18-08-25,101,HRC,COIL,11513:2017,BIS,cr2,72083990,N,7.453,37165000,MATCHED
2000,R_HR_CO,Hot Rolled Black Coil,25H0217R00,27.705,2001,2.2,1235,0011000004,Abhay Ispat (India) Pvt Ltd,25277698,5000080359,4600000185,10,18-08-25,101,HRC,COIL,11513:2017,BIS,cr3,72083990,N,7.453,74506969,MATCHED
2000,R_HR_CO,Hot Rolled Black Coil,25H0218R00,27.975,2001,2.2,1235,0011000004,Abhay Ispat (India) Pvt Ltd,25277636,5000080361,4600000185,10,18-08-25,101,HRC,COIL,11513:2017,BIS,cr3,72083990,N,7.453,75105901,MATCHED
2000,R_HR_CO,Hot Rolled Black Coil,25H0219R00,28.08,2001,2.2,1235,0011000004,Abhay Ispat (India) Pvt Ltd,25277633,5000080362,4600000185,10,18-08-25,101,HRC,COIL,11513:2017,BIS,cr3,72083990,N,7.453,86627374,MATCHED
2000,R_HR_CO,Hot Rolled Black Coil,25H0220R00,27.625,2001,2.2,1235,0011000004,Abhay Ispat (India) Pvt Ltd,25277696,5000080373,4600000185,10,18-08-25,101,HRC,COIL,11513:2017,BIS,cr3,72083990,N,7.453,79191479,MATCHED
2000,R_HR_CO,Hot Rolled Black Coil,25H0221R00,27.94,2001,2.2,1235,0011000004,Abhay Ispat (India) Pvt Ltd,25277647,5000080378,4600000185,10,18-08-25,101,HRC,COIL,11513:2017,BIS,cr3,72083990,N,7.453,40418039,MATCHED
2000,R_HR_CO,Hot Rolled Black Coil,25H0222R00,27.84,2001,2.2,1235,0011000004,Abhay Ispat (India) Pvt Ltd,25277699,5000080380,4600000185,10,18-08-25,101,HRC,COIL,11513:2017,BIS,cr3,72083990,N,7.453,42975122,MATCHED
2000,R_HR_CO,Hot Rolled Black Coil,25H0223R00,27.995,2001,2.2,1235,0011000004,Abhay Ispat (India) Pvt Ltd,25277716,5000080383,4600000185,10,18-08-25,101,HRC,COIL,11513:2017,BIS,cr3,72083990,N,7.453,44351472,MATCHED
2000,R_HR_CO,Hot Rolled Black Coil,25H0224R00,28.005,2001,2.2,1235,0011000004,Abhay Ispat (India) Pvt Ltd,25277712,5000080392,4600000185,10,18-08-25,101,HRC,COIL,11513:2017,BIS,cr3,72083990,N,7.453,26210237,MATCHED
2000,R_HR_CO,Hot Rolled Black Coil,25H0225R00,24.24,2001,2.2,1235,0011000004,Abhay Ispat (India) Pvt Ltd,25277710,5000080393,4600000185,10,18-08-25,101,HRC,COIL,11513:2017,BIS,cr3,72083990,N,7.453,17619678,MATCHED
2000,R_HR_CO,Hot Rolled Black Coil,25H0226R00,24.445,2001,2.8,1220,0011000004,Abhay Ispat (India) Pvt Ltd,25275019,5000080395,4600000185,40,18-08-25,101,HRC,COIL,11513:2017,BIS,cr2,72083990,N,7.453,33465682,MATCHED
2000,R_HR_CO,Hot Rolled Black Coil,25H0227R00,28.02,2001,2.2,1235,0011000004,Abhay Ispat (India) Pvt Ltd,25277717,5000080416,4600000185,10,18-08-25,101,HRC,COIL,11513:2017,BIS,cr3,72083990,N,7.453,47065565,MATCHED
2000,R_HR_CO,Hot Rolled Black Coil,25H0228R00,27.975,2001,2.2,1235,0011000004,Abhay Ispat (India) Pvt Ltd,25277700,5000080417,4600000185,10,18-08-25,101,HRC,COIL,11513:2017,BIS,cr3,72083990,N,7.453,34165198,MATCHED
2000,R_HR_CO,Hot Rolled Black Coil,25H0229R00,27.935,2001,2.2,1235,0011000004,Abhay Ispat (India) Pvt Ltd,25277701,5000080419,4600000185,10,18-08-25,101,HRC,COIL,11513:2017,BIS,cr3,72083990,N,7.453,84710706,MATCHED
2000,R_HR_CO,Hot Rolled Black Coil,25H0230R00,28.005,2001,2.2,1235,0011000004,Abhay Ispat (India) Pvt Ltd,25277638,5000080420,4600000185,10,18-08-25,101,HRC,COIL,11513:2017,BIS,cr3,72083990,N,7.453,89325213,MATCHED
2000,R_HR_CO,Hot Rolled Black Coil,25H0231R00,27.92,2001,2.2,1235,0011000004,Abhay Ispat (India) Pvt Ltd,25277651,5000080422,4600000185,10,18-08-25,101,HRC,COIL,11513:2017,BIS,cr3,72083990,N,7.453,50984440,MATCHED
2000,R_HR_CO,Hot Rolled Black Coil,25H0232R00,24.18,2001,2.2,1235,0011000004,Abhay Ispat (India) Pvt Ltd,25277709,5000080423,4600000185,10,18-08-25,101,HRC,COIL,11513:2017,BIS,cr3,72083990,N,7.453,80876921,MATCHED
2000,R_HR_CO,Hot Rolled Black Coil,25H0233R00,24.065,2001,2.2,1235,0011000004,Abhay Ispat (India) Pvt Ltd,25273302,5000080424,4600000185,10,18-08-25,101,HRC,COIL,11513:2017,BIS,cr3,72083990,N,7.453,88043904,MATCHED
2000,R_HR_CO,Hot Rolled Black Coil,25H0234R00,27.555,2001,2.5,1235,0011000004,Abhay Ispat (India) Pvt Ltd,25277828,5000080425,4600000185,20,18-08-25,101,HRC,COIL,11513:2017,BIS,cr3,72083990,N,7.453,92962588,MATCHED
2000,R_HR_CO,Hot Rolled Black Coil,25H0235R00,27.81,2001,2.2,1235,0011000004,Abhay Ispat (India) Pvt Ltd,25277645,5000080430,4600000185,10,18-08-25,101,HRC,COIL,11513:2017,BIS,cr3,72083990,N,7.453,78250236,MATCHED
2000,R_HR_CO,Hot Rolled Black Coil,25H0236R00,27.845,2001,2.2,1235,0011000004,Abhay Ispat (India) Pvt Ltd,25277694,5000080432,4600000185,10,18-08-25,101,HRC,COIL,11513:2017,BIS,cr3,72083990,N,7.453,46296635,MATCHED
2000,R_HR_CO,Hot Rolled Black Coil,25H0237R00,27.97,2001,2.2,1235,0011000004,Abhay Ispat (India) Pvt Ltd,25277708,5000080434,4600000185,10,18-08-25,101,HRC,COIL,11513:2017,BIS,cr3,72083990,N,7.453,90690879,MATCHED
2000,R_HR_CO,Hot Rolled Black Coil,25H0238R00,19.1,2001,2.2,1235,0011000004,Abhay Ispat (India) Pvt Ltd,25264589,5000080435,4600000185,10,18-08-25,101,HRC,COIL,11513:2017,BIS,cr3,72083990,N,7.453,65628532,MATCHED
2000,R_HR_CO,Hot Rolled Black Coil,25H0239R00,29.1,2001,2.8,1220,0011000004,Abhay Ispat (India) Pvt Ltd,25278084,5000080450,4600000185,40,18-08-25,101,HRC,COIL,11513:2017,BIS,cr2,72083990,N,7.453,98995012,MATCHED
2000,R_HR_CO,Hot Rolled Black Coil,25H0240R00,27.94,2001,2.2,1235,0011000004,Abhay Ispat (India) Pvt Ltd,25277697,5000080451,4600000185,10,18-08-25,101,HRC,COIL,11513:2017,BIS,cr3,72083990,N,7.453,54339421,MATCHED
2000,R_HR_CO,Hot Rolled Black Coil,25H0241R00,27.87,2001,2.2,1235,0011000004,Abhay Ispat (India) Pvt Ltd,25277702,5000080453,4600000185,10,18-08-25,101,HRC,COIL,11513:2017,BIS,cr3,72083990,N,7.453,24457772,MATCHED
2000,R_HR_CO,Hot Rolled Black Coil,25H0242R00,27.915,2001,2.2,1235,0011000004,Abhay Ispat (India) Pvt Ltd,25277644,5000080455,4600000185,10,18-08-25,101,HRC,COIL,11513:2017,BIS,cr3,72083990,N,7.453,98494227,MATCHED
2000,R_HR>3MM_CO,Hot Rolled Black Coil 3mm & Above,25H0243R00,29.325,2001,3,1250,0011000004,Abhay Ispat (India) Pvt Ltd,25278279,5000080476,4600000185,110,18-08-25,101,HRC,COIL,11513:2017,BIS,cr2,72083890,N,7.453,17744734,MATCHED
2000,R_HR_CO,Hot Rolled Black Coil,25H0244R00,27.595,2001,2.5,1235,0011000004,Abhay Ispat (India) Pvt Ltd,25277829,5000080477,4600000185,20,18-08-25,101,HRC,COIL,11513:2017,BIS,cr3,72083990,N,7.453,60053225,MATCHED
2000,R_HR_CO,Hot Rolled Black Coil,25H0245R00,26.69,2001,2,1230,0011000004,Abhay Ispat (India) Pvt Ltd,25272013,5000080481,4600000185,80,18-08-25,101,HRC,COIL,11513:2017,BIS,cr3,72083990,N,7.453,97838450,MATCHED
2000,R_HR_CO,Hot Rolled Black Coil,25H0246R00,18.825,2001,2.5,1235,0011000004,Abhay Ispat (India) Pvt Ltd,25262837,5000080482,4600000185,20,18-08-25,101,HRC,COIL,11513:2017,BIS,cr3,72083990,N,7.453,48362886,MATCHED
2000,R_HR_CO,Hot Rolled Black Coil,25H0247R00,29.41,2001,2.8,1250,0011000004,Abhay Ispat (India) Pvt Ltd,25277943,5000080493,4600000185,60,18-08-25,101,HRC,COIL,11513:2017,BIS,cr2,72083990,N,7.453,91907507,MATCHED
2000,R_HR_CO,Hot Rolled Black Coil,25H0248R00,27.85,2001,2.5,1235,0011000004,Abhay Ispat (India) Pvt Ltd,25277690,5000080495,4600000185,20,18-08-25,101,HRC,COIL,11513:2017,BIS,cr3,72083990,N,7.453,58300846,MATCHED
2000,R_HR_CO,Hot Rolled Black Coil,25H0249R00,27.91,2001,2.5,1235,0011000004,Abhay Ispat (India) Pvt Ltd,25277654,5000080499,4600000185,20,18-08-25,101,HRC,COIL,11513:2017,BIS,cr3,72083990,N,7.453,15853044,MATCHED
2000,R_HR_CO,Hot Rolled Black Coil,25H0250R00,29.16,2001,2.8,1265,0011000004,Abhay Ispat (India) Pvt Ltd,25277817,5000080500,4600000185,70,18-08-25,101,HRC,COIL,11513:2017,BIS,cr2,72083990,N,7.453,62388477,MATCHED
2000,R_HR_CO,Hot Rolled Black Coil,25H0253R00,28.04,2001,2,1230,0011000004,Abhay Ispat (India) Pvt Ltd,25277718,5000080508,4600000185,80,18-08-25,101,HRC,COIL,11513:2017,BIS,cr3,72083990,N,7.453,58027119,MATCHED
2000,R_HR>3MM_CO,Hot Rolled Black Coil 3mm & Above,25H0254R00,29.1,2001,3,1250,0011000004,Abhay Ispat (India) Pvt Ltd,25277954,5000080509,4600000185,110,18-08-25,101,HRC,COIL,11513:2017,BIS,cr2,72083890,N,7.453,87698624,MATCHED
2000,R_HR_CO,Hot Rolled Black Coil,25H0255R00,21.64,2001,2.8,1250,0011000004,Abhay Ispat (India) Pvt Ltd,25274878,5000080519,4600000185,60,18-08-25,101,HRC,COIL,11513:2017,BIS,cr2,72083990,N,7.453,18237411,MATCHED
2000,R_HR_CO,Hot Rolled Black Coil,25H0256R00,27.935,2001,2.2,1235,0011000004,Abhay Ispat (India) Pvt Ltd,25277646,5000080520,4600000185,10,18-08-25,101,HRC,COIL,11513:2017,BIS,cr3,72083990,N,7.453,14512337,MATCHED
2000,R_HR_CO,Hot Rolled Black Coil,25H0257R00,27.915,2001,2.2,1235,0011000004,Abhay Ispat (India) Pvt Ltd,25277632,5000080521,4600000185,10,18-08-25,101,HRC,COIL,11513:2017,BIS,cr3,72083990,N,7.453,62741313,MATCHED
2000,R_HR_CO,Hot Rolled Black Coil,25H0258R00,27.9,2001,2.5,1235,0011000004,Abhay Ispat (India) Pvt Ltd,25277686,5000080522,4600000185,20,18-08-25,101,HRC,COIL,11513:2017,BIS,cr3,72083990,N,7.453,30999139,MATCHED
2000,R_HR_CO,Hot Rolled Black Coil,25H0259R00,29.27,2001,2.8,1265,0011000004,Abhay Ispat (India) Pvt Ltd,25277940,5000080531,4600000185,70,18-08-25,101,HRC,COIL,11513:2017,BIS,cr2,72083990,N,7.453,44591179,MATCHED
2000,R_HR_CO,Hot Rolled Black Coil,25H0260R00,27.535,2001,2.8,1150,0011000004,Abhay Ispat (India) Pvt Ltd,25277987,5000080534,4600000185,30,18-08-25,101,HRC,COIL,11513:2017,BIS,cr2,72083990,N,7.453,25318710,MATCHED
2000,R_HR_CO,Hot Rolled Black Coil,25H0261R00,28.025,2001,2,1230,0011000004,Abhay Ispat (India) Pvt Ltd,25277652,5000080538,4600000185,80,18-08-25,101,HRC,COIL,11513:2017,BIS,cr3,72083990,N,7.453,57658255,MATCHED
2000,R_HR_CO,Hot Rolled Black Coil,25H0262R00,27.94,2001,2.5,1235,0011000004,Abhay Ispat (India) Pvt Ltd,25277684,5000080539,4600000185,20,18-08-25,101,HRC,COIL,11513:2017,BIS,cr3,72083990,N,7.453,52644586,MATCHED
2000,R_HR_CO,Hot Rolled Black Coil,25H0263R00,27.56,2001,2.5,1235,0011000004,Abhay Ispat (India) Pvt Ltd,25277834,5000080548,4600000185,20,18-08-25,101,HRC,COIL,11513:2017,BIS,cr3,72083990,N,7.453,77684106,MATCHED
2000,R_HR_CO,Hot Rolled Black Coil,25H0264R00,27.905,2001,2,1230,0011000004,Abhay Ispat (India) Pvt Ltd,25277721,5000080549,4600000185,80,18-08-25,101,HRC,COIL,11513:2017,BIS,cr3,72083990,N,7.453,76439158,MATCHED
2000,R_HR_CO,Hot Rolled Black Coil,25H0265R00,26.22,2001,2.8,1220,0011000004,Abhay Ispat (India) Pvt Ltd,25278086,5000080550,4600000185,40,18-08-25,101,HRC,COIL,11513:2017,BIS,cr2,72083990,N,7.453,69139612,MATCHED
2000,R_HR_CO,Hot Rolled Black Coil,25H0266R00,26.875,2001,2,1260,0011000004,Abhay Ispat (India) Pvt Ltd,25271965,5000080553,4600000185,50,18-08-25,101,HRC,COIL,11513:2017,BIS,cr2,72083990,N,7.453,55680137,MATCHED
2000,R_HR_CO,Hot Rolled Black Coil,25H0267R00,27.57,2001,2.8,1150,0011000004,Abhay Ispat (India) Pvt Ltd,25277986,5000080568,4600000185,30,18-08-25,101,HRC,COIL,11513:2017,BIS,cr2,72083990,N,7.453,59844097,MATCHED
2000,R_HR_CO,Hot Rolled Black Coil,25H0268R00,26.62,2001,2.5,1235,0011000004,Abhay Ispat (India) Pvt Ltd,25272057,5000080569,4600000185,20,18-08-25,101,HRC,COIL,11513:2017,BIS,cr3,72083990,N,7.453,41833788,MATCHED
2000,R_HR_CO,Hot Rolled Black Coil,25H0269R00,27.95,2001,2.5,1235,0011000004,Abhay Ispat (India) Pvt Ltd,25277655,5000080570,4600000185,20,18-08-25,101,HRC,COIL,11513:2017,BIS,cr3,72083990,N,7.453,82190160,MATCHED
2000,R_HR_CO,Hot Rolled Black Coil,25H0270R00,27.925,2001,2.5,1235,0011000004,Abhay Ispat (India) Pvt Ltd,25278255,5000080571,4600000185,20,18-08-25,101,HRC,COIL,11513:2017,BIS,cr3,72083990,N,7.453,83986853,MATCHED
2000,R_HR_CO,Hot Rolled Black Coil,25H0271R00,27.935,2001,2.5,1235,0011000004,Abhay Ispat (India) Pvt Ltd,25277691,5000080577,4600000185,20,18-08-25,101,HRC,COIL,11513:2017,BIS,cr3,72083990,N,7.453,56526182,MATCHED
2000,R_HR_CO,Hot Rolled Black Coil,25H0272R00,27.85,2001,2.5,1235,0011000004,Abhay Ispat (India) Pvt Ltd,25277692,5000080578,4600000185,20,18-08-25,101,HRC,COIL,11513:2017,BIS,cr3,72083990,N,7.453,34498532,MATCHED
2000,R_HR>3MM_CO,Hot Rolled Black Coil 3mm & Above,25H0273R00,28.99,2001,3,1250,0011000004,Abhay Ispat (India) Pvt Ltd,25278076,5000080579,4600000185,110,18-08-25,101,HRC,COIL,11513:2017,BIS,cr2,72083890,N,7.453,72823695,MATCHED
2000,R_HR_CO,Hot Rolled Black Coil,25H0274R00,28.04,2001,2.5,1235,0011000004,Abhay Ispat (India) Pvt Ltd,25277653,5000080582,4600000185,20,18-08-25,101,HRC,COIL,11513:2017,BIS,cr3,72083990,N,7.453,99678799,MATCHED
2000,R_HR_CO,Hot Rolled Black Coil,25H0275R00,27.815,2001,2.5,1235,0011000004,Abhay Ispat (India) Pvt Ltd,25277683,5000080584,4600000185,20,18-08-25,101,HRC,COIL,11513:2017,BIS,cr3,72083990,N,7.453,45747198,MATCHED
2000,R_HR_CO,Hot Rolled Black Coil,25H0276R00,27.61,2001,2.5,1235,0011000004,Abhay Ispat (India) Pvt Ltd,25277833,5000080585,4600000185,20,18-08-25,101,HRC,COIL,11513:2017,BIS,cr3,72083990,N,7.453,26187680,MATCHED
2000,R_HR_CO,Hot Rolled Black Coil,25H0277R00,27.615,2001,2.8,1150,0011000004,Abhay Ispat (India) Pvt Ltd,25277989,5000080586,4600000185,30,18-08-25,101,HRC,COIL,11513:2017,BIS,cr2,72083990,N,7.453,85067741,MATCHED
2000,R_HR_CO,Hot Rolled Black Coil,25H0278R00,29.25,2001,2.8,1265,0011000004,Abhay Ispat (India) Pvt Ltd,25277938,5000080589,4600000185,70,18-08-25,101,HRC,COIL,11513:2017,BIS,cr2,72083990,N,7.453,73924655,MATCHED
2000,R_HR_CO,Hot Rolled Black Coil,25H0279R00,27.635,2001,2.8,1150,0011000004,Abhay Ispat (India) Pvt Ltd,25277991,5000080595,4600000185,30,18-08-25,101,HRC,COIL,11513:2017,BIS,cr2,72083990,N,7.453,10720720,MATCHED
2000,R_HR_CO,Hot Rolled Black Coil,25H0280R00,27.555,2001,2.8,1150,0011000004,Abhay Ispat (India) Pvt Ltd,25277990,5000080596,4600000185,30,18-08-25,101,HRC,COIL,11513:2017,BIS,cr2,72083990,N,7.453,26200098,MATCHED
2000,R_HR>3MM_CO,Hot Rolled Black Coil 3mm & Above,25H0281R00,29.11,2001,3,1250,0011000004,Abhay Ispat (India) Pvt Ltd,25278074,5000080597,4600000185,110,18-08-25,101,HRC,COIL,11513:2017,BIS,cr2,72083890,N,7.453,72029792,MATCHED
2000,R_HR_CO,Hot Rolled Black Coil,25H0283R00,27.835,2001,2.5,1235,0011000004,Abhay Ispat (India) Pvt Ltd,25277832,5000080604,4600000185,20,18-08-25,101,HRC,COIL,11513:2017,BIS,cr3,72083990,N,7.453,22652095,MATCHED
2000,R_HR_CO,Hot Rolled Black Coil,25H0284R00,27.845,2001,2.5,1235,0011000004,Abhay Ispat (India) Pvt Ltd,25277835,5000080606,4600000185,20,18-08-25,101,HRC,COIL,11513:2017,BIS,cr3,72083990,N,7.453,84836410,MATCHED
2000,R_HR_CO,Hot Rolled Black Coil,25H0285R00,23.985,2001,2.5,1235,0011000004,Abhay Ispat (India) Pvt Ltd,25272097,5000080608,4600000185,20,18-08-25,101,HRC,COIL,11513:2017,BIS,cr3,72083990,N,7.453,16750246,MATCHED
2000,R_HR_CO,Hot Rolled Black Coil,25H0286R00,28.015,2001,2.2,1235,0011000004,Abhay Ispat (India) Pvt Ltd,25277650,5000080609,4600000185,10,18-08-25,101,HRC,COIL,11513:2017,BIS,cr3,72083990,N,7.453,80420888,MATCHED
2000,R_HR>3MM_CO,Hot Rolled Black Coil 3mm & Above,25H0287R00,29.07,2001,3,1250,0011000004,Abhay Ispat (India) Pvt Ltd,25277953,5000080610,4600000185,110,18-08-25,101,HRC,COIL,11513:2017,BIS,cr2,72083890,N,7.453,67902719,MATCHED
2000,R_HR_CO,Hot Rolled Black Coil,25H0288R00,27.615,2001,2.5,1235,0011000004,Abhay Ispat (India) Pvt Ltd,25277830,5000080617,4600000185,20,18-08-25,101,HRC,COIL,11513:2017,BIS,cr3,72083990,N,7.453,27498799,MATCHED
2000,R_HR_CO,Hot Rolled Black Coil,25H0289R00,27.815,2001,2.5,1235,0011000004,Abhay Ispat (India) Pvt Ltd,25277831,5000080618,4600000185,20,18-08-25,101,HRC,COIL,11513:2017,BIS,cr3,72083990,N,7.453,70788674,MATCHED
2000,R_HR_CO,Hot Rolled Black Coil,25H0290R00,27.65,2001,2.2,1230,0011000057,ANM Ispat Private Limited,257188067,5000080639,4600000186,40,21-08-25,101,HRC,COIL,11513:2017,BIS,cr3,72083990,N,7.453,33449524,MATCHED
2000,R_HR_CO,Hot Rolled Black Coil,25H0291R00,27.52,2001,2.2,1230,0011000057,ANM Ispat Private Limited,257188066,5000080640,4600000186,40,21-08-25,101,HRC,COIL,11513:2017,BIS,cr3,72083990,N,7.453,12501058,MATCHED
2000,R_HR_CO,Hot Rolled Black Coil,25H0292R00,27.39,2001,2,1230,0011000057,ANM Ispat Private Limited,257144094,5000080641,4600000186,10,21-08-25,101,HRC,COIL,11513:2017,BIS,cr3,72083990,N,7.453,82485334,MATCHED
2000,R_HR_CO,Hot Rolled Black Coil,25H0293R00,27.4,2001,2,1230,0011000057,ANM Ispat Private Limited,257144096,5000080642,4600000186,10,21-08-25,101,HRC,COIL,11513:2017,BIS,cr3,72083990,N,7.453,44623855,MATCHED
2000,R_HR_CO,Hot Rolled Black Coil,25H0294R00,27.42,2001,2,1230,0011000057,ANM Ispat Private Limited,257144092,5000080643,4600000186,10,21-08-25,101,HRC,COIL,11513:2017,BIS,cr3,72083990,N,7.453,88067203,MATCHED
2000,R_HR_CO,Hot Rolled Black Coil,25H0295R00,27.43,2001,2,1230,0011000057,ANM Ispat Private Limited,257144080,5000080644,4600000186,10,21-08-25,101,HRC,COIL,11513:2017,BIS,cr3,72083990,N,7.453,32603179,MATCHED
2000,R_HR_CO,Hot Rolled Black Coil,25H0296R00,27.6,2001,2,1230,0011000057,ANM Ispat Private Limited,257144079,5000080645,4600000186,10,21-08-25,101,HRC,COIL,11513:2017,BIS,cr3,72083990,N,7.453,31620472,MATCHED
2000,R_HR_CO,Hot Rolled Black Coil,25H0297R00,27.72,2001,2.5,1230,0011000057,ANM Ispat Private Limited,257187038,5000080647,4600000186,30,21-08-25,101,HRC,COIL,11513:2017,BIS,cr3,72083990,N,7.453,80356795,MATCHED
2000,R_HR_CO,Hot Rolled Black Coil,25H0298R00,27.38,2001,2,1230,0011000057,ANM Ispat Private Limited,257144091,5000080650,4600000186,10,21-08-25,101,HRC,COIL,11513:2017,BIS,cr3,72083990,N,7.453,44378115,MATCHED
2000,R_HR_CO,Hot Rolled Black Coil,25H0299R00,27.7,2001,2,1230,0011000057,ANM Ispat Private Limited,257143075,5000080652,4600000186,10,21-08-25,101,HRC,COIL,11513:2017,BIS,cr3,72083990,N,7.453,87273432,MATCHED
2000,R_HR_CO,Hot Rolled Black Coil,25H0300R00,27.46,2001,2.2,1230,0011000057,ANM Ispat Private Limited,257187043,5000080651,4600000186,40,21-08-25,101,HRC,COIL,11513:2017,BIS,cr3,72083990,N,7.453,37785154,MATCHED
2000,R_HR_CO,Hot Rolled Black Coil,25H0301R00,27.61,2001,2.2,1230,0011000057,ANM Ispat Private Limited,257187040,5000080653,4600000186,40,21-08-25,101,HRC,COIL,11513:2017,BIS,cr3,72083990,N,7.453,44100077,MATCHED
2000,R_HR_CO,Hot Rolled Black Coil,25H0302R00,27.44,2001,2,1230,0011000057,ANM Ispat Private Limited,257146084,5000080654,4600000186,10,21-08-25,101,HRC,COIL,11513:2017,BIS,cr3,72083990,N,7.453,45661588,MATCHED
2000,R_HR_CO,Hot Rolled Black Coil,25H0303R00,27.6,2001,2.2,1230,0011000057,ANM Ispat Private Limited,257188063,5000080657,4600000186,40,21-08-25,101,HRC,COIL,11513:2017,BIS,cr3,72083990,N,7.453,85084270,MATCHED
2000,R_HR_CO,Hot Rolled Black Coil,25H0304R00,27.66,2001,2,1230,0011000057,ANM Ispat Private Limited,257143074,5000080659,4600000186,10,21-08-25,101,HRC,COIL,11513:2017,BIS,cr3,72083990,N,7.453,10860600,MATCHED
2000,R_HR_CO,Hot Rolled Black Coil,25H0305R00,27.52,2001,2,1230,0011000057,ANM Ispat Private Limited,257146081,5000080660,4600000186,10,21-08-25,101,HRC,COIL,11513:2017,BIS,cr3,72083990,N,7.453,42560631,MATCHED
2000,R_HR_CO,Hot Rolled Black Coil,25H0306R00,27.55,2001,2,1230,0011000057,ANM Ispat Private Limited,257146083,5000080663,4600000186,10,21-08-25,101,HRC,COIL,11513:2017,BIS,cr3,72083990,N,7.453,51116950,MATCHED
2000,R_HR_CO,Hot Rolled Black Coil,25H0307R00,27.49,2001,2,1230,0011000057,ANM Ispat Private Limited,257146082,5000080664,4600000186,10,21-08-25,101,HRC,COIL,11513:2017,BIS,cr3,72083990,N,7.453,27105582,MATCHED
2000,R_HR_CO,Hot Rolled Black Coil,25H0308R00,27.15,2001,2.2,1235,0011000057,ANM Ispat Private Limited,257143069,5000080666,4600000186,20,21-08-25,101,HRC,COIL,11513:2017,BIS,cr3,72083990,N,7.453,46541849,MATCHED
2000,R_HR_CO,Hot Rolled Black Coil,25H0309R00,27.59,2001,2,1230,0011000057,ANM Ispat Private Limited,257144090,5000080676,4600000186,10,21-08-25,101,HRC,COIL,11513:2017,BIS,cr3,72083990,N,7.453,23578123,MATCHED
2000,R_HR_CO,Hot Rolled Black Coil,25H0310R00,27.5,2001,2.2,1230,0011000057,ANM Ispat Private Limited,257187039,5000080677,4600000186,40,21-08-25,101,HRC,COIL,11513:2017,BIS,cr3,72083990,N,7.453,99612574,MATCHED
2000,R_HR_CO,Hot Rolled Black Coil,25H0311R00,27.69,2001,2,1230,0011000057,ANM Ispat Private Limited,257146086,5000080678,4600000186,10,21-08-25,101,HRC,COIL,11513:2017,BIS,cr3,72083990,N,7.453,90324144,MATCHED
2000,R_HR_CO,Hot Rolled Black Coil,25H0312R00,27.71,2001,2.2,1230,0011000057,ANM Ispat Private Limited,257188065,5000080679,4600000186,40,21-08-25,101,HRC,COIL,11513:2017,BIS,cr3,72083990,N,7.453,33192535,MATCHED
2000,R_HR_CO,Hot Rolled Black Coil,25H0313R00,27.65,2001,2.2,1230,0011000057,ANM Ispat Private Limited,257188064,5000080680,4600000186,40,21-08-25,101,HRC,COIL,11513:2017,BIS,cr3,72083990,N,7.453,38350614,MATCHED
2000,R_HR_CO,Hot Rolled Black Coil,25H0314R00,27.64,2001,2.5,1230,0011000057,ANM Ispat Private Limited,257188062,5000080681,4600000186,30,21-08-25,101,HRC,COIL,11513:2017,BIS,cr3,72083990,N,7.453,56745915,MATCHED
2000,R_HR_CO,Hot Rolled Black Coil,25H0315R00,27.54,2001,2.5,1230,0011000057,ANM Ispat Private Limited,257187036,5000080682,4600000186,30,21-08-25,101,HRC,COIL,11513:2017,BIS,cr3,72083990,N,7.453,57690032,MATCHED
2000,R_HR_CO,Hot Rolled Black Coil,25H0317R00,27.59,2001,2.2,1235,0011000057,ANM Ispat Private Limited,257144088,5000080685,4600000186,20,21-08-25,101,HRC,COIL,11513:2017,BIS,cr3,72083990,N,7.453,70774600,MATCHED
2000,R_HR_CO,Hot Rolled Black Coil,25H0318R00,27.69,2001,2.2,1230,0011000057,ANM Ispat Private Limited,257187044,5000080686,4600000186,40,21-08-25,101,HRC,COIL,11513:2017,BIS,cr3,72083990,N,7.453,60382086,MATCHED
2000,R_HR_CO,Hot Rolled Black Coil,25H0319R00,27.6,2001,2,1230,0011000057,ANM Ispat Private Limited,257144097,5000080690,4600000186,10,21-08-25,101,HRC,COIL,11513:2017,BIS,cr3,72083990,N,7.453,81319010,MATCHED
2000,R_HR_CO,Hot Rolled Black Coil,25H0320R00,27.71,2001,2,1230,0011000057,ANM Ispat Private Limited,257144089,5000080691,4600000186,10,21-08-25,101,HRC,COIL,11513:2017,BIS,cr3,72083990,N,7.453,59313489,MATCHED
2000,R_HR_CO,Hot Rolled Black Coil,25H0321R00,27.37,2001,2.5,1230,0011000057,ANM Ispat Private Limited,257187037,5000080693,4600000186,30,21-08-25,101,HRC,COIL,11513:2017,BIS,cr3,72083990,N,7.453,24689787,MATCHED
2000,R_HR_CO,Hot Rolled Black Coil,25H0322R00,27.61,2001,2.5,1230,0011000057,ANM Ispat Private Limited,257188061,5000080694,4600000186,30,21-08-25,101,HRC,COIL,11513:2017,BIS,cr3,72083990,N,7.453,60828697,MATCHED
2000,R_HR_CO,Hot Rolled Black Coil,25H0323R00,27.4,2001,2.5,1230,0011000057,ANM Ispat Private Limited,257187035,5000080696,4600000186,30,21-08-25,101,HRC,COIL,11513:2017,BIS,cr3,72083990,N,7.453,24773754,MATCHED
2000,R_HR_CO,Hot Rolled Black Coil,25H0324R00,27.6,2001,2.5,1230,0011000057,ANM Ispat Private Limited,257187034,5000080697,4600000186,30,21-08-25,101,HRC,COIL,11513:2017,BIS,cr3,72083990,N,7.453,29680331,MATCHED
2000,R_HR_CO,Hot Rolled Black Coil,25H0325R00,27.37,2001,2.2,1235,0011000057,ANM Ispat Private Limited,257144086,5000080698,4600000186,20,21-08-25,101,HRC,COIL,11513:2017,BIS,cr3,72083990,N,7.453,89684992,MATCHED
2000,R_HR_CO,Hot Rolled Black Coil,25H0327R00,27.29,2001,2.2,1230,0011000057,ANM Ispat Private Limited,257188068,5000080699,4600000186,40,21-08-25,101,HRC,COIL,11513:2017,BIS,cr3,72083990,N,7.453,53064750,MATCHED
2000,R_HR_CO,Hot Rolled Black Coil,25H0328R00,27.37,2001,2.2,1235,0011000057,ANM Ispat Private Limited,257144087,5000080703,4600000186,20,21-08-25,101,HRC,COIL,11513:2017,BIS,cr3,72083990,N,7.453,80262958,MATCHED
2000,R_HR_CO,Hot Rolled Black Coil,25H0329R00,27.58,2001,2,1230,0011000057,ANM Ispat Private Limited,257143078,5000080704,4600000186,10,21-08-25,101,HRC,COIL,11513:2017,BIS,cr3,72083990,N,7.453,88219808,MATCHED
2000,R_HR_CO,Hot Rolled Black Coil,25H0330R00,27.35,2001,2,1230,0011000057,ANM Ispat Private Limited,257144095,5000080706,4600000186,10,21-08-25,101,HRC,COIL,11513:2017,BIS,cr3,72083990,N,7.453,10183771,MATCHED
2000,R_HR_CO,Hot Rolled Black Coil,25H0331R00,27.55,2001,2,1230,0011000057,ANM Ispat Private Limited,257143077,5000080707,4600000186,10,21-08-25,101,HRC,COIL,11513:2017,BIS,cr3,72083990,N,7.453,16755670,MATCHED
2000,R_HR_CO,Hot Rolled Black Coil,25H0332R00,27.66,2001,2,1230,0011000057,ANM Ispat Private Limited,257143079,5000080708,4600000186,10,21-08-25,101,HRC,COIL,11513:2017,BIS,cr3,72083990,N,7.453,74157630,MATCHED
2000,R_HR_CO,Hot Rolled Black Coil,25H0333R00,27.58,2001,2,1230,0011000057,ANM Ispat Private Limited,257146085,5000080709,4600000186,10,21-08-25,101,HRC,COIL,11513:2017,BIS,cr3,72083990,N,7.453,46822616,MATCHED
2000,R_HR_CO,Hot Rolled Black Coil,25H0334R00,27.48,2001,2,1230,0011000057,ANM Ispat Private Limited,257144093,5000080710,4600000186,10,21-08-25,101,HRC,COIL,11513:2017,BIS,cr3,72083990,N,7.453,36967256,MATCHED
2000,R_HR_CO,Hot Rolled Black Coil,25H0335R00,27.65,2001,2,1230,0011000057,ANM Ispat Private Limited,257143070,5000080711,4600000186,10,21-08-25,101,HRC,COIL,11513:2017,BIS,cr3,72083990,N,7.453,72572971,MATCHED
2000,R_HR_CO,Hot Rolled Black Coil,25H0336R00,27.53,2001,2,1230,0011000057,ANM Ispat Private Limited,257144078,5000080712,4600000186,10,21-08-25,101,HRC,COIL,11513:2017,BIS,cr3,72083990,N,7.453,22480303,MATCHED
2000,R_HR_CO,Hot Rolled Black Coil,25H0337R00,27.55,2001,2,1230,0011000057,ANM Ispat Private Limited,257144098,5000080717,4600000186,10,21-08-25,101,HRC,COIL,11513:2017,BIS,cr3,72083990,N,7.453,16788101,MATCHED
2000,R_HR_CO,Hot Rolled Black Coil,25H0338R00,27.49,2001,2,1230,0011000057,ANM Ispat Private Limited,257144075,5000080718,4600000186,10,21-08-25,101,HRC,COIL,11513:2017,BIS,cr3,72083990,N,7.453,66609792,MATCHED
2000,R_HR_CO,Hot Rolled Black Coil,25H0339R00,27.41,2001,2,1230,0011000057,ANM Ispat Private Limited,257144081,5000080719,4600000186,10,21-08-25,101,HRC,COIL,11513:2017,BIS,cr3,72083990,N,7.453,50735173,MATCHED
2000,R_HR_CO,Hot Rolled Black Coil,25H0340R00,27.54,2001,2,1230,0011000057,ANM Ispat Private Limited,257144077,5000080720,4600000186,10,21-08-25,101,HRC,COIL,11513:2017,BIS,cr3,72083990,N,7.453,17627673,MATCHED
2000,R_HR_CO,Hot Rolled Black Coil,25H0341R00,27.63,2001,2,1230,0011000057,ANM Ispat Private Limited,257143073,5000080722,4600000186,10,21-08-25,101,HRC,COIL,11513:2017,BIS,cr3,72083990,N,7.453,86846310,MATCHED
2000,R_HR_CO,Hot Rolled Black Coil,25H0342R00,27.59,2001,2,1230,0011000057,ANM Ispat Private Limited,257143076,5000080721,4600000186,10,21-08-25,101,HRC,COIL,11513:2017,BIS,cr3,72083990,N,7.453,46080668,MATCHED
2000,R_HR_CO,Hot Rolled Black Coil,25H0343R00,27.45,2001,2.2,1235,0011000057,ANM Ispat Private Limited,257143068,5000080723,4600000186,20,21-08-25,101,HRC,COIL,11513:2017,BIS,cr3,72083990,N,7.453,99363318,MATCHED
2000,R_HR_CO,Hot Rolled Black Coil,25H0344R00,27.56,2001,2,1230,0011000057,ANM Ispat Private Limited,257144074,5000080725,4600000186,10,21-08-25,101,HRC,COIL,11513:2017,BIS,cr3,72083990,N,7.453,81686947,MATCHED
2000,R_HR_CO,Hot Rolled Black Coil,25H0345R00,27.66,2001,2.2,1235,0011000057,ANM Ispat Private Limited,257144070,5000080724,4600000186,20,21-08-25,101,HRC,COIL,11513:2017,BIS,cr3,72083990,N,7.453,23207038,MATCHED
2000,R_HR_CO,Hot Rolled Black Coil,25H0346R00,27.44,2001,2,1230,0011000057,ANM Ispat Private Limited,257144073,5000080726,4600000186,10,21-08-25,101,HRC,COIL,11513:2017,BIS,cr3,72083990,N,7.453,89019844,MATCHED
2000,R_HR_CO,Hot Rolled Black Coil,25H0347R00,27.64,2001,2.2,1230,0011000057,ANM Ispat Private Limited,257187079,5000080729,4600000186,40,21-08-25,101,HRC,COIL,11513:2017,BIS,cr3,72083990,N,7.453,57269227,MATCHED
2000,R_HR_CO,Hot Rolled Black Coil,25H0348R00,27.54,2001,2.2,1230,0011000057,ANM Ispat Private Limited,257187081,5000080730,4600000186,40,21-08-25,101,HRC,COIL,11513:2017,BIS,cr3,72083990,N,7.453,99499687,MATCHED
2000,R_HR_CO,Hot Rolled Black Coil,25H0349R00,27.71,2001,2.5,1230,0011000057,ANM Ispat Private Limited,257187053,5000080733,4600000186,30,21-08-25,101,HRC,COIL,11513:2017,BIS,cr3,72083990,N,7.453,53120900,MATCHED
2000,R_HR_CO,Hot Rolled Black Coil,25H0350R00,27.73,2001,2.2,1230,0011000057,ANM Ispat Private Limited,257187067,5000080744,4600000186,40,21-08-25,101,HRC,COIL,11513:2017,BIS,cr3,72083990,N,7.453,83037175,MATCHED
2000,R_HR_CO,Hot Rolled Black Coil,25H0351R00,28.61,2001,2,1230,0011000057,ANM Ispat Private Limited,257168111,5000080750,4600000186,10,21-08-25,101,HRC,COIL,11513:2017,BIS,cr3,72083990,N,7.453,51587501,MATCHED
2000,R_HR_CO,Hot Rolled Black Coil,25H0352R00,27.78,2001,2.2,1230,0011000057,ANM Ispat Private Limited,257187061,5000080752,4600000186,40,21-08-25,101,HRC,COIL,11513:2017,BIS,cr3,72083990,N,7.453,82149501,MATCHED
2000,R_HR_CO,Hot Rolled Black Coil,25H0353R00,27.82,2001,2.5,1230,0011000057,ANM Ispat Private Limited,257187060,5000080753,4600000186,30,21-08-25,101,HRC,COIL,11513:2017,BIS,cr3,72083990,N,7.453,50057414,MATCHED
2000,R_HR_CO,Hot Rolled Black Coil,25H0354R00,27.72,2001,2.2,1230,0011000057,ANM Ispat Private Limited,257187082,5000080754,4600000186,40,21-08-25,101,HRC,COIL,11513:2017,BIS,cr3,72083990,N,7.453,47755742,MATCHED
2000,R_HR_CO,Hot Rolled Black Coil,25H0355R00,27.61,2001,2.2,1230,0011000057,ANM Ispat Private Limited,257187078,5000080756,4600000186,40,21-08-25,101,HRC,COIL,11513:2017,BIS,cr3,72083990,N,7.453,45581666,MATCHED
2000,R_HR_CO,Hot Rolled Black Coil,25H0356R00,27.62,2001,2.5,1230,0011000057,ANM Ispat Private Limited,257187054,5000080759,4600000186,30,21-08-25,101,HRC,COIL,11513:2017,BIS,cr3,72083990,N,7.453,17700419,MATCHED
2000,R_HR_CO,Hot Rolled Black Coil,25H0357R00,27.64,2001,2.2,1230,0011000057,ANM Ispat Private Limited,257187052,5000080765,4600000186,40,21-08-25,101,HRC,COIL,11513:2017,BIS,cr3,72083990,N,7.453,86372563,MATCHED
2000,R_HR_CO,Hot Rolled Black Coil,25H0358R00,27.81,2001,2.2,1230,0011000057,ANM Ispat Private Limited,257187080,5000080768,4600000186,40,21-08-25,101,HRC,COIL,11513:2017,BIS,cr3,72083990,N,7.453,20555571,MATCHED
2000,R_HR_CO,Hot Rolled Black Coil,25H0359R00,28.65,2001,2.2,1235,0011000057,ANM Ispat Private Limited,257134069,5000080772,4600000186,20,21-08-25,101,HRC,COIL,11513:2017,BIS,cr3,72083990,N,7.453,52854108,MATCHED
2000,R_HR_CO,Hot Rolled Black Coil,25H0360R00,27.75,2001,2,1230,0011000057,ANM Ispat Private Limited,257143072,5000080774,4600000186,10,21-08-25,101,HRC,COIL,11513:2017,BIS,cr3,72083990,N,7.453,89090858,MATCHED
2000,R_HR_CO,Hot Rolled Black Coil,25H0361R00,27.79,2001,2.2,1230,0011000057,ANM Ispat Private Limited,257187071,5000080794,4600000186,40,21-08-25,101,HRC,COIL,11513:2017,BIS,cr3,72083990,N,7.453,71947130,MATCHED
2000,R_HR_CO,Hot Rolled Black Coil,25H0362R00,27.58,2001,2.5,1230,0011000057,ANM Ispat Private Limited,257187075,5000080808,4600000186,30,21-08-25,101,HRC,COIL,11513:2017,BIS,cr3,72083990,N,7.453,84572404,MATCHED
2000,R_HR_CO,Hot Rolled Black Coil,25H0363R00,27.73,2001,2.2,1230,0011000057,ANM Ispat Private Limited,257187063,5000080810,4600000186,40,21-08-25,101,HRC,COIL,11513:2017,BIS,cr3,72083990,N,7.453,11389341,MATCHED
2000,R_HR_CO,Hot Rolled Black Coil,25H0364R00,27.76,2001,2.2,1230,0011000057,ANM Ispat Private Limited,257187049,5000080813,4600000186,40,21-08-25,101,HRC,COIL,11513:2017,BIS,cr3,72083990,N,7.453,14561864,MATCHED
2000,R_HR_CO,Hot Rolled Black Coil,25H0365R00,27.48,2001,2.2,1230,0011000057,ANM Ispat Private Limited,257187045,5000080814,4600000186,40,21-08-25,101,HRC,COIL,11513:2017,BIS,cr3,72083990,N,7.453,43151512,MATCHED
2000,R_HR_CO,Hot Rolled Black Coil,25H0366R00,27.74,2001,2.5,1230,0011000057,ANM Ispat Private Limited,257187077,5000080815,4600000186,30,21-08-25,101,HRC,COIL,11513:2017,BIS,cr3,72083990,N,7.453,73869727,MATCHED
2000,R_HR_CO,Hot Rolled Black Coil,25H0367R00,27.77,2001,2.2,1230,0011000057,ANM Ispat Private Limited,257187051,5000080817,4600000186,40,21-08-25,101,HRC,COIL,11513:2017,BIS,cr3,72083990,N,7.453,99589871,MATCHED
2000,R_HR_CO,Hot Rolled Black Coil,25H0368R00,27.69,2001,2.2,1230,0011000057,ANM Ispat Private Limited,257187048,5000080818,4600000186,40,21-08-25,101,HRC,COIL,11513:2017,BIS,cr3,72083990,N,7.453,26233796,MATCHED
2000,R_HR_CO,Hot Rolled Black Coil,25H0369R00,27.71,2001,2.2,1230,0011000057,ANM Ispat Private Limited,257187072,5000080819,4600000186,40,21-08-25,101,HRC,COIL,11513:2017,BIS,cr3,72083990,N,7.453,82709668,MATCHED
2000,R_HR_CO,Hot Rolled Black Coil,25H0370R00,27.81,2001,2.5,1230,0011000057,ANM Ispat Private Limited,257187073,5000080820,4600000186,30,21-08-25,101,HRC,COIL,11513:2017,BIS,cr3,72083990,N,7.453,34175470,MATCHED
2000,R_HR_CO,Hot Rolled Black Coil,25H0371R00,27.61,2001,2.2,1230,0011000057,ANM Ispat Private Limited,257187046,5000080821,4600000186,40,21-08-25,101,HRC,COIL,11513:2017,BIS,cr3,72083990,N,7.453,82701297,MATCHED
2000,R_HR_CO,Hot Rolled Black Coil,25H0372R00,27.7,2001,2.5,1230,0011000057,ANM Ispat Private Limited,257187076,5000080822,4600000186,30,21-08-25,101,HRC,COIL,11513:2017,BIS,cr3,72083990,N,7.453,58315034,MATCHED
2000,R_HR_CO,Hot Rolled Black Coil,25H0373R00,27.67,2001,2.2,1230,0011000057,ANM Ispat Private Limited,257187047,5000080823,4600000186,40,21-08-25,101,HRC,COIL,11513:2017,BIS,cr3,72083990,N,7.453,25181400,MATCHED
2000,R_HR_CO,Hot Rolled Black Coil,25H0374R00,27.7,2001,2.5,1230,0011000057,ANM Ispat Private Limited,257187074,5000080826,4600000186,30,21-08-25,101,HRC,COIL,11513:2017,BIS,cr3,72083990,N,7.453,43232242,MATCHED
2000,R_HR_CO,Hot Rolled Black Coil,25H0375R00,27.68,2001,2,1230,0011000057,ANM Ispat Private Limited,257143091,5000080827,4600000186,10,21-08-25,101,HRC,COIL,11513:2017,BIS,cr3,72083990,N,7.453,84311212,MATCHED
2000,R_HR_CO,Hot Rolled Black Coil,25H0376R00,27.59,2001,2,1230,0011000057,ANM Ispat Private Limited,257143088,5000080828,4600000186,10,21-08-25,101,HRC,COIL,11513:2017,BIS,cr3,72083990,N,7.453,52256393,MATCHED
2000,R_HR_CO,Hot Rolled Black Coil,25H0377R00,27.74,2001,2.2,1230,0011000057,ANM Ispat Private Limited,257187070,5000080829,4600000186,40,21-08-25,101,HRC,COIL,11513:2017,BIS,cr3,72083990,N,7.453,92132865,MATCHED
2000,R_HR_CO,Hot Rolled Black Coil,25H0378R00,27.79,2001,2.2,1230,0011000057,ANM Ispat Private Limited,257187062,5000080830,4600000186,40,21-08-25,101,HRC,COIL,11513:2017,BIS,cr3,72083990,N,7.453,83695257,MATCHED
2000,R_HR_CO,Hot Rolled Black Coil,25H0379R00,27.69,2001,2.2,1230,0011000057,ANM Ispat Private Limited,257187055,5000080831,4600000186,40,21-08-25,101,HRC,COIL,11513:2017,BIS,cr3,72083990,N,7.453,76342206,MATCHED
2000,R_HR_CO,Hot Rolled Black Coil,25H0380R00,27.6,2001,2.2,1230,0011000057,ANM Ispat Private Limited,257187085,5000080832,4600000186,40,21-08-25,101,HRC,COIL,11513:2017,BIS,cr3,72083990,N,7.453,12212383,MATCHED
2000,R_HR_CO,Hot Rolled Black Coil,25H0381R00,27.55,2001,2.2,1230,0011000057,ANM Ispat Private Limited,257187042,5000080833,4600000186,40,21-08-25,101,HRC,COIL,11513:2017,BIS,cr3,72083990,N,7.453,51759728,MATCHED
2000,R_HR_CO,Hot Rolled Black Coil,25H0382R00,27.65,2001,2.2,1230,0011000057,ANM Ispat Private Limited,257187089,5000080835,4600000186,40,21-08-25,101,HRC,COIL,11513:2017,BIS,cr3,72083990,N,7.453,95667407,MATCHED
2000,R_HR_CO,Hot Rolled Black Coil,25H0383R00,27.62,2001,2,1230,0011000057,ANM Ispat Private Limited,257143087,5000080836,4600000186,10,21-08-25,101,HRC,COIL,11513:2017,BIS,cr3,72083990,N,7.453,14618690,MATCHED
2000,R_HR_CO,Hot Rolled Black Coil,25H0384R00,27.62,2001,2.5,1230,0011000057,ANM Ispat Private Limited,257189082,5000080853,4600000186,30,21-08-25,101,HRC,COIL,11513:2017,BIS,cr3,72083990,N,7.453,54237676,MATCHED
2000,R_HR_CO,Hot Rolled Black Coil,25H0385R00,27.58,2001,2,1230,0011000057,ANM Ispat Private Limited,257144076,5000080854,4600000186,10,21-08-25,101,HRC,COIL,11513:2017,BIS,cr3,72083990,N,7.453,14916079,MATCHED
2000,R_HR_CO,Hot Rolled Black Coil,25H0386R00,27.55,2001,2.2,1230,0011000057,ANM Ispat Private Limited,257187090,5000080857,4600000186,40,21-08-25,101,HRC,COIL,11513:2017,BIS,cr3,72083990,N,7.453,10742454,MATCHED
2000,R_HR_CO,Hot Rolled Black Coil,25H0387R00,27.7,2001,2.2,1230,0011000057,ANM Ispat Private Limited,257187088,5000080858,4600000186,40,21-08-25,101,HRC,COIL,11513:2017,BIS,cr3,72083990,N,7.453,53884489,MATCHED
2000,R_HR_CO,Hot Rolled Black Coil,25H0388R00,27.68,2001,2,1230,0011000057,ANM Ispat Private Limited,257143089,5000080859,4600000186,10,21-08-25,101,HRC,COIL,11513:2017,BIS,cr3,72083990,N,7.453,51469942,MATCHED
2000,R_HR_CO,Hot Rolled Black Coil,25H0389R00,27.7,2001,2.2,1235,0011000057,ANM Ispat Private Limited,257143085,5000080860,4600000186,20,21-08-25,101,HRC,COIL,11513:2017,BIS,cr3,72083990,N,7.453,52944426,MATCHED
2000,R_HR_CO,Hot Rolled Black Coil,25H0390R00,27.66,2001,2,1230,0011000057,ANM Ispat Private Limited,257143086,5000080861,4600000186,10,21-08-25,101,HRC,COIL,11513:2017,BIS,cr3,72083990,N,7.453,95151982,MATCHED
2000,R_HR_CO,Hot Rolled Black Coil,25H0391R00,27.76,2001,2.2,1235,0011000057,ANM Ispat Private Limited,257143084,5000080863,4600000186,20,21-08-25,101,HRC,COIL,11513:2017,BIS,cr3,72083990,N,7.453,43227697,MATCHED
2000,R_HR_CO,Hot Rolled Black Coil,25H0392R00,27.29,2001,2.2,1230,0011000057,ANM Ispat Private Limited,257187041,5000080864,4600000186,40,21-08-25,101,HRC,COIL,11513:2017,BIS,cr3,72083990,N,7.453,10355631,MATCHED
2000,R_HR_CO,Hot Rolled Black Coil,25H0393R00,27.69,2001,2.2,1230,0011000057,ANM Ispat Private Limited,257189088,5000080865,4600000186,40,21-08-25,101,HRC,COIL,11513:2017,BIS,cr3,72083990,N,7.453,16706163,MATCHED
2000,R_HR_CO,Hot Rolled Black Coil,25H0394R00,27.69,2001,2,1230,0011000057,ANM Ispat Private Limited,257143090,5000080866,4600000186,10,21-08-25,101,HRC,COIL,11513:2017,BIS,cr3,72083990,N,7.453,34954073,MATCHED
2000,R_HR_CO,Hot Rolled Black Coil,25H0395R00,27.37,2001,2,1230,0011000057,ANM Ispat Private Limited,257143095,5000080867,4600000186,10,21-08-25,101,HRC,COIL,11513:2017,BIS,cr3,72083990,N,7.453,69365551,MATCHED
2000,R_HR_CO,Hot Rolled Black Coil,25H0396R00,26.66,2001,2,1230,0011000057,ANM Ispat Private Limited,257143071A,5000080868,4600000186,10,21-08-25,101,HRC,COIL,11513:2017,BIS,cr3,72083990,N,7.453,17656617,MATCHED
2000,R_HR_CO,Hot Rolled Black Coil,25H0397R00,27.23,2001,2.2,1230,0011000057,ANM Ispat Private Limited,257190095,5000080943,4600000186,40,21-08-25,101,HRC,COIL,11513:2017,BIS,cr3,72083990,N,7.453,44536126,MATCHED
2000,R_HR_CO,Hot Rolled Black Coil,25H0398R00,27.77,2001,2.2,1230,0011000057,ANM Ispat Private Limited,257187058,5000080945,4600000186,40,21-08-25,101,HRC,COIL,11513:2017,BIS,cr3,72083990,N,7.453,76249760,MATCHED
2000,R_HR_CO,Hot Rolled Black Coil,25H0399R00,29.33,2001,2.8,1265,0011000004,Abhay Ispat (India) Pvt Ltd,25277822,5000080960,4600000185,70,18-08-25,101,HRC,COIL,11513:2017,BIS,cr2,72083990,N,7.453,64159293,MATCHED
2000,R_HR_CO,Hot Rolled Black Coil,25H0400R00,27.38,2001,2.5,1230,0011000057,ANM Ispat Private Limited,257196087,5000080991,4600000186,30,21-08-25,101,HRC,COIL,11513:2017,BIS,cr3,72083990,N,7.453,84533551,MATCHED
2000,R_HR_CO,Hot Rolled Black Coil,25H0401R00,25.62,2001,2.8,1250,0011000004,Abhay Ispat (India) Pvt Ltd,25280939,5000081048,4600000185,60,18-08-25,101,HRC,COIL,11513:2017,BIS,cr2,72083990,N,7.453,38099600,MATCHED
2000,R_HR>3MM_CO,Hot Rolled Black Coil 3mm & Above,25H0402R00,27.835,2001,3.6,1180,0011000004,Abhay Ispat (India) Pvt Ltd,25281360,5000081049,4600000185,130,18-08-25,101,HRC,COIL,11513:2017,BIS,cr2,72083890,N,7.453,20228861,MATCHED
2000,R_HR_CO,Hot Rolled Black Coil,25H0403R00,28.85,2001,2.5,1235,0011000004,Abhay Ispat (India) Pvt Ltd,25281409,5000081050,4600000185,20,18-08-25,101,HRC,COIL,11513:2017,BIS,cr3,72083990,N,7.453,74288860,MATCHED
2000,R_HR>3MM_CO,Hot Rolled Black Coil 3mm & Above,25H0404R00,27.845,2001,3,1180,0011000004,Abhay Ispat (India) Pvt Ltd,25281369,5000081051,4600000185,120,18-08-25,101,HRC,COIL,11513:2017,BIS,cr2,72083890,N,7.453,16821712,MATCHED
2000,R_HR>3MM_CO,Hot Rolled Black Coil 3mm & Above,25H0405R00,27.865,2001,3.6,1180,0011000004,Abhay Ispat (India) Pvt Ltd,25281356,5000081052,4600000185,130,18-08-25,101,HRC,COIL,11513:2017,BIS,cr2,72083890,N,7.453,29264740,MATCHED
2000,R_HR_CO,Hot Rolled Black Coil,25H0406R00,29.51,2001,2.8,1250,0011000004,Abhay Ispat (India) Pvt Ltd,25280934,5000081053,4600000185,60,18-08-25,101,HRC,COIL,11513:2017,BIS,cr2,72083990,N,7.453,55964337,MATCHED
2000,R_HR>3MM_CO,Hot Rolled Black Coil 3mm & Above,25H0407R00,27.82,2001,3.6,1180,0011000004,Abhay Ispat (India) Pvt Ltd,25281355,5000081054,4600000185,130,18-08-25,101,HRC,COIL,11513:2017,BIS,cr2,72083890,N,7.453,33636230,MATCHED
2000,R_HR_CO,Hot Rolled Black Coil,25H0408R00,23.19,2001,2.8,1250,0011000004,Abhay Ispat (India) Pvt Ltd,25278789,5000081055,4600000185,60,18-08-25,101,HRC,COIL,11513:2017,BIS,cr2,72083990,N,7.453,32568386,MATCHED
2000,R_HR_CO,Hot Rolled Black Coil,25H0409R00,28.82,2001,2.5,1230,0011000057,ANM Ispat Private Limited,257216073,5000081059,4600000186,30,21-08-25,101,HRC,COIL,11513:2017,BIS,cr3,72083990,N,7.453,52450323,MATCHED
2000,R_HR_CO,Hot Rolled Black Coil,25H0410R00,27.54,2001,2.2,1230,0011000057,ANM Ispat Private Limited,257214060,5000081060,4600000186,40,21-08-25,101,HRC,COIL,11513:2017,BIS,cr3,72083990,N,7.453,42116322,MATCHED
2000,R_HR_CO,Hot Rolled Black Coil,25H0411R00,27.63,2001,2.2,1230,0011000057,ANM Ispat Private Limited,257214053,5000081061,4600000186,40,21-08-25,101,HRC,COIL,11513:2017,BIS,cr3,72083990,N,7.453,24580093,MATCHED
2000,R_HR_CO,Hot Rolled Black Coil,25H0412R00,28.77,2001,2.5,1230,0011000057,ANM Ispat Private Limited,257216070,5000081062,4600000186,30,21-08-25,101,HRC,COIL,11513:2017,BIS,cr3,72083990,N,7.453,36049554,MATCHED
2000,R_HR_CO,Hot Rolled Black Coil,25H0413R00,28.57,2001,2.5,1230,0011000057,ANM Ispat Private Limited,257216069,5000081063,4600000186,30,21-08-25,101,HRC,COIL,11513:2017,BIS,cr3,72083990,N,7.453,78048899,MATCHED
2000,R_HR_CO,Hot Rolled Black Coil,25H0414R00,28.6,2001,2.5,1230,0011000057,ANM Ispat Private Limited,257216064,5000081064,4600000186,30,21-08-25,101,HRC,COIL,11513:2017,BIS,cr3,72083990,N,7.453,70460352,MATCHED
2000,R_HR_CO,Hot Rolled Black Coil,25H0415R00,28.81,2001,2.5,1230,0011000057,ANM Ispat Private Limited,257216071,5000081065,4600000186,30,21-08-25,101,HRC,COIL,11513:2017,BIS,cr3,72083990,N,7.453,54640928,MATCHED
2000,R_HR_CO,Hot Rolled Black Coil,25H0416R00,27.72,2001,2.5,1230,0011000057,ANM Ispat Private Limited,257214091,5000081066,4600000186,30,21-08-25,101,HRC,COIL,11513:2017,BIS,cr3,72083990,N,7.453,46365061,MATCHED
2000,R_HR_CO,Hot Rolled Black Coil,25H0417R00,27.76,2001,2.5,1230,0011000057,ANM Ispat Private Limited,257214092,5000081067,4600000186,30,21-08-25,101,HRC,COIL,11513:2017,BIS,cr3,72083990,N,7.453,54302077,MATCHED
2000,R_HR>3MM_CO,Hot Rolled Black Coil 3mm & Above,25H0418R00,27.86,2001,3,1180,0011000004,Abhay Ispat (India) Pvt Ltd,25278545,5000081068,4600000185,120,18-08-25,101,HRC,COIL,11513:2017,BIS,cr2,72083890,N,7.453,52118402,MATCHED
2000,R_HR_CO,Hot Rolled Black Coil,25H0419R00,28.69,2001,2.5,1230,0011000057,ANM Ispat Private Limited,257216068,5000081069,4600000186,30,21-08-25,101,HRC,COIL,11513:2017,BIS,cr3,72083990,N,7.453,12151588,MATCHED
2000,R_HR_CO,Hot Rolled Black Coil,25H0420R00,27.64,2001,2.5,1230,0011000057,ANM Ispat Private Limited,257214050,5000081070,4600000186,30,21-08-25,101,HRC,COIL,11513:2017,BIS,cr3,72083990,N,7.453,65262797,MATCHED
2000,R_HR_CO,Hot Rolled Black Coil,25H0421R00,28.81,2001,2.5,1230,0011000057,ANM Ispat Private Limited,257216067,5000081071,4600000186,30,21-08-25,101,HRC,COIL,11513:2017,BIS,cr3,72083990,N,7.453,49470202,MATCHED
2000,R_HR_CO,Hot Rolled Black Coil,25H0422R00,28.68,2001,2.5,1230,0011000057,ANM Ispat Private Limited,257215082,5000081072,4600000186,30,21-08-25,101,HRC,COIL,11513:2017,BIS,cr3,72083990,N,7.453,66630580,MATCHED
2000,R_HR_CO,Hot Rolled Black Coil,25H0423R00,27.7,2001,2.5,1230,0011000057,ANM Ispat Private Limited,257212069,5000081074,4600000186,30,21-08-25,101,HRC,COIL,11513:2017,BIS,cr3,72083990,N,7.453,36078233,MATCHED
2000,R_HR_CO,Hot Rolled Black Coil,25H0424R00,27.64,2001,2,1230,0011000057,ANM Ispat Private Limited,257196100,5000081075,4600000186,10,21-08-25,101,HRC,COIL,11513:2017,BIS,cr3,72083990,N,7.453,36864868,MATCHED
2000,R_HR_CO,Hot Rolled Black Coil,25H0425R00,27.61,2001,2.2,1230,0011000057,ANM Ispat Private Limited,257212080,5000081076,4600000186,40,21-08-25,101,HRC,COIL,11513:2017,BIS,cr3,72083990,N,7.453,22547331,MATCHED
2000,R_HR_CO,Hot Rolled Black Coil,25H0426R00,27.62,2001,2.2,1230,0011000057,ANM Ispat Private Limited,257214072,5000081080,4600000186,40,21-08-25,101,HRC,COIL,11513:2017,BIS,cr3,72083990,N,7.453,14314055,MATCHED
2000,R_HR_CO,Hot Rolled Black Coil,25H0427R00,27.62,2001,2.2,1230,0011000057,ANM Ispat Private Limited,257212078,5000081081,4600000186,40,21-08-25,101,HRC,COIL,11513:2017,BIS,cr3,72083990,N,7.453,43825106,MATCHED
2000,R_HR_CO,Hot Rolled Black Coil,25H0428R00,27.56,2001,2.2,1230,0011000057,ANM Ispat Private Limited,257212076,5000081082,4600000186,40,21-08-25,101,HRC,COIL,11513:2017,BIS,cr3,72083990,N,7.453,48129511,MATCHED
2000,R_HR_CO,Hot Rolled Black Coil,25H0429R00,28.87,2001,2.5,1230,0011000057,ANM Ispat Private Limited,257216066,5000081083,4600000186,30,21-08-25,101,HRC,COIL,11513:2017,BIS,cr3,72083990,N,7.453,21966011,MATCHED
2000,R_HR_CO,Hot Rolled Black Coil,25H0435R00,28.52,2001,2.5,1230,0011000057,ANM Ispat Private Limited,257215080,5000081088,4600000186,30,21-08-25,101,HRC,COIL,11513:2017,BIS,cr3,72083990,N,7.453,74365434,MATCHED
2000,R_HR_CO,Hot Rolled Black Coil,25H0438R00,28.885,2001,2.8,1220,0011000004,Abhay Ispat (India) Pvt Ltd,25281645,5000081098,4600000185,40,18-08-25,101,HRC,COIL,11513:2017,BIS,cr2,72083990,N,7.453,73648342,MATCHED
2000,R_HR_CO,Hot Rolled Black Coil,25H0439R00,29.54,2001,2.8,1220,0011000004,Abhay Ispat (India) Pvt Ltd,25281749,5000081099,4600000185,40,18-08-25,101,HRC,COIL,11513:2017,BIS,cr2,72083990,N,7.453,54362559,MATCHED
2000,R_HR_CO,Hot Rolled Black Coil,25H0440R00,28.64,2001,2.8,1220,0011000004,Abhay Ispat (India) Pvt Ltd,25281644,5000081100,4600000185,40,18-08-25,101,HRC,COIL,11513:2017,BIS,cr2,72083990,N,7.453,36094834,MATCHED
2000,R_HR_CO,Hot Rolled Black Coil,25H0441R00,26.98,2001,2.8,1220,0011000004,Abhay Ispat (India) Pvt Ltd,25281751,5000081101,4600000185,40,18-08-25,101,HRC,COIL,11513:2017,BIS,cr2,72083990,N,7.453,18247046,MATCHED
2000,R_HR>3MM_CO,Hot Rolled Black Coil 3mm & Above,25H0442R00,28.225,2001,3,1220,0011000004,Abhay Ispat (India) Pvt Ltd,25278537,5000081102,4600000185,100,18-08-25,101,HRC,COIL,11513:2017,BIS,cr2,72083890,N,7.453,82823116,MATCHED
2000,R_HR_CO,Hot Rolled Black Coil,25H0443R00,27.685,2001,2.8,1220,0011000004,Abhay Ispat (India) Pvt Ltd,25281901,5000081103,4600000185,40,18-08-25,101,HRC,COIL,11513:2017,BIS,cr2,72083990,N,7.453,65888391,MATCHED
2000,R_HR_CO,Hot Rolled Black Coil,25H0444R00,29.31,2001,2.8,1220,0011000004,Abhay Ispat (India) Pvt Ltd,25281750,5000081104,4600000185,40,18-08-25,101,HRC,COIL,11513:2017,BIS,cr2,72083990,N,7.453,25077016,MATCHED
2000,R_HR_CO,Hot Rolled Black Coil,25H0445R00,27.99,2001,2.8,1220,0011000004,Abhay Ispat (India) Pvt Ltd,25281952,5000081105,4600000185,40,18-08-25,101,HRC,COIL,11513:2017,BIS,cr2,72083990,N,7.453,12571995,MATCHED
2000,R_HR_CO,Hot Rolled Black Coil,25H0446R00,27.825,2001,2.8,1220,0011000004,Abhay Ispat (India) Pvt Ltd,25281950,5000081106,4600000185,40,18-08-25,101,HRC,COIL,11513:2017,BIS,cr2,72083990,N,7.453,48833796,MATCHED
2000,R_HR_CO,Hot Rolled Black Coil,25H0447R00,28.79,2001,2.8,1220,0011000004,Abhay Ispat (India) Pvt Ltd,25281646,5000081107,4600000185,40,18-08-25,101,HRC,COIL,11513:2017,BIS,cr2,72083990,N,7.453,12508116,MATCHED
2000,R_HR_CO,Hot Rolled Black Coil,25H0448R00,28.585,2001,2.8,1220,0011000004,Abhay Ispat (India) Pvt Ltd,25281647,5000081108,4600000185,40,18-08-25,101,HRC,COIL,11513:2017,BIS,cr2,72083990,N,7.453,24228220,MATCHED
2000,R_HR_CO,Hot Rolled Black Coil,25H0449R00,27.81,2001,2.5,1235,0011000004,Abhay Ispat (India) Pvt Ltd,25281012,5000081115,4600000185,20,18-08-25,101,HRC,COIL,11513:2017,BIS,cr3,72083990,N,7.453,97149665,MATCHED
2000,R_HR_CO,Hot Rolled Black Coil,25H0450R00,28.22,2001,2.8,1250,0011000004,Abhay Ispat (India) Pvt Ltd,25278788,5000081116,4600000185,60,18-08-25,101,HRC,COIL,11513:2017,BIS,cr2,72083990,N,7.453,76423014,MATCHED
2000,R_HR_CO,Hot Rolled Black Coil,25H0451R00,28.315,2001,2.8,1250,0011000004,Abhay Ispat (India) Pvt Ltd,25280937,5000081118,4600000185,60,18-08-25,101,HRC,COIL,11513:2017,BIS,cr2,72083990,N,7.453,64387624,MATCHED
2000,R_HR_CO,Hot Rolled Black Coil,25H0452R00,22.84,2001,2.8,1250,0011000004,Abhay Ispat (India) Pvt Ltd,25278793,5000081121,4600000185,60,18-08-25,101,HRC,COIL,11513:2017,BIS,cr2,72083990,N,7.453,30407919,MATCHED
2000,R_HR_CO,Hot Rolled Black Coil,25H0453R00,23.27,2001,2.8,1250,0011000004,Abhay Ispat (India) Pvt Ltd,25278787,5000081122,4600000185,60,18-08-25,101,HRC,COIL,11513:2017,BIS,cr2,72083990,N,7.453,31820104,MATCHED
2000,R_HR_CO,Hot Rolled Black Coil,25H0454R00,27.845,2001,2.8,1180,0011000004,Abhay Ispat (India) Pvt Ltd,25281344,5000081129,4600000185,140,18-08-25,101,HRC,COIL,11513:2017,BIS,cr2,72083990,N,7.453,92532330,MATCHED
2000,R_HR_CO,Hot Rolled Black Coil,25H0455R00,24.865,2001,2.8,1250,0011000004,Abhay Ispat (India) Pvt Ltd,25281309,5000081131,4600000185,60,18-08-25,101,HRC,COIL,11513:2017,BIS,cr2,72083990,N,7.453,11658014,MATCHED
2000,R_HR>3MM_CO,Hot Rolled Black Coil 3mm & Above,25H0456R00,27.905,2001,3.6,1180,0011000004,Abhay Ispat (India) Pvt Ltd,25281359,5000081132,4600000185,130,18-08-25,101,HRC,COIL,11513:2017,BIS,cr2,72083890,N,7.453,73895692,MATCHED
2000,R_HR_CO,Hot Rolled Black Coil,25H0457R00,27.585,2001,2.2,1235,0011000004,Abhay Ispat (India) Pvt Ltd,25281335,5000081133,4600000185,10,18-08-25,101,HRC,COIL,11513:2017,BIS,cr3,72083990,N,7.453,78628785,MATCHED
2000,R_HR>3MM_CO,Hot Rolled Black Coil 3mm & Above,25H0458R00,27.87,2001,3.6,1180,0011000004,Abhay Ispat (India) Pvt Ltd,25281352,5000081134,4600000185,130,18-08-25,101,HRC,COIL,11513:2017,BIS,cr2,72083890,N,7.453,95148139,MATCHED
2000,R_HR_CO,Hot Rolled Black Coil,25H0459R00,27.82,2001,2.5,1235,0011000004,Abhay Ispat (India) Pvt Ltd,25280846,5000081136,4600000185,20,18-08-25,101,HRC,COIL,11513:2017,BIS,cr3,72083990,N,7.453,80282602,MATCHED
2000,R_HR_CO,Hot Rolled Black Coil,25H0460R00,25.99,2001,2.8,1180,0011000004,Abhay Ispat (India) Pvt Ltd,25281372,5000081137,4600000185,140,18-08-25,101,HRC,COIL,11513:2017,BIS,cr2,72083990,N,7.453,70060353,MATCHED
2000,R_HR_CO,Hot Rolled Black Coil,25H0461R00,27.965,2001,2.8,1180,0011000004,Abhay Ispat (India) Pvt Ltd,25281348,5000081138,4600000185,140,18-08-25,101,HRC,COIL,11513:2017,BIS,cr2,72083990,N,7.453,70673998,MATCHED
2000,R_HR_CO,Hot Rolled Black Coil,25H0462R00,27.58,2001,2.8,1180,0011000004,Abhay Ispat (India) Pvt Ltd,25281347,5000081141,4600000185,140,18-08-25,101,HRC,COIL,11513:2017,BIS,cr2,72083990,N,7.453,65103735,MATCHED
2000,R_HR_CO,Hot Rolled Black Coil,25H0463R00,25.565,2001,2.8,1250,0011000004,Abhay Ispat (India) Pvt Ltd,25280938,5000081148,4600000185,60,18-08-25,101,HRC,COIL,11513:2017,BIS,cr2,72083990,N,7.453,19508606,MATCHED
2000,R_HR_CO,Hot Rolled Black Coil,25H0464R00,25.545,2001,2.8,1250,0011000004,Abhay Ispat (India) Pvt Ltd,25280941,5000081150,4600000185,60,18-08-25,101,HRC,COIL,11513:2017,BIS,cr2,72083990,N,7.453,19460518,MATCHED
2000,R_HR_CO,Hot Rolled Black Coil,25H0465R00,27.87,2001,2.2,1235,0011000004,Abhay Ispat (India) Pvt Ltd,25277642,5000081152,4600000185,10,18-08-25,101,HRC,COIL,11513:2017,BIS,cr3,72083990,N,7.453,13850394,MATCHED
2000,R_HR_CO,Hot Rolled Black Coil,25H0466R00,27.78,2001,2.8,1180,0011000004,Abhay Ispat (India) Pvt Ltd,25281343,5000081154,4600000185,140,18-08-25,101,HRC,COIL,11513:2017,BIS,cr2,72083990,N,7.453,68279117,MATCHED
2000,R_HR>3MM_CO,Hot Rolled Black Coil 3mm & Above,25H0467R00,27.74,2001,3.6,1180,0011000004,Abhay Ispat (India) Pvt Ltd,25281361,5000081153,4600000185,130,18-08-25,101,HRC,COIL,11513:2017,BIS,cr2,72083890,N,7.453,75922260,MATCHED
2000,R_HR_CO,Hot Rolled Black Coil,25H0468R00,27.91,2001,2.8,1180,0011000004,Abhay Ispat (India) Pvt Ltd,25281346,5000081155,4600000185,140,18-08-25,101,HRC,COIL,11513:2017,BIS,cr2,72083990,N,7.453,90318509,MATCHED
2000,R_HR_CO,Hot Rolled Black Coil,25H0469R00,27.84,2001,2.8,1180,0011000004,Abhay Ispat (India) Pvt Ltd,25281345,5000081156,4600000185,140,18-08-25,101,HRC,COIL,11513:2017,BIS,cr2,72083990,N,7.453,79586171,MATCHED
2000,R_HR_CO,Hot Rolled Black Coil,25H0470R00,27.87,2001,2.8,1180,0011000004,Abhay Ispat (India) Pvt Ltd,25281350,5000081157,4600000185,140,18-08-25,101,HRC,COIL,11513:2017,BIS,cr2,72083990,N,7.453,54476850,MATCHED
2000,R_HR_CO,Hot Rolled Black Coil,25H0471R00,27.81,2001,2.5,1235,0011000004,Abhay Ispat (India) Pvt Ltd,25281013,5000081158,4600000185,20,18-08-25,101,HRC,COIL,11513:2017,BIS,cr3,72083990,N,7.453,40062725,MATCHED
2000,R_HR_CO,Hot Rolled Black Coil,25H0472R00,24.185,2001,2,1230,0011000004,Abhay Ispat (India) Pvt Ltd,25277719,5000081159,4600000185,80,18-08-25,101,HRC,COIL,11513:2017,BIS,cr3,72083990,N,7.453,50909576,MATCHED
2000,R_HR>3MM_CO,Hot Rolled Black Coil 3mm & Above,25H0473R00,27.89,2001,3,1180,0011000004,Abhay Ispat (India) Pvt Ltd,25281367,5000081160,4600000185,120,18-08-25,101,HRC,COIL,11513:2017,BIS,cr2,72083890,N,7.453,20810238,MATCHED
2000,R_HR_CO,Hot Rolled Black Coil,25H0474R00,23.105,2001,2.8,1250,0011000004,Abhay Ispat (India) Pvt Ltd,25278790,5000081161,4600000185,60,18-08-25,101,HRC,COIL,11513:2017,BIS,cr2,72083990,N,7.453,96047281,MATCHED
2000,R_HR_CO,Hot Rolled Black Coil,25H0475R00,27.585,2001,2.5,1235,0011000004,Abhay Ispat (India) Pvt Ltd,25281014,5000081162,4600000185,20,18-08-25,101,HRC,COIL,11513:2017,BIS,cr3,72083990,N,7.453,27637225,MATCHED
2000,R_HR_CO,Hot Rolled Black Coil,25H0476R00,29.275,2001,2.5,1235,0011000004,Abhay Ispat (India) Pvt Ltd,25281408,5000081163,4600000185,20,18-08-25,101,HRC,COIL,11513:2017,BIS,cr3,72083990,N,7.453,85829822,MATCHED
2000,R_HR_CO,Hot Rolled Black Coil,25H0477R00,29.45,2001,2.2,1235,0011000004,Abhay Ispat (India) Pvt Ltd,25281632,5000081165,4600000185,10,18-08-25,101,HRC,COIL,11513:2017,BIS,cr3,72083990,N,7.453,72546771,MATCHED
2000,R_HR_CO,Hot Rolled Black Coil,25H0478R00,28.005,2001,2.2,1235,0011000004,Abhay Ispat (India) Pvt Ltd,25280905,5000081164,4600000185,10,18-08-25,101,HRC,COIL,11513:2017,BIS,cr3,72083990,N,7.453,51864701,MATCHED
2000,R_HR_CO,Hot Rolled Black Coil,25H0480R00,27.63,2001,2.2,1235,0011000057,ANM Ispat Private Limited,257144071,5000081167,4600000186,20,21-08-25,101,HRC,COIL,11513:2017,BIS,cr3,72083990,N,7.453,42174331,MATCHED
2000,R_HR_CO,Hot Rolled Black Coil,25H0481R00,24.875,2001,2.8,1250,0011000004,Abhay Ispat (India) Pvt Ltd,25281310,5000081168,4600000185,60,18-08-25,101,HRC,COIL,11513:2017,BIS,cr2,72083990,N,7.453,58780894,MATCHED
2000,R_HR_CO,Hot Rolled Black Coil,25H0482R00,28.56,2001,2.5,1230,0011000057,ANM Ispat Private Limited,257214087,5000081169,4600000186,30,21-08-25,101,HRC,COIL,11513:2017,BIS,cr3,72083990,N,7.453,19900898,MATCHED
2000,R_HR_CO,Hot Rolled Black Coil,25H0483R00,27.59,2001,2.5,1230,0011000057,ANM Ispat Private Limited,257212072,5000081171,4600000186,30,21-08-25,101,HRC,COIL,11513:2017,BIS,cr3,72083990,N,7.453,44611287,MATCHED
2000,R_HR_CO,Hot Rolled Black Coil,25H0484R00,27.855,2001,2.2,1235,0011000004,Abhay Ispat (India) Pvt Ltd,25280853,5000081172,4600000185,10,18-08-25,101,HRC,COIL,11513:2017,BIS,cr3,72083990,N,7.453,14176182,MATCHED
2000,R_HR_CO,Hot Rolled Black Coil,25H0485R00,27.51,2001,2.2,1230,0011000057,ANM Ispat Private Limited,257214078,5000081173,4600000186,40,21-08-25,101,HRC,COIL,11513:2017,BIS,cr3,72083990,N,7.453,28713470,MATCHED
2000,R_HR_CO,Hot Rolled Black Coil,25H0486R00,27.43,2001,2,1230,0011000057,ANM Ispat Private Limited,257144072,5000081176,4600000186,10,21-08-25,101,HRC,COIL,11513:2017,BIS,cr3,72083990,N,7.453,32435520,MATCHED
2000,R_HR_CO,Hot Rolled Black Coil,25H0487R00,26,2001,2.8,1180,0011000004,Abhay Ispat (India) Pvt Ltd,25281373,5000081177,4600000185,140,18-08-25,101,HRC,COIL,11513:2017,BIS,cr2,72083990,N,7.453,89576033,MATCHED
2000,R_HR_CO,Hot Rolled Black Coil,25H0488R00,27.59,2001,2.2,1230,0011000057,ANM Ispat Private Limited,257212090,5000081178,4600000186,40,21-08-25,101,HRC,COIL,11513:2017,BIS,cr3,72083990,N,7.453,20502871,MATCHED
2000,R_HR>3MM_CO,Hot Rolled Black Coil 3mm & Above,25H0489R00,27.835,2001,3.6,1180,0011000004,Abhay Ispat (India) Pvt Ltd,25281357,5000081179,4600000185,130,18-08-25,101,HRC,COIL,11513:2017,BIS,cr2,72083890,N,7.453,55049900,MATCHED
2000,R_HR_CO,Hot Rolled Black Coil,25H0490R00,27.67,2001,2.2,1230,0011000057,ANM Ispat Private Limited,257214077,5000081180,4600000186,40,21-08-25,101,HRC,COIL,11513:2017,BIS,cr3,72083990,N,7.453,46780404,MATCHED
2000,R_HR_CO,Hot Rolled Black Coil,25H0491R00,27.6,2001,2.5,1230,0011000057,ANM Ispat Private Limited,257212071,5000081181,4600000186,30,21-08-25,101,HRC,COIL,11513:2017,BIS,cr3,72083990,N,7.453,19397767,MATCHED
2000,R_HR_CO,Hot Rolled Black Coil,25H0492R00,29.15,2001,2.2,1235,0011000004,Abhay Ispat (India) Pvt Ltd,25281636,5000081182,4600000185,10,18-08-25,101,HRC,COIL,11513:2017,BIS,cr3,72083990,N,7.453,11321067,MATCHED
2000,R_HR_CO,Hot Rolled Black Coil,25H0493R00,27.65,2001,2.2,1230,0011000057,ANM Ispat Private Limited,257212077,5000081183,4600000186,40,21-08-25,101,HRC,COIL,11513:2017,BIS,cr3,72083990,N,7.453,76029971,MATCHED
2000,R_HR_CO,Hot Rolled Black Coil,25H0494R00,27.64,2001,2.2,1230,0011000057,ANM Ispat Private Limited,257214070,5000081184,4600000186,40,21-08-25,101,HRC,COIL,11513:2017,BIS,cr3,72083990,N,7.453,77549535,MATCHED
2000,R_HR_CO,Hot Rolled Black Coil,25H0495R00,27.98,2001,2.5,1235,0011000004,Abhay Ispat (India) Pvt Ltd,25280836,5000081186,4600000185,20,18-08-25,101,HRC,COIL,11513:2017,BIS,cr3,72083990,N,7.453,80780479,MATCHED
2000,R_HR_CO,Hot Rolled Black Coil,25H0496R00,27.52,2001,2.2,1230,0011000057,ANM Ispat Private Limited,257214076,5000081185,4600000186,40,21-08-25,101,HRC,COIL,11513:2017,BIS,cr3,72083990,N,7.453,28160579,MATCHED
2000,R_HR_CO,Hot Rolled Black Coil,25H0497R00,27.71,2001,2.5,1230,0011000057,ANM Ispat Private Limited,257212070,5000081187,4600000186,30,21-08-25,101,HRC,COIL,11513:2017,BIS,cr3,72083990,N,7.453,79099601,MATCHED
2000,R_HR_CO,Hot Rolled Black Coil,25H0498R00,24.67,2001,2.8,1250,0011000004,Abhay Ispat (India) Pvt Ltd,25281313,5000081194,4600000185,60,18-08-25,101,HRC,COIL,11513:2017,BIS,cr2,72083990,N,7.453,38136469,MATCHED
2000,R_HR_CO,Hot Rolled Black Coil,25H0499R00,27.955,2001,2.5,1235,0011000004,Abhay Ispat (India) Pvt Ltd,25280902,5000081199,4600000185,20,18-08-25,101,HRC,COIL,11513:2017,BIS,cr3,72083990,N,7.453,15309868,MATCHED
2000,R_HR_CO,Hot Rolled Black Coil,25H0501R00,24.945,2001,2.8,1250,0011000004,Abhay Ispat (India) Pvt Ltd,25281312,5000081201,4600000185,60,18-08-25,101,HRC,COIL,11513:2017,BIS,cr2,72083990,N,7.453,29369901,MATCHED
2000,R_HR_CO,Hot Rolled Black Coil,25H0502R00,27.98,2001,2.8,1250,0011000004,Abhay Ispat (India) Pvt Ltd,25279777,5000081202,4600000185,60,18-08-25,101,HRC,COIL,11513:2017,BIS,cr2,72083990,N,7.453,68092910,MATCHED
2000,R_HR_CO,Hot Rolled Black Coil,25H0505R00,28.775,2001,2.8,1250,0011000004,Abhay Ispat (India) Pvt Ltd,25280940,5000081206,4600000185,60,18-08-25,101,HRC,COIL,11513:2017,BIS,cr2,72083990,N,7.453,90777519,MATCHED
2000,R_HR>3MM_CO,Hot Rolled Black Coil 3mm & Above,25H0507R00,25.835,2001,3,1220,0011000004,Abhay Ispat (India) Pvt Ltd,25278630,5000081222,4600000185,100,18-08-25,101,HRC,COIL,11513:2017,BIS,cr2,72083890,N,7.453,51738601,MATCHED
2000,R_HR_CO,Hot Rolled Black Coil,25H0508R00,27.8,2001,2.2,1235,0011000004,Abhay Ispat (India) Pvt Ltd,25281960,5000081225,4600000185,10,18-08-25,101,HRC,COIL,11513:2017,BIS,cr3,72083990,N,7.453,26593284,MATCHED
2000,R_HR_CO,Hot Rolled Black Coil,25H0509R00,27.84,2001,2.2,1235,0011000004,Abhay Ispat (India) Pvt Ltd,25281956,5000081226,4600000185,10,18-08-25,101,HRC,COIL,11513:2017,BIS,cr3,72083990,N,7.453,61896251,MATCHED
2000,R_HR_CO,Hot Rolled Black Coil,25H0510R00,27.915,2001,2.5,1235,0011000004,Abhay Ispat (India) Pvt Ltd,25280835,5000081227,4600000185,20,18-08-25,101,HRC,COIL,11513:2017,BIS,cr3,72083990,N,7.453,56825460,MATCHED
2000,R_HR_CO,Hot Rolled Black Coil,25H0511R00,27.04,2001,2.8,1180,0011000004,Abhay Ispat (India) Pvt Ltd,25280217,5000081228,4600000185,140,18-08-25,101,HRC,COIL,11513:2017,BIS,cr2,72083990,N,7.453,61011971,MATCHED
2000,R_HR>3MM_CO,Hot Rolled Black Coil 3mm & Above,25H0512R00,27.835,2001,3.6,1180,0011000004,Abhay Ispat (India) Pvt Ltd,25281363,5000081229,4600000185,130,18-08-25,101,HRC,COIL,11513:2017,BIS,cr2,72083890,N,7.453,73268275,MATCHED
2000,R_HR_CO,Hot Rolled Black Coil,25H0513R00,24.39,2001,2.2,1235,0011000004,Abhay Ispat (India) Pvt Ltd,25280847,5000081230,4600000185,10,18-08-25,101,HRC,COIL,11513:2017,BIS,cr3,72083990,N,7.453,75632541,MATCHED
2000,R_HR>3MM_CO,Hot Rolled Black Coil 3mm & Above,25H0515R00,27.75,2001,3,1180,0011000004,Abhay Ispat (India) Pvt Ltd,25281362,5000081233,4600000185,120,18-08-25,101,HRC,COIL,11513:2017,BIS,cr2,72083890,N,7.453,27017239,MATCHED
2000,R_HR_CO,Hot Rolled Black Coil,25H0516R00,27.96,2001,2.8,1180,0011000004,Abhay Ispat (India) Pvt Ltd,25281349,5000081235,4600000185,140,18-08-25,101,HRC,COIL,11513:2017,BIS,cr2,72083990,N,7.453,30327407,MATCHED
2000,R_HR_CO,Hot Rolled Black Coil,25H0517R00,27.7,2001,2.2,1235,0011000004,Abhay Ispat (India) Pvt Ltd,25280852,5000081237,4600000185,10,18-08-25,101,HRC,COIL,11513:2017,BIS,cr3,72083990,N,7.453,81217643,MATCHED
2000,R_HR_CO,Hot Rolled Black Coil,25H0518R00,27.955,2001,2.8,1180,0011000004,Abhay Ispat (India) Pvt Ltd,25281351,5000081238,4600000185,140,18-08-25,101,HRC,COIL,11513:2017,BIS,cr2,72083990,N,7.453,17020135,MATCHED
2000,R_HR_CO,Hot Rolled Black Coil,25H0519R00,28.61,2001,2.5,1230,0011000057,ANM Ispat Private Limited,257214089,5000081239,4600000186,30,21-08-25,101,HRC,COIL,11513:2017,BIS,cr3,72083990,N,7.453,11747962,MATCHED
2000,R_HR_CO,Hot Rolled Black Coil,25H0520R00,27.49,2001,2.2,1230,0011000057,ANM Ispat Private Limited,257214073,5000081240,4600000186,40,21-08-25,101,HRC,COIL,11513:2017,BIS,cr3,72083990,N,7.453,42586077,MATCHED
2000,R_HR_CO,Hot Rolled Black Coil,25H0521R00,27.54,2001,2.2,1230,0011000057,ANM Ispat Private Limited,257214075,5000081241,4600000186,40,21-08-25,101,HRC,COIL,11513:2017,BIS,cr3,72083990,N,7.453,71029083,MATCHED
2000,R_HR_CO,Hot Rolled Black Coil,25H0522R00,27.69,2001,2.2,1230,0011000057,ANM Ispat Private Limited,257214071,5000081243,4600000186,40,21-08-25,101,HRC,COIL,11513:2017,BIS,cr3,72083990,N,7.453,19144486,MATCHED
2000,R_HR_CO,Hot Rolled Black Coil,25H0523R00,28.62,2001,2.5,1230,0011000057,ANM Ispat Private Limited,257214086,5000081244,4600000186,30,21-08-25,101,HRC,COIL,11513:2017,BIS,cr3,72083990,N,7.453,11370774,MATCHED
2000,R_HR_CO,Hot Rolled Black Coil,25H0524R00,28.55,2001,2.5,1230,0011000057,ANM Ispat Private Limited,257214090,5000081245,4600000186,30,21-08-25,101,HRC,COIL,11513:2017,BIS,cr3,72083990,N,7.453,64052609,MATCHED
2000,R_HR_CO,Hot Rolled Black Coil,25H0525R00,27.61,2001,2,1230,0011000057,ANM Ispat Private Limited,257196102,5000081246,4600000186,10,21-08-25,101,HRC,COIL,11513:2017,BIS,cr3,72083990,N,7.453,23167131,MATCHED
2000,R_HR_CO,Hot Rolled Black Coil,25H0526R00,27.62,2001,2.2,1230,0011000057,ANM Ispat Private Limited,257187066,5000081249,4600000186,40,21-08-25,101,HRC,COIL,11513:2017,BIS,cr3,72083990,N,7.453,35051253,MATCHED
2000,R_HR_CO,Hot Rolled Black Coil,25H0527R00,27.61,2001,2.2,1230,0011000057,ANM Ispat Private Limited,257212074,5000081253,4600000186,40,21-08-25,101,HRC,COIL,11513:2017,BIS,cr3,72083990,N,7.453,88021053,MATCHED
2000,R_HR_CO,Hot Rolled Black Coil,25H0528R00,28.59,2001,2.5,1230,0011000057,ANM Ispat Private Limited,257214097,5000081254,4600000186,30,21-08-25,101,HRC,COIL,11513:2017,BIS,cr3,72083990,N,7.453,86960034,MATCHED
2000,R_HR_CO,Hot Rolled Black Coil,25H0529R00,28.51,2001,2.5,1230,0011000057,ANM Ispat Private Limited,257215079,5000081255,4600000186,30,21-08-25,101,HRC,COIL,11513:2017,BIS,cr3,72083990,N,7.453,67568652,MATCHED
2000,R_HR_CO,Hot Rolled Black Coil,25H0530R00,27.61,2001,2.2,1230,0011000057,ANM Ispat Private Limited,257213061,5000081257,4600000186,40,21-08-25,101,HRC,COIL,11513:2017,BIS,cr3,72083990,N,7.453,54681664,MATCHED
2000,R_HR_CO,Hot Rolled Black Coil,25H0531R00,27.69,2001,2.5,1230,0011000057,ANM Ispat Private Limited,257212073,5000081258,4600000186,30,21-08-25,101,HRC,COIL,11513:2017,BIS,cr3,72083990,N,7.453,39705304,MATCHED
2000,R_HR_CO,Hot Rolled Black Coil,25H0532R00,27.58,2001,2.2,1230,0011000057,ANM Ispat Private Limited,257213060,5000081261,4600000186,40,21-08-25,101,HRC,COIL,11513:2017,BIS,cr3,72083990,N,7.453,47712616,MATCHED
2000,R_HR_CO,Hot Rolled Black Coil,25H0533R00,27.56,2001,2.2,1230,0011000057,ANM Ispat Private Limited,257212075,5000081262,4600000186,40,21-08-25,101,HRC,COIL,11513:2017,BIS,cr3,72083990,N,7.453,18938005,MATCHED
2000,R_HR_CO,Hot Rolled Black Coil,25H0534R00,27.67,2001,2.2,1230,0011000057,ANM Ispat Private Limited,257213059,5000081264,4600000186,40,21-08-25,101,HRC,COIL,11513:2017,BIS,cr3,72083990,N,7.453,31745720,MATCHED
2000,R_HR_CO,Hot Rolled Black Coil,25H0535R00,27.7,2001,2.2,1230,0011000057,ANM Ispat Private Limited,257187057,5000081265,4600000186,40,21-08-25,101,HRC,COIL,11513:2017,BIS,cr3,72083990,N,7.453,74453923,MATCHED
2000,R_HR_CO,Hot Rolled Black Coil,25H0536R00,28.6,2001,2.5,1230,0011000057,ANM Ispat Private Limited,257214088,5000081266,4600000186,30,21-08-25,101,HRC,COIL,11513:2017,BIS,cr3,72083990,N,7.453,83822738,MATCHED
2000,R_HR_CO,Hot Rolled Black Coil,25H0537R00,27.53,2001,2.2,1230,0011000057,ANM Ispat Private Limited,257214074,5000081268,4600000186,40,21-08-25,101,HRC,COIL,11513:2017,BIS,cr3,72083990,N,7.453,54758890,MATCHED
2000,R_HR_CO,Hot Rolled Black Coil,25H0539R00,28.56,2001,2.5,1230,0011000057,ANM Ispat Private Limited,257215068,5000081272,4600000186,30,21-08-25,101,HRC,COIL,11513:2017,BIS,cr3,72083990,N,7.453,34880376,MATCHED
2000,R_HR_CO,Hot Rolled Black Coil,25H0540R00,28.77,2001,2.5,1230,0011000057,ANM Ispat Private Limited,257215072,5000081273,4600000186,30,21-08-25,101,HRC,COIL,11513:2017,BIS,cr3,72083990,N,7.453,38610341,MATCHED
2000,R_HR_CO,Hot Rolled Black Coil,25H0541R00,28.72,2001,2.5,1230,0011000057,ANM Ispat Private Limited,257215074,5000081275,4600000186,30,21-08-25,101,HRC,COIL,11513:2017,BIS,cr3,72083990,N,7.453,72182300,MATCHED
2000,R_HR_CO,Hot Rolled Black Coil,25H0542R00,28.435,2001,2.8,1220,0011000004,Abhay Ispat (India) Pvt Ltd,25278538,5000081276,4600000185,40,18-08-25,101,HRC,COIL,11513:2017,BIS,cr2,72083990,N,7.453,85622125,MATCHED
2000,R_HR_CO,Hot Rolled Black Coil,25H0543R00,27.61,2001,2.5,1230,0011000057,ANM Ispat Private Limited,257196090,5000081277,4600000186,30,21-08-25,101,HRC,COIL,11513:2017,BIS,cr3,72083990,N,7.453,79397115,MATCHED
2000,R_HR_CO,Hot Rolled Black Coil,25H0545R00,27.63,2001,2.2,1230,0011000057,ANM Ispat Private Limited,257187069,5000081279,4600000186,40,21-08-25,101,HRC,COIL,11513:2017,BIS,cr3,72083990,N,7.453,87686215,MATCHED
2000,R_HR_CO,Hot Rolled Black Coil,25H0546R00,27.62,2001,2.2,1230,0011000057,ANM Ispat Private Limited,257196091,5000081280,4600000186,40,21-08-25,101,HRC,COIL,11513:2017,BIS,cr3,72083990,N,7.453,93560279,MATCHED
2000,R_HR_CO,Hot Rolled Black Coil,25H0548R00,28.76,2001,2.5,1230,0011000057,ANM Ispat Private Limited,257215069,5000081282,4600000186,30,21-08-25,101,HRC,COIL,11513:2017,BIS,cr3,72083990,N,7.453,59357498,MATCHED
2000,R_HR_CO,Hot Rolled Black Coil,25H0549R00,28.63,2001,2.5,1230,0011000057,ANM Ispat Private Limited,257215067,5000081283,4600000186,30,21-08-25,101,HRC,COIL,11513:2017,BIS,cr3,72083990,N,7.453,21668810,MATCHED
2000,R_HR_CO,Hot Rolled Black Coil,25H0550R00,28.76,2001,2.5,1230,0011000057,ANM Ispat Private Limited,257215081,5000081284,4600000186,30,21-08-25,101,HRC,COIL,11513:2017,BIS,cr3,72083990,N,7.453,35385198,MATCHED
2000,R_HR_CO,Hot Rolled Black Coil,25H0551R00,28.61,2001,2.5,1230,0011000057,ANM Ispat Private Limited,257215076,5000081285,4600000186,30,21-08-25,101,HRC,COIL,11513:2017,BIS,cr3,72083990,N,7.453,98629403,MATCHED
2000,R_HR_CO,Hot Rolled Black Coil,25H0552R00,27.81,2001,2.2,1230,0011000057,ANM Ispat Private Limited,257189090,5000081286,4600000186,40,21-08-25,101,HRC,COIL,11513:2017,BIS,cr3,72083990,N,7.453,87282523,MATCHED
2000,R_HR_CO,Hot Rolled Black Coil,25H0553R00,27.51,2001,2.2,1230,0011000057,ANM Ispat Private Limited,257213069,5000081288,4600000186,40,21-08-25,101,HRC,COIL,11513:2017,BIS,cr3,72083990,N,7.453,33492054,MATCHED
2000,R_HR>3MM_CO,Hot Rolled Black Coil 3mm & Above,25H0554R00,27.8,2001,3.6,1180,0011000004,Abhay Ispat (India) Pvt Ltd,25281354,5000081291,4600000185,130,18-08-25,101,HRC,COIL,11513:2017,BIS,cr2,72083890,N,7.453,99449352,MATCHED
2000,R_HR_CO,Hot Rolled Black Coil,25H0555R00,27.82,2001,2.5,1230,0011000057,ANM Ispat Private Limited,257189085,5000081290,4600000186,30,21-08-25,101,HRC,COIL,11513:2017,BIS,cr3,72083990,N,7.453,85986464,MATCHED
2000,R_HR_CO,Hot Rolled Black Coil,25H0556R00,27.83,2001,2.5,1235,0011000004,Abhay Ispat (India) Pvt Ltd,25280845,5000081292,4600000185,20,18-08-25,101,HRC,COIL,11513:2017,BIS,cr3,72083990,N,7.453,58966135,MATCHED
2000,R_HR_CO,Hot Rolled Black Coil,25H0557R00,27.56,2001,2.5,1230,0011000057,ANM Ispat Private Limited,257212086,5000081293,4600000186,30,21-08-25,101,HRC,COIL,11513:2017,BIS,cr3,72083990,N,7.453,67612069,MATCHED
2000,R_HR_CO,Hot Rolled Black Coil,25H0558R00,29.13,2001,2.5,1235,0011000004,Abhay Ispat (India) Pvt Ltd,25281406,5000081294,4600000185,20,18-08-25,101,HRC,COIL,11513:2017,BIS,cr3,72083990,N,7.453,54652562,MATCHED
2000,R_HR_CO,Hot Rolled Black Coil,25H0559R00,27.39,2001,2.5,1230,0011000057,ANM Ispat Private Limited,257188099,5000081295,4600000186,30,21-08-25,101,HRC,COIL,11513:2017,BIS,cr3,72083990,N,7.453,18432371,MATCHED
2000,R_HR_CO,Hot Rolled Black Coil,25H0560R00,29.01,2001,2.5,1235,0011000004,Abhay Ispat (India) Pvt Ltd,25281407,5000081296,4600000185,20,18-08-25,101,HRC,COIL,11513:2017,BIS,cr3,72083990,N,7.453,63195221,MATCHED
2000,R_HR_CO,Hot Rolled Black Coil,25H0562R00,23.87,2001,2,1230,0011000057,ANM Ispat Private Limited,257121056,5000081298,4600000186,10,21-08-25,101,HRC,COIL,11513:2017,BIS,cr3,72083990,N,7.453,57269494,MATCHED
2000,R_HR_CO,Hot Rolled Black Coil,25H0563R00,27.27,2001,2.2,1230,0011000057,ANM Ispat Private Limited,257190096,5000081301,4600000186,40,21-08-25,101,HRC,COIL,11513:2017,BIS,cr3,72083990,N,7.453,79112517,MATCHED
2000,R_HR_CO,Hot Rolled Black Coil,25H0564R00,27.79,2001,2.2,1230,0011000057,ANM Ispat Private Limited,257189087,5000081303,4600000186,40,21-08-25,101,HRC,COIL,11513:2017,BIS,cr3,72083990,N,7.453,51534830,MATCHED
2000,R_HR_CO,Hot Rolled Black Coil,25H0565R00,27.49,2001,2.2,1230,0011000057,ANM Ispat Private Limited,257212088,5000081306,4600000186,40,21-08-25,101,HRC,COIL,11513:2017,BIS,cr3,72083990,N,7.453,79105375,MATCHED
2000,R_HR_CO,Hot Rolled Black Coil,25H0566R00,27.6,2001,2,1230,0011000057,ANM Ispat Private Limited,257196096,5000081308,4600000186,10,21-08-25,101,HRC,COIL,11513:2017,BIS,cr3,72083990,N,7.453,53824524,MATCHED
2000,R_HR_CO,Hot Rolled Black Coil,25H0567R00,27.49,2001,2.2,1230,0011000057,ANM Ispat Private Limited,257196093,5000081309,4600000186,40,21-08-25,101,HRC,COIL,11513:2017,BIS,cr3,72083990,N,7.453,66380354,MATCHED
2000,R_HR_CO,Hot Rolled Black Coil,25H0568R00,27.48,2001,2,1230,0011000057,ANM Ispat Private Limited,257196097,5000081310,4600000186,10,21-08-25,101,HRC,COIL,11513:2017,BIS,cr3,72083990,N,7.453,84535868,MATCHED
2000,R_HR_CO,Hot Rolled Black Coil,25H0569R00,27.59,2001,2.2,1230,0011000057,ANM Ispat Private Limited,257213062,5000081311,4600000186,40,21-08-25,101,HRC,COIL,11513:2017,BIS,cr3,72083990,N,7.453,53209151,MATCHED
2000,R_HR_CO,Hot Rolled Black Coil,25H0570R00,27.55,2001,2.2,1230,0011000057,ANM Ispat Private Limited,257213063,5000081312,4600000186,40,21-08-25,101,HRC,COIL,11513:2017,BIS,cr3,72083990,N,7.453,63771753,MATCHED
2000,R_HR_CO,Hot Rolled Black Coil,25H0571R00,27.58,2001,2,1230,0011000057,ANM Ispat Private Limited,257196103,5000081313,4600000186,10,21-08-25,101,HRC,COIL,11513:2017,BIS,cr3,72083990,N,7.453,37540933,MATCHED
2000,R_HR_CO,Hot Rolled Black Coil,25H0572R00,27.54,2001,2.2,1230,0011000057,ANM Ispat Private Limited,257213065,5000081314,4600000186,40,21-08-25,101,HRC,COIL,11513:2017,BIS,cr3,72083990,N,7.453,39381324,MATCHED
2000,R_HR_CO,Hot Rolled Black Coil,25I0003R00,27.51,2001,2.5,1230,0011000057,ANM Ispat Private Limited,257196092,5000081360,4600000186,30,21-08-25,102,HRC,COIL,11513:2017,BIS,cr3,72083990,N,7.453,51747809,MATCHED
2000,R_HR_CO,Hot Rolled Black Coil,25I0005R00,29.65,2001,2.8,1250,0011000004,Abhay Ispat (India) Pvt Ltd,25280936,5000081328,4600000185,60,18-08-25,101,HRC,COIL,11513:2017,BIS,cr2,72083990,N,7.453,90796485,MATCHED
2000,R_HR_CO,Hot Rolled Black Coil,25I0006R00,27.63,2001,2.2,1230,0011000057,ANM Ispat Private Limited,257213094,5000081329,4600000186,40,21-08-25,101,HRC,COIL,11513:2017,BIS,cr3,72083990,N,7.453,59297338,MATCHED
2000,R_HR_CO,Hot Rolled Black Coil,25I0007R00,27.53,2001,2.2,1230,0011000057,ANM Ispat Private Limited,257213085,5000081330,4600000186,40,21-08-25,101,HRC,COIL,11513:2017,BIS,cr3,72083990,N,7.453,44158658,MATCHED
2000,R_HR_CO,Hot Rolled Black Coil,25I0008R00,29.5,2001,2.2,1235,0011000004,Abhay Ispat (India) Pvt Ltd,25281633,5000081331,4600000185,10,18-08-25,101,HRC,COIL,11513:2017,BIS,cr3,72083990,N,7.453,67398661,MATCHED
2000,R_HR_CO,Hot Rolled Black Coil,25I0009R00,27.675,2001,2.8,1180,0011000004,Abhay Ispat (India) Pvt Ltd,25281353,5000081332,4600000185,140,18-08-25,101,HRC,COIL,11513:2017,BIS,cr2,72083990,N,7.453,69788865,MATCHED
2000,R_HR_CO,Hot Rolled Black Coil,25I0010R00,29.485,2001,2.8,1220,0011000004,Abhay Ispat (India) Pvt Ltd,25281521,5000081333,4600000185,40,18-08-25,101,HRC,COIL,11513:2017,BIS,cr2,72083990,N,7.453,79631436,MATCHED
2000,R_HR_CO,Hot Rolled Black Coil,25I0011R00,27.98,2001,2.8,1180,0011000004,Abhay Ispat (India) Pvt Ltd,25281370,5000081334,4600000185,140,18-08-25,101,HRC,COIL,11513:2017,BIS,cr2,72083990,N,7.453,11775195,MATCHED
2000,R_HR>3MM_CO,Hot Rolled Black Coil 3mm & Above,25I0012R00,29.485,2001,3,1220,0011000004,Abhay Ispat (India) Pvt Ltd,25281519,5000081335,4600000185,100,18-08-25,101,HRC,COIL,11513:2017,BIS,cr2,72083890,N,7.453,66266038,MATCHED
2000,R_HR_CO,Hot Rolled Black Coil,25I0013R00,28.035,2001,2.5,1235,0011000004,Abhay Ispat (India) Pvt Ltd,25281010,5000081336,4600000185,20,18-08-25,101,HRC,COIL,11513:2017,BIS,cr3,72083990,N,7.453,62044352,MATCHED
2000,R_HR_CO,Hot Rolled Black Coil,25I0014R00,28.015,2001,2.5,1235,0011000004,Abhay Ispat (India) Pvt Ltd,25280903,5000081337,4600000185,20,18-08-25,101,HRC,COIL,11513:2017,BIS,cr3,72083990,N,7.453,76132236,MATCHED
2000,R_HR_CO,Hot Rolled Black Coil,25I0016R00,27.795,2001,2.2,1235,0011000004,Abhay Ispat (India) Pvt Ltd,25280848,5000081338,4600000185,10,18-08-25,101,HRC,COIL,11513:2017,BIS,cr3,72083990,N,7.453,52087019,MATCHED
2000,R_HR_CO,Hot Rolled Black Coil,25I0017R00,29.505,2001,2.8,1250,0011000004,Abhay Ispat (India) Pvt Ltd,25280935,5000081339,4600000185,60,18-08-25,101,HRC,COIL,11513:2017,BIS,cr2,72083990,N,7.453,79322007,MATCHED
2000,R_HR>3MM_CO,Hot Rolled Black Coil 3mm & Above,25I0018R00,25.96,2001,3,1180,0011000004,Abhay Ispat (India) Pvt Ltd,25281364,5000081341,4600000185,120,18-08-25,101,HRC,COIL,11513:2017,BIS,cr2,72083890,N,7.453,50176501,MATCHED
2000,R_HR_CO,Hot Rolled Black Coil,25I0019R00,27.61,2001,2.2,1230,0011000057,ANM Ispat Private Limited,257212092,5000081340,4600000186,40,21-08-25,101,HRC,COIL,11513:2017,BIS,cr3,72083990,N,7.453,93442772,MATCHED
2000,R_HR>3MM_CO,Hot Rolled Black Coil 3mm & Above,25I0020R00,29.61,2001,3,1220,0011000004,Abhay Ispat (India) Pvt Ltd,25281520,5000081342,4600000185,100,18-08-25,101,HRC,COIL,11513:2017,BIS,cr2,72083890,N,7.453,91387700,MATCHED
2000,R_HR_CO,Hot Rolled Black Coil,25I0021R00,27.41,2001,2,1230,0011000057,ANM Ispat Private Limited,257196098,5000081343,4600000186,10,21-08-25,101,HRC,COIL,11513:2017,BIS,cr3,72083990,N,7.453,49918244,MATCHED
2000,R_HR_CO,Hot Rolled Black Coil,25I0022R00,27.66,2001,2.2,1230,0011000057,ANM Ispat Private Limited,257214052,5000081344,4600000186,40,21-08-25,101,HRC,COIL,11513:2017,BIS,cr3,72083990,N,7.453,99038747,MATCHED
2000,R_HR_CO,Hot Rolled Black Coil,25I0023R00,27.75,2001,2.2,1230,0011000057,ANM Ispat Private Limited,257213087,5000081345,4600000186,40,21-08-25,101,HRC,COIL,11513:2017,BIS,cr3,72083990,N,7.453,66227148,MATCHED
2000,R_HR_CO,Hot Rolled Black Coil,25I0024R00,27.62,2001,2.2,1230,0011000057,ANM Ispat Private Limited,257213091,5000081346,4600000186,40,21-08-25,101,HRC,COIL,11513:2017,BIS,cr3,72083990,N,7.453,38164441,MATCHED
2000,R_HR_CO,Hot Rolled Black Coil,25I0025R00,27.49,2001,2.2,1230,0011000057,ANM Ispat Private Limited,257188102,5000081349,4600000186,40,21-08-25,101,HRC,COIL,11513:2017,BIS,cr3,72083990,N,7.453,32123493,MATCHED
2000,R_HR_CO,Hot Rolled Black Coil,25I0026R00,27.66,2001,2.2,1230,0011000057,ANM Ispat Private Limited,257213067,5000081348,4600000186,40,21-08-25,101,HRC,COIL,11513:2017,BIS,cr3,72083990,N,7.453,27069391,MATCHED
2000,R_HR_CO,Hot Rolled Black Coil,25I0027R00,27.49,2001,2.2,1230,0011000057,ANM Ispat Private Limited,257187084,5000081350,4600000186,40,21-08-25,101,HRC,COIL,11513:2017,BIS,cr3,72083990,N,7.453,85149441,MATCHED
2000,R_HR_CO,Hot Rolled Black Coil,25I0028R00,27.63,2001,2.2,1230,0011000057,ANM Ispat Private Limited,257213089,5000081351,4600000186,40,21-08-25,101,HRC,COIL,11513:2017,BIS,cr3,72083990,N,7.453,31002204,MATCHED
2000,R_HR_CO,Hot Rolled Black Coil,25I0029R00,27.51,2001,2.2,1230,0011000057,ANM Ispat Private Limited,257213092,5000081352,4600000186,40,21-08-25,101,HRC,COIL,11513:2017,BIS,cr3,72083990,N,7.453,37349742,MATCHED
2000,R_HR_CO,Hot Rolled Black Coil,25I0030R00,27.63,2001,2.2,1230,0011000057,ANM Ispat Private Limited,257213064,5000081353,4600000186,40,21-08-25,101,HRC,COIL,11513:2017,BIS,cr3,72083990,N,7.453,92886566,MATCHED
2000,R_HR_CO,Hot Rolled Black Coil,25I0031R00,27.56,2001,2.2,1230,0011000057,ANM Ispat Private Limited,257188101,5000081354,4600000186,40,21-08-25,101,HRC,COIL,11513:2017,BIS,cr3,72083990,N,7.453,41375313,MATCHED
2000,R_HR_CO,Hot Rolled Black Coil,25I0032R00,27.51,2001,2.2,1230,0011000057,ANM Ispat Private Limited,257196092,5000081361,4600000186,40,21-08-25,101,HRC,COIL,11513:2017,BIS,cr3,72083990,N,7.453,46372426,MATCHED
2000,R_HR_CO,Hot Rolled Black Coil,25I0034R00,27.9,2001,2.2,1235,0011000004,Abhay Ispat (India) Pvt Ltd,25281959,5000081405,4600000185,10,18-08-25,101,HRC,COIL,11513:2017,BIS,cr3,72083990,N,7.453,18369172,MATCHED
2000,R_HR_CO,Hot Rolled Black Coil,25I0035R00,27.87,2001,2.2,1235,0011000004,Abhay Ispat (India) Pvt Ltd,25281953,5000081406,4600000185,10,18-08-25,101,HRC,COIL,11513:2017,BIS,cr3,72083990,N,7.453,17832673,MATCHED
2000,R_HR_CO,Hot Rolled Black Coil,25I0036R00,27.855,2001,2.2,1235,0011000004,Abhay Ispat (India) Pvt Ltd,25281955,5000081407,4600000185,10,18-08-25,101,HRC,COIL,11513:2017,BIS,cr3,72083990,N,7.453,43413128,MATCHED
2000,R_HR_CO,Hot Rolled Black Coil,25I0037R00,29.365,2001,2.2,1235,0011000004,Abhay Ispat (India) Pvt Ltd,25281634,5000081409,4600000185,10,18-08-25,101,HRC,COIL,11513:2017,BIS,cr3,72083990,N,7.453,19999136,MATCHED
2000,R_HR_CO,Hot Rolled Black Coil,25I0038R00,27.99,2001,2.2,1235,0011000004,Abhay Ispat (India) Pvt Ltd,25280904,5000081411,4600000185,10,18-08-25,101,HRC,COIL,11513:2017,BIS,cr3,72083990,N,7.453,74291141,MATCHED
2000,R_HR>3MM_CO,Hot Rolled Black Coil 3mm & Above,25I0039R00,27.91,2001,3,1180,0011000004,Abhay Ispat (India) Pvt Ltd,25281368,5000081413,4600000185,120,18-08-25,101,HRC,COIL,11513:2017,BIS,cr2,72083890,N,7.453,69700916,MATCHED
2000,R_HR_CO,Hot Rolled Black Coil,25I0040R00,27.745,2001,2.5,1235,0011000004,Abhay Ispat (India) Pvt Ltd,25280844,5000081414,4600000185,20,18-08-25,101,HRC,COIL,11513:2017,BIS,cr3,72083990,N,7.453,14467798,MATCHED
2000,R_HR_CO,Hot Rolled Black Coil,25I0041R00,27.95,2001,2.2,1235,0011000004,Abhay Ispat (India) Pvt Ltd,25280849,5000081416,4600000185,10,18-08-25,101,HRC,COIL,11513:2017,BIS,cr3,72083990,N,7.453,55123151,MATCHED
2000,R_HR_CO,Hot Rolled Black Coil,25I0042R00,21.02,2001,2.2,1235,0011000004,Abhay Ispat (India) Pvt Ltd,25260103,5000081417,4600000185,10,18-08-25,101,HRC,COIL,11513:2017,BIS,cr3,72083990,N,7.453,33218681,MATCHED
2000,R_HR_CO,Hot Rolled Black Coil,25I0043R00,29.37,2001,2.2,1235,0011000004,Abhay Ispat (India) Pvt Ltd,25281635,5000081419,4600000185,10,18-08-25,101,HRC,COIL,11513:2017,BIS,cr3,72083990,N,7.453,69129302,MATCHED
2000,R_HR_CO,Hot Rolled Black Coil,25I0044R00,27.815,2001,2.8,1220,0011000004,Abhay Ispat (India) Pvt Ltd,25281903,5000081420,4600000185,40,18-08-25,101,HRC,COIL,11513:2017,BIS,cr2,72083990,N,7.453,36912733,MATCHED
2000,R_HR>3MM_CO,Hot Rolled Black Coil 3mm & Above,25I0045R00,26,2001,3,1180,0011000004,Abhay Ispat (India) Pvt Ltd,25281365,5000081422,4600000185,120,18-08-25,101,HRC,COIL,11513:2017,BIS,cr2,72083890,N,7.453,27871610,MATCHED
2000,R_HR_CO,Hot Rolled Black Coil,25I0046R00,27.98,2001,2.2,1235,0011000004,Abhay Ispat (India) Pvt Ltd,25280901,5000081423,4600000185,10,18-08-25,101,HRC,COIL,11513:2017,BIS,cr3,72083990,N,7.453,52448316,MATCHED
2000,R_HR_CO,Hot Rolled Black Coil,25I0047R00,24.515,2001,2.2,1235,0011000004,Abhay Ispat (India) Pvt Ltd,25280854,5000081424,4600000185,10,18-08-25,101,HRC,COIL,11513:2017,BIS,cr3,72083990,N,7.453,43600951,MATCHED
2000,R_HR_CO,Hot Rolled Black Coil,25I0048R00,27.85,2001,2,1230,0011000004,Abhay Ispat (India) Pvt Ltd,25279790,5000081425,4600000185,80,18-08-25,101,HRC,COIL,11513:2017,BIS,cr3,72083990,N,7.453,35834739,MATCHED
2000,R_HR_CO,Hot Rolled Black Coil,25I0049R00,27.58,2001,2.2,1230,0011000057,ANM Ispat Private Limited,257213090,5000081426,4600000186,40,21-08-25,101,HRC,COIL,11513:2017,BIS,cr3,72083990,N,7.453,14498635,MATCHED
2000,R_HR_CO,Hot Rolled Black Coil,25I0050R00,27.57,2001,2.2,1230,0011000057,ANM Ispat Private Limited,257214054,5000081427,4600000186,40,21-08-25,101,HRC,COIL,11513:2017,BIS,cr3,72083990,N,7.453,66129781,MATCHED
2000,R_HR_CO,Hot Rolled Black Coil,25I0051R00,27.45,2001,2.2,1230,0011000057,ANM Ispat Private Limited,257214055,5000081428,4600000186,40,21-08-25,101,HRC,COIL,11513:2017,BIS,cr3,72083990,N,7.453,29946429,MATCHED
2000,R_HR_CO,Hot Rolled Black Coil,25I0052R00,28.115,2001,2,1230,0011000004,Abhay Ispat (India) Pvt Ltd,25278937,5000081431,4600000185,80,18-08-25,101,HRC,COIL,11513:2017,BIS,cr3,72083990,N,7.453,10120451,MATCHED
2000,R_HR_CO,Hot Rolled Black Coil,25I0053R00,27.695,2001,2.2,1235,0011000004,Abhay Ispat (India) Pvt Ltd,25280851,5000081432,4600000185,10,18-08-25,101,HRC,COIL,11513:2017,BIS,cr3,72083990,N,7.453,18449474,MATCHED
2000,R_HR>3MM_CO,Hot Rolled Black Coil 3mm & Above,25I0054R00,27.855,2001,3,1180,0011000004,Abhay Ispat (India) Pvt Ltd,25281366,5000081433,4600000185,120,18-08-25,101,HRC,COIL,11513:2017,BIS,cr2,72083890,N,7.453,64571689,MATCHED
2000,R_HR_CO,Hot Rolled Black Coil,25I0055R00,27.955,2001,2.2,1235,0011000004,Abhay Ispat (India) Pvt Ltd,25280850,5000081434,4600000185,10,18-08-25,101,HRC,COIL,11513:2017,BIS,cr3,72083990,N,7.453,81721716,MATCHED
2000,R_HR_CO,Hot Rolled Black Coil,25I0056R00,27.95,2001,2,1230,0011000004,Abhay Ispat (India) Pvt Ltd,25278936,5000081435,4600000185,80,18-08-25,101,HRC,COIL,11513:2017,BIS,cr3,72083990,N,7.453,37744771,MATCHED
2000,R_HR>3MM_CO,Hot Rolled Black Coil 3mm & Above,25I0057R00,27.92,2001,3.6,1180,0011000004,Abhay Ispat (India) Pvt Ltd,25281358,5000081437,4600000185,130,18-08-25,101,HRC,COIL,11513:2017,BIS,cr2,72083890,N,7.453,64003851,MATCHED
2000,R_HR_CO,Hot Rolled Black Coil,25I0058R00,28.78,2001,2.5,1230,0011000057,ANM Ispat Private Limited,257214095,5000081439,4600000186,30,21-08-25,101,HRC,COIL,11513:2017,BIS,cr3,72083990,N,7.453,17181227,MATCHED
2000,R_HR_CO,Hot Rolled Black Coil,25I0059R00,27.5,2001,2.2,1230,0011000057,ANM Ispat Private Limited,257214058,5000081441,4600000186,40,21-08-25,101,HRC,COIL,11513:2017,BIS,cr3,72083990,N,7.453,83171829,MATCHED
2000,R_HR_CO,Hot Rolled Black Coil,25I0060R00,27.51,2001,2.2,1230,0011000057,ANM Ispat Private Limited,257213084,5000081443,4600000186,40,21-08-25,101,HRC,COIL,11513:2017,BIS,cr3,72083990,N,7.453,88520409,MATCHED
2000,R_HR_CO,Hot Rolled Black Coil,25I0061R00,27.66,2001,2.2,1230,0011000057,ANM Ispat Private Limited,257187083,5000081444,4600000186,40,21-08-25,101,HRC,COIL,11513:2017,BIS,cr3,72083990,N,7.453,72197313,MATCHED
2000,R_HR_CO,Hot Rolled Black Coil,25I0062R00,27.74,2001,2.2,1230,0011000057,ANM Ispat Private Limited,257213086,5000081445,4600000186,40,21-08-25,101,HRC,COIL,11513:2017,BIS,cr3,72083990,N,7.453,23013984,MATCHED
2000,R_HR_CO,Hot Rolled Black Coil,25I0063R00,27.47,2001,2.2,1230,0011000057,ANM Ispat Private Limited,257214059,5000081446,4600000186,40,21-08-25,101,HRC,COIL,11513:2017,BIS,cr3,72083990,N,7.453,44279613,MATCHED
2000,R_HR_CO,Hot Rolled Black Coil,25I0064R00,27.62,2001,2.2,1230,0011000057,ANM Ispat Private Limited,257214061,5000081448,4600000186,40,21-08-25,101,HRC,COIL,11513:2017,BIS,cr3,72083990,N,7.453,24666632,MATCHED
2000,R_HR_CO,Hot Rolled Black Coil,25I0065R00,27.53,2001,2.2,1230,0011000057,ANM Ispat Private Limited,257214056,5000081449,4600000186,40,21-08-25,101,HRC,COIL,11513:2017,BIS,cr3,72083990,N,7.453,37885777,MATCHED
2000,R_HR_CO,Hot Rolled Black Coil,25I0067R00,27.6,2001,2.2,1230,0011000057,ANM Ispat Private Limited,257214057,5000081451,4600000186,40,21-08-25,101,HRC,COIL,11513:2017,BIS,cr3,72083990,N,7.453,65980874,MATCHED
2000,R_HR_CO,Hot Rolled Black Coil,25I0069R00,27.58,2001,2.2,1230,0011000057,ANM Ispat Private Limited,257212079,5000081453,4600000186,40,21-08-25,101,HRC,COIL,11513:2017,BIS,cr3,72083990,N,7.453,78031134,MATCHED
2000,R_HR_CO,Hot Rolled Black Coil,25I0072R00,27.845,2001,2,1230,0011000004,JSW VIJAYANAGAR METALLICS,25282495,5000081592,4600000185,80,04-09-25,101,HR,COIL,15961_2012,,,,,,32213822,MATCHED
2000,R_HR_CO,Hot Rolled Black Coil,25I0073R00,27.91,2001,2.8,1250,0011000004,Abhay Ispat (India) Pvt Ltd,25282120,5000081593,4600000185,60,18-08-25,101,HRC,COIL,11513:2017,BIS,cr2,72083990,N,7.453,27254379,MATCHED
2000,R_HR_CO,Hot Rolled Black Coil,25I0074R00,29.49,2001,2.8,1220,0011000004,Abhay Ispat (India) Pvt Ltd,25281522,5000081596,4600000185,40,18-08-25,101,HRC,COIL,11513:2017,BIS,cr2,72083990,N,7.453,42534800,MATCHED
2000,R_HR_CO,Hot Rolled Black Coil,25I0075R00,27.865,2001,2.2,1235,0011000004,Abhay Ispat (India) Pvt Ltd,25281954,5000081597,4600000185,10,18-08-25,101,HRC,COIL,11513:2017,BIS,cr3,72083990,N,7.453,68976585,MATCHED
2000,R_HR_CO,Hot Rolled Black Coil,25I0076R00,27.735,2001,2,1230,0011000004,Abhay Ispat (India) Pvt Ltd,25282155,5000081598,4600000185,80,18-08-25,101,HRC,COIL,11513:2017,BIS,cr3,72083990,N,7.453,55878745,MATCHED
2000,R_HR_CO,Hot Rolled Black Coil,25I0077R00,25.735,2001,2,1230,0011000004,Abhay Ispat (India) Pvt Ltd,25282498,5000081600,4600000185,80,18-08-25,101,HRC,COIL,11513:2017,BIS,cr3,72083990,N,7.453,37878425,MATCHED
2000,R_HR_CO,Hot Rolled Black Coil,25I0078R00,25.88,2001,2,1230,0011000004,Abhay Ispat (India) Pvt Ltd,25282499,5000081602,4600000185,80,18-08-25,101,HRC,COIL,11513:2017,BIS,cr3,72083990,N,7.453,58916268,MATCHED
2000,R_HR_CO,Hot Rolled Black Coil,25I0079R00,26.01,2001,2,1230,0011000004,Abhay Ispat (India) Pvt Ltd,25282503,5000081603,4600000185,80,18-08-25,101,HRC,COIL,11513:2017,BIS,cr3,72083990,N,7.453,58678253,MATCHED
2000,R_HR_CO,Hot Rolled Black Coil,25I0080R00,27.665,2001,2,1230,0011000004,Abhay Ispat (India) Pvt Ltd,25282230,5000081605,4600000185,80,18-08-25,101,HRC,COIL,11513:2017,BIS,cr3,72083990,N,7.453,54606240,MATCHED
2000,R_HR_CO,Hot Rolled Black Coil,25I0081R00,27.9,2001,2,1230,0011000004,Abhay Ispat (India) Pvt Ltd,25282157,5000081606,4600000185,80,18-08-25,101,HRC,COIL,11513:2017,BIS,cr3,72083990,N,7.453,62739062,MATCHED
2000,R_HR_CO,Hot Rolled Black Coil,25I0082R00,27.815,2001,2,1230,0011000004,Abhay Ispat (India) Pvt Ltd,25282160,5000081607,4600000185,80,18-08-25,101,HRC,COIL,11513:2017,BIS,cr3,72083990,N,7.453,53915052,MATCHED
2000,R_HR_CO,Hot Rolled Black Coil,25I0083R00,27.905,2001,2.2,1235,0011000004,Abhay Ispat (India) Pvt Ltd,25281962,5000081609,4600000185,10,18-08-25,101,HRC,COIL,11513:2017,BIS,cr3,72083990,N,7.453,28550650,MATCHED
2000,R_HR>3MM_CO,Hot Rolled Black Coil 3mm & Above,25I0084R00,27.885,2001,3,1250,0011000004,Abhay Ispat (India) Pvt Ltd,25282119,5000081610,4600000185,110,18-08-25,101,HRC,COIL,11513:2017,BIS,cr2,72083890,N,7.453,25432938,MATCHED
2000,R_HR_CO,Hot Rolled Black Coil,25I0085R00,21.885,2001,2.8,1220,0011000004,Abhay Ispat (India) Pvt Ltd,25283709,5000081622,4600000185,40,18-08-25,101,HRC,COIL,11513:2017,BIS,cr2,72083990,N,7.453,37701004,MATCHED
2000,R_HR_CO,Hot Rolled Black Coil,25I0086R00,27.88,2001,2,1230,0011000004,Abhay Ispat (India) Pvt Ltd,25282496,5000081623,4600000185,80,18-08-25,101,HRC,COIL,11513:2017,BIS,cr3,72083990,N,7.453,23302776,MATCHED
2000,R_HR_CO,Hot Rolled Black Coil,25I0087R00,27.855,2001,2,1230,0011000004,Abhay Ispat (India) Pvt Ltd,25282159,5000081624,4600000185,80,18-08-25,101,HRC,COIL,11513:2017,BIS,cr3,72083990,N,7.453,68699054,MATCHED
2000,R_HR_CO,Hot Rolled Black Coil,25I0088R00,27.88,2001,2.2,1235,0011000004,Abhay Ispat (India) Pvt Ltd,25281961,5000081625,4600000185,10,18-08-25,101,HRC,COIL,11513:2017,BIS,cr3,72083990,N,7.453,34754705,MATCHED
2000,R_HR_CO,Hot Rolled Black Coil,25I0089R00,28.855,2001,2,1230,0011000004,Abhay Ispat (India) Pvt Ltd,25282963,5000081626,4600000185,80,18-08-25,101,HRC,COIL,11513:2017,BIS,cr3,72083990,N,7.453,30814982,MATCHED
2000,R_HR_CO,Hot Rolled Black Coil,25I0090R00,27.765,2001,2.2,1235,0011000004,Abhay Ispat (India) Pvt Ltd,25281957,5000081627,4600000185,10,18-08-25,101,HRC,COIL,11513:2017,BIS,cr3,72083990,N,7.453,64952250,MATCHED
2000,R_HR_CO,Hot Rolled Black Coil,25I0092R00,26.115,2001,2,1230,0011000004,Abhay Ispat (India) Pvt Ltd,25282500,5000081628,4600000185,80,18-08-25,101,HRC,COIL,11513:2017,BIS,cr3,72083990,N,7.453,89706239,MATCHED
2000,R_HR_CO,Hot Rolled Black Coil,25I0093R00,27.79,2001,2.2,1235,0011000004,Abhay Ispat (India) Pvt Ltd,25281958,5000081629,4600000185,10,18-08-25,101,HRC,COIL,11513:2017,BIS,cr3,72083990,N,7.453,60518775,MATCHED
2000,R_HR_CO,Hot Rolled Black Coil,25I0095R00,27.44,2001,2.8,1220,0011000004,Abhay Ispat (India) Pvt Ltd,25281902,5000081631,4600000185,40,18-08-25,101,HRC,COIL,11513:2017,BIS,cr2,72083990,N,7.453,94136609,MATCHED
2000,R_HR_CO,Hot Rolled Black Coil,25I0096R00,27.935,2001,2,1230,0011000004,Abhay Ispat (India) Pvt Ltd,25282161,5000081632,4600000185,80,18-08-25,101,HRC,COIL,11513:2017,BIS,cr3,72083990,N,7.453,58649559,MATCHED
2000,R_HR_CO,Hot Rolled Black Coil,25I0097R00,27.71,2001,2.8,1220,0011000004,Abhay Ispat (India) Pvt Ltd,25282158,5000081633,4600000185,40,18-08-25,101,HRC,COIL,11513:2017,BIS,cr2,72083990,N,7.453,69111879,MATCHED
2000,R_HR_CO,Hot Rolled Black Coil,25I0098R00,27.85,2001,2.8,1220,0011000004,Abhay Ispat (India) Pvt Ltd,25281951,5000081634,4600000185,40,18-08-25,101,HRC,COIL,11513:2017,BIS,cr2,72083990,N,7.453,94741093,MATCHED
2000,R_HR_CO,Hot Rolled Black Coil,25I0099R00,27.905,2001,2.2,1235,0011000004,Abhay Ispat (India) Pvt Ltd,25277630,5000081635,4600000185,10,18-08-25,101,HRC,COIL,11513:2017,BIS,cr3,72083990,N,7.453,99420367,MATCHED
2000,R_HR_CO,Hot Rolled Black Coil,25I0100R00,27.915,2001,2,1230,0011000004,Abhay Ispat (India) Pvt Ltd,25282162,5000081636,4600000185,80,18-08-25,101,HRC,COIL,11513:2017,BIS,cr3,72083990,N,7.453,25381701,MATCHED
2000,R_HR_CO,Hot Rolled Black Coil,25I0101R00,20.035,2001,2,1230,0011000004,Abhay Ispat (India) Pvt Ltd,25282502,5000081637,4600000185,80,18-08-25,101,HRC,COIL,11513:2017,BIS,cr3,72083990,N,7.453,70528308,MATCHED
2000,R_HR_CO,Hot Rolled Black Coil,25I0102R00,25.62,2001,2,1230,0011000004,Abhay Ispat (India) Pvt Ltd,25282497,5000081638,4600000185,80,18-08-25,101,HRC,COIL,11513:2017,BIS,cr3,72083990,N,7.453,99103085,MATCHED
2000,R_HR_CO,Hot Rolled Black Coil,25I0103R00,26.705,2001,2,1230,0011000004,Abhay Ispat (India) Pvt Ltd,25282229,5000081639,4600000185,80,18-08-25,101,HRC,COIL,11513:2017,BIS,cr3,72083990,N,7.453,61845315,MATCHED
2000,R_HR>3MM_CO,Hot Rolled Black Coil 3mm & Above,25I0104R00,27.94,2001,3,1180,0011000004,Abhay Ispat (India) Pvt Ltd,25281371,5000081640,4600000185,120,18-08-25,101,HRC,COIL,11513:2017,BIS,cr2,72083890,N,7.453,76128071,MATCHED
2000,R_HR_CO,Hot Rolled Black Coil,25I0105R00,28.055,2001,2.8,1265,0011000004,Abhay Ispat (India) Pvt Ltd,25282547,5000081641,4600000185,70,18-08-25,101,HRC,COIL,11513:2017,BIS,cr2,72083990,N,7.453,12176406,MATCHED
2000,R_HR_CO,Hot Rolled Black Coil,25I0106R00,27.765,2001,2,1230,0011000004,Abhay Ispat (India) Pvt Ltd,25282156,5000081642,4600000185,80,18-08-25,101,HRC,COIL,11513:2017,BIS,cr3,72083990,N,7.453,32561065,MATCHED
2000,R_HR_CO,Hot Rolled Black Coil,25I0107R00,27.8,2001,2.2,1230,0011000057,ANM Ispat Private Limited,257187064,5000081643,4600000186,40,21-08-25,101,HRC,COIL,11513:2017,BIS,cr3,72083990,N,7.453,56723797,MATCHED
2000,R_HR_CO,Hot Rolled Black Coil,25I0108R00,27.71,2001,2.2,1230,0011000057,ANM Ispat Private Limited,257196095,5000081644,4600000186,40,21-08-25,101,HRC,COIL,11513:2017,BIS,cr3,72083990,N,7.453,40609718,MATCHED
2000,R_HR_CO,Hot Rolled Black Coil,25I0109R00,27.83,2001,2.2,1230,0011000057,ANM Ispat Private Limited,257187065,5000081645,4600000186,40,21-08-25,101,HRC,COIL,11513:2017,BIS,cr3,72083990,N,7.453,28995312,MATCHED
2000,R_HR_CO,Hot Rolled Black Coil,25I0110R00,27.76,2001,2,1230,0011000057,ANM Ispat Private Limited,257196104,5000081646,4600000186,10,21-08-25,101,HRC,COIL,11513:2017,BIS,cr3,72083990,N,7.453,24203884,MATCHED
2000,R_HR_CO,Hot Rolled Black Coil,25I0111R00,28.77,2001,2.5,1230,0011000057,ANM Ispat Private Limited,257215070,5000081647,4600000186,30,21-08-25,101,HRC,COIL,11513:2017,BIS,cr3,72083990,N,7.453,97806479,MATCHED
2000,R_HR_CO,Hot Rolled Black Coil,25I0112R00,28.72,2001,2.5,1230,0011000057,ANM Ispat Private Limited,257215071,5000081648,4600000186,30,21-08-25,101,HRC,COIL,11513:2017,BIS,cr3,72083990,N,7.453,13531879,MATCHED
2000,R_HR_CO,Hot Rolled Black Coil,25I0113R00,27.71,2001,2.2,1230,0011000057,ANM Ispat Private Limited,257196094,5000081677,4600000186,40,21-08-25,101,HRC,COIL,11513:2017,BIS,cr3,72083990,N,7.453,90578639,MATCHED
2000,R_HR_CO,Hot Rolled Black Coil,25I0114R00,27.75,2001,2,1230,0011000057,ANM Ispat Private Limited,257196105,5000081678,4600000186,10,21-08-25,101,HRC,COIL,11513:2017,BIS,cr3,72083990,N,7.453,73735297,MATCHED
2000,R_HR_CO,Hot Rolled Black Coil,25I0115R00,27.57,2001,2.2,1230,0011000057,ANM Ispat Private Limited,257213071,5000081698,4600000186,40,21-08-25,101,HRC,COIL,11513:2017,BIS,cr3,72083990,N,7.453,61779088,MATCHED
2000,R_HR_CO,Hot Rolled Black Coil,25I0116R00,27.66,2001,2.2,1230,0011000057,ANM Ispat Private Limited,257213070,5000081699,4600000186,40,21-08-25,101,HRC,COIL,11513:2017,BIS,cr3,72083990,N,7.453,28448823,MATCHED
2000,R_HR_CO,Hot Rolled Black Coil,25I0117R00,27.59,2001,2.2,1230,0011000057,ANM Ispat Private Limited,257212093,5000081700,4600000186,40,21-08-25,101,HRC,COIL,11513:2017,BIS,cr3,72083990,N,7.453,20164749,MATCHED
2000,R_HR_CO,Hot Rolled Black Coil,25I0118R00,27.59,2001,2.5,1230,0011000057,ANM Ispat Private Limited,257212085,5000081703,4600000186,30,21-08-25,101,HRC,COIL,11513:2017,BIS,cr3,72083990,N,7.453,84631174,MATCHED
2000,R_HR_CO,Hot Rolled Black Coil,25I0119R00,27.55,2001,2.2,1230,0011000057,ANM Ispat Private Limited,257212083,5000081704,4600000186,40,21-08-25,101,HRC,COIL,11513:2017,BIS,cr3,72083990,N,7.453,97483921,MATCHED
2000,R_HR_CO,Hot Rolled Black Coil,25I0120R00,27.59,2001,2.2,1230,0011000057,ANM Ispat Private Limited,257212089,5000081706,4600000186,40,21-08-25,101,HRC,COIL,11513:2017,BIS,cr3,72083990,N,7.453,90285956,MATCHED
2000,R_HR_CO,Hot Rolled Black Coil,25I0122R00,28.52,2001,2.5,1230,0011000057,ANM Ispat Private Limited,257215078,5000081787,4600000186,30,21-08-25,101,HRC,COIL,11513:2017,BIS,cr3,72083990,N,7.453,89432218,MATCHED
2000,R_HR_CO,Hot Rolled Black Coil,25I0123R00,27.37,2001,2.2,1230,0011000057,ANM Ispat Private Limited,257212091,5000081931,4600000186,40,21-08-25,101,HRC,COIL,11513:2017,BIS,cr3,72083990,N,7.453,71554593,MATCHED
2000,R_HR_CO,Hot Rolled Black Coil,25I0124R00,27.66,2001,2.2,1230,0011000057,ANM Ispat Private Limited,257212082,5000081934,4600000186,40,21-08-25,101,HRC,COIL,11513:2017,BIS,cr3,72083990,N,7.453,33686632,MATCHED
2000,R_HR_CO,Hot Rolled Black Coil,25I0125R00,26.955,2001,2.5,1230,0011000057,ANM Ispat Private Limited,257189084,5000081935,4600000186,30,21-08-25,101,HRC,COIL,11513:2017,BIS,cr3,72083990,N,7.453,14161830,MATCHED
2000,R_HR_CO,Hot Rolled Black Coil,25I0126R00,27.59,2001,2.2,1230,0011000057,ANM Ispat Private Limited,257213068,5000081936,4600000186,40,21-08-25,101,HRC,COIL,11513:2017,BIS,cr3,72083990,N,7.453,55204848,MATCHED
2000,R_HR_CO,Hot Rolled Black Coil,25I0127R00,27.57,2001,2.2,1230,0011000057,ANM Ispat Private Limited,257213083,5000081942,4600000186,40,21-08-25,101,HRC,COIL,11513:2017,BIS,cr3,72083990,N,7.453,36702742,MATCHED
2000,R_HR_CO,Hot Rolled Black Coil,25I0128R00,27.66,2001,2.5,1230,0011000057,ANM Ispat Private Limited,257189081,5000081943,4600000186,30,21-08-25,101,HRC,COIL,11513:2017,BIS,cr3,72083990,N,7.453,64479295,MATCHED
2000,R_HR_CO,Hot Rolled Black Coil,25I0129R00,27.48,2001,2.5,1230,0011000057,ANM Ispat Private Limited,257212084,5000081949,4600000186,30,21-08-25,101,HRC,COIL,11513:2017,BIS,cr3,72083990,N,7.453,27257571,MATCHED
2000,R_HR_CO,Hot Rolled Black Coil,25I0130R00,27.53,2001,2.2,1230,0011000057,TATA STEEL MERAMANDLI,257212087,5000081950,4600000186,40,09-09-25,101,HR,COIL,15961_2012,,,,,,87461851,MATCHED
2000,R_HR_CO,Hot Rolled Black Coil,25I0131R00,28.72,2001,2.5,1230,11000057,TATA STEEL MERAMANDLI,257215073,5000081951,4600000186,30,09-09-25,101,HR,COIL,15961_2012,BIS,,,,,49816240,MATCHED
2000,R_HR_CO,Hot Rolled Black Coil,25I0132R00,27.38,2001,2.2,1230,0011000057,ANM Ispat Private Limited,257213066,5000081952,4600000186,40,21-08-25,101,HRC,COIL,11513:2017,BIS,cr3,72083990,N,7.453,13496132,MATCHED
2000,R_HR_CO,Hot Rolled Black Coil,25I0133R00,28.77,2001,2.5,1230,0011000057,ANM Ispat Private Limited,257216041,5000081953,4600000186,30,21-08-25,101,HRC,COIL,11513:2017,BIS,cr3,72083990,N,7.453,67811727,MATCHED
2000,R_HR_CO,Hot Rolled Black Coil,25I0134R00,27.65,2001,2.2,1230,0011000057,ANM Ispat Private Limited,257187056,5000081954,4600000186,40,21-08-25,101,HRC,COIL,11513:2017,BIS,cr3,72083990,N,7.453,27316040,MATCHED
2000,R_HR_CO,Hot Rolled Black Coil,25I0135R00,27.75,2001,2.2,1230,0011000057,ANM Ispat Private Limited,257187059,5000081959,4600000186,40,21-08-25,101,HRC,COIL,11513:2017,BIS,cr3,72083990,N,7.453,31867039,MATCHED
2000,R_HR_CO,Hot Rolled Black Coil,25I0136R00,27.72,2001,2.5,1230,0011000057,ANM Ispat Private Limited,257225062,5000081964,4600000186,30,21-08-25,101,HRC,COIL,11513:2017,BIS,cr3,72083990,N,7.453,38367433,MATCHED
2000,R_HR_CO,Hot Rolled Black Coil,25I0137R00,27.65,2001,2.2,1230,0011000057,ANM Ispat Private Limited,257212081,5000081969,4600000186,40,21-08-25,101,HRC,COIL,11513:2017,BIS,cr3,72083990,N,7.453,67593501,MATCHED
2000,R_HR_CO,Hot Rolled Black Coil,25I0138R00,27.42,2001,2.2,1235,0011000057,ANM Ispat Private Limited,257144069,5000081971,4600000186,20,21-08-25,101,HRC,COIL,11513:2017,BIS,cr3,72083990,N,7.453,80060981,MATCHED
2000,R_HR_CO,Hot Rolled Black Coil,25I0139R00,27.71,2001,2.5,1230,0011000057,ANM Ispat Private Limited,257196088,5000081973,4600000186,30,21-08-25,101,HRC,COIL,11513:2017,BIS,cr3,72083990,N,7.453,70382861,MATCHED
2000,R_HR_CO,Hot Rolled Black Coil,25I0140R00,28.61,2001,2.5,1230,0011000057,ANM Ispat Private Limited,257216042,5000082041,4600000186,30,21-08-25,101,HRC,COIL,11513:2017,BIS,cr3,72083990,N,7.453,86782945,MATCHED
2000,R_HR_CO,Hot Rolled Black Coil,25I0141R00,28.49,2001,2.5,1230,0011000057,ANM Ispat Private Limited,257215075,5000082075,4600000186,30,21-08-25,101,HRC,COIL,11513:2017,BIS,cr3,72083990,N,7.453,66395569,MATCHED
2000,R_HR_CO,Hot Rolled Black Coil,25I0142R00,27.64,2001,2.5,1230,0011000057,ANM Ispat Private Limited,257196089,5000082076,4600000186,30,21-08-25,101,HRC,COIL,11513:2017,BIS,cr3,72083990,N,7.453,70768672,MATCHED
2000,R_HR_CO,Hot Rolled Black Coil,25I0143R00,27.61,2001,2.5,1230,0011000057,ANM Ispat Private Limited,257225063,5000082077,4600000186,30,21-08-25,101,HRC,COIL,11513:2017,BIS,cr3,72083990,N,7.453,61042457,MATCHED
2000,R_HR_CO,Hot Rolled Black Coil,25I0144R00,27.65,2001,2.2,1230,0011000057,ANM Ispat Private Limited,257213093,5000082078,4600000186,40,21-08-25,101,HRC,COIL,11513:2017,BIS,cr3,72083990,N,7.453,96687429,MATCHED
2000,R_HR_CO,Hot Rolled Black Coil,25I0145R00,27.36,2001,2.2,1230,0011000057,ANM Ispat Private Limited,257187086,5000082169,4600000186,40,21-08-25,101,HRC,COIL,11513:2017,BIS,cr3,72083990,N,7.453,67503911,MATCHED
2000,R_HR_CO,Hot Rolled Black Coil,25I0146R00,27.65,2001,2.2,1230,0011000057,ANM Ispat Private Limited,257213088,5000082196,4600000186,40,21-08-25,101,HRC,COIL,11513:2017,BIS,cr3,72083990,N,7.453,49721900,MATCHED
2000,R_HR_CO,Hot Rolled Black Coil,25I0147R00,28.66,2001,2.5,1230,0011000057,ANM Ispat Private Limited,257214100,5000082210,4600000186,30,21-08-25,101,HRC,COIL,11513:2017,BIS,cr3,72083990,N,7.453,71083148,MATCHED
2000,R_HR_CO,Hot Rolled Black Coil,25I0148R00,28.58,2001,2.5,1230,0011000057,ANM Ispat Private Limited,257214085,5000082211,4600000186,30,21-08-25,101,HRC,COIL,11513:2017,BIS,cr3,72083990,N,7.453,98769360,MATCHED
2000,R_HR_CO,Hot Rolled Black Coil,25I0149R00,27.53,2001,2,1230,0011000057,ANM Ispat Private Limited,257196101,5000082534,4600000186,10,21-08-25,101,HRC,COIL,11513:2017,BIS,cr3,72083990,N,7.453,61948685,MATCHED
2000,R_HR_CO,Hot Rolled Black Coil,25I0150R00,27.39,2001,2.5,1230,0011000057,ANM Ispat Private Limited,257190093,5000082536,4600000186,30,21-08-25,101,HRC,COIL,11513:2017,BIS,cr3,72083990,N,7.453,63844311,MATCHED
2000,R_HR_CO,Hot Rolled Black Coil,25I0151R00,28.76,2001,2.5,1230,0011000057,ANM Ispat Private Limited,257216040,5000082541,4600000186,30,21-08-25,101,HRC,COIL,11513:2017,BIS,cr3,72083990,N,7.453,24331580,MATCHED
2000,R_HR_CO,Hot Rolled Black Coil,25I0152R00,28.8,2001,2.5,1230,0011000057,ANM Ispat Private Limited,257216039,5000082543,4600000186,30,21-08-25,101,HRC,COIL,11513:2017,BIS,cr3,72083990,N,7.453,26968499,MATCHED
2000,R_HR_CO,Hot Rolled Black Coil,25I0153R00,19.83,2001,2.5,1110,0011000004,Abhay Ispat (India) Pvt Ltd,25120332,5000082725,4600000189,10,25-09-25,101,HRC,COIL,11513:2017,BIS,cr3,72083990,N,7.453,44285269,MATCHED
2000,R_HR_CO,Hot Rolled Black Coil,25I0154R00,20.06,2001,2.5,1110,0011000004,Abhay Ispat (India) Pvt Ltd,25120019,5000082725,4600000189,10,25-09-25,101,HRC,COIL,11513:2017,BIS,cr3,72083990,N,7.453,43186076,MATCHED
2000,R_HR_CO,Hot Rolled Black Coil,25I0155R00,19.885,2001,2.5,1110,0011000004,Abhay Ispat (India) Pvt Ltd,25119304,5000082726,4600000189,10,25-09-25,101,HRC,COIL,11513:2017,BIS,cr3,72083990,N,7.453,76983092,MATCHED
2000,R_HR_CO,Hot Rolled Black Coil,25I0156R00,20.15,2001,2.5,1110,0011000004,Abhay Ispat (India) Pvt Ltd,25120331,5000082726,4600000189,10,25-09-25,101,HRC,COIL,11513:2017,BIS,cr3,72083990,N,7.453,98923503,MATCHED
2000,R_HR_CO,Hot Rolled Black Coil,25I0157R00,19.995,2001,2.5,1110,0011000004,Abhay Ispat (India) Pvt Ltd,25119303,5000082746,4600000189,10,25-09-25,101,HRC,COIL,11513:2017,BIS,cr3,72083990,N,7.453,68963387,MATCHED
2000,R_HR_CO,Hot Rolled Black Coil,25I0158R00,19.94,2001,2.5,1110,0011000004,Abhay Ispat (India) Pvt Ltd,25119302,5000082746,4600000189,10,25-09-25,101,HRC,COIL,11513:2017,BIS,cr3,72083990,N,7.453,22061470,MATCHED
2000,R_HR_CO,Hot Rolled Black Coil,25J0001R00,19.665,2001,2.5,1260,0011000004,Abhay Ispat (India) Pvt Ltd,25297297,5000083110,4600000194,10,07-10-25,101,HRC,COIL,11513:2017,BIS,cr3,72083990,N,7.453,55010020,MATCHED
2000,R_HR_CO,Hot Rolled Black Coil,25J0002R00,21.81,2001,2.5,1260,0011000004,Abhay Ispat (India) Pvt Ltd,25298100,5000083111,4600000194,10,07-10-25,101,HRC,COIL,11513:2017,BIS,cr3,72083990,N,7.453,29488111,MATCHED
2000,R_HR_CO,Hot Rolled Black Coil,25J0003R00,19.66,2001,2.5,1260,0011000004,Abhay Ispat (India) Pvt Ltd,25297298,5000083112,4600000194,10,07-10-25,101,HRC,COIL,11513:2017,BIS,cr3,72083990,N,7.453,92476627,MATCHED
2000,R_HR_CO,Hot Rolled Black Coil,25J0004R00,19.51,2001,2.5,1260,0011000004,Abhay Ispat (India) Pvt Ltd,25297299,5000083112,4600000194,10,07-10-25,101,HRC,COIL,11513:2017,BIS,cr3,72083990,N,7.453,89519837,MATCHED
2000,R_HR_CO,Hot Rolled Black Coil,25J0005R00,19.68,2001,2.5,1260,0011000004,Abhay Ispat (India) Pvt Ltd,25298099,5000083115,4600000194,10,07-10-25,101,HRC,COIL,11513:2017,BIS,cr3,72083990,N,7.453,21564749,MATCHED
2000,R_HR_CO,Hot Rolled Black Coil,25J0006R00,19.46,2001,2.8,1260,0011000004,JSW VIJAYANAGAR METALLICS,25297452,5000083115,4600000194,30,09-10-25,101,HR,COIL,15961_2012,,,,,,68590426,MATCHED
2000,R_HR_CO,Hot Rolled Black Coil,25J0007R00,19.65,2001,2.8,1260,0011000004,Abhay Ispat (India) Pvt Ltd,25297453,5000083116,4600000194,30,07-10-25,101,HRC,COIL,11513:2017,BIS,cr3,72083990,N,7.453,77471939,MATCHED
2000,R_HR_CO,Hot Rolled Black Coil,25J0008R00,19.69,2001,2.8,1260,0011000004,Abhay Ispat (India) Pvt Ltd,25297451,5000083116,4600000194,30,07-10-25,101,HRC,COIL,11513:2017,BIS,cr3,72083990,N,7.453,43189444,MATCHED
2000,R_HR_CO,Hot Rolled Black Coil,25J0009R00,27.07,2001,2,1230,0011000144,JSW Vijayanagar Metallics Limited,25303676,5000083551,4600000197,10,14-10-25,101,HRC,COIL,11513:2017,BIS,cr3,72083990,N,7.453,71568782,MATCHED
2000,R_HR_CO,Hot Rolled Black Coil,25J0010R00,27.86,2001,2,1230,0011000144,JSW Vijayanagar Metallics Limited,25303679,5000083552,4600000197,10,14-10-25,101,HRC,COIL,11513:2017,BIS,cr3,72083990,N,7.453,93686961,MATCHED
2000,R_HR_CO,Hot Rolled Black Coil,25J0011R00,27.88,2001,2,1230,0011000144,JSW Vijayanagar Metallics Limited,25303701,5000083553,4600000197,10,14-10-25,101,HRC,COIL,11513:2017,BIS,cr3,72083990,N,7.453,66807081,MATCHED
2000,R_HR_CO,Hot Rolled Black Coil,25J0012R00,27.85,2001,2.2,1235,0011000144,JSW Vijayanagar Metallics Limited,25303698,5000083556,4600000197,20,14-10-25,101,HRC,COIL,11513:2017,BIS,cr3,72083990,N,7.453,55939170,MATCHED
2000,R_HR_CO,Hot Rolled Black Coil,25J0013R00,27.7,2001,2,1230,0011000144,JSW Vijayanagar Metallics Limited,25303832,5000083558,4600000197,10,14-10-25,101,HRC,COIL,11513:2017,BIS,cr3,72083990,N,7.453,50305032,MATCHED
2000,R_HR>3MM_CO,Hot Rolled Black Coil 3mm & Above,25J0014R00,29.75,2001,3.6,1250,0011000144,JSW Vijayanagar Metallics Limited,25303824,5000083561,4600000197,70,14-10-25,101,HRC,COIL,11513:2017,BIS,cr3,72083890,N,7.453,52219396,MATCHED
2000,R_HR>3MM_CO,Hot Rolled Black Coil 3mm & Above,25J0015R00,29.71,2001,3,1250,0011000144,JSW Vijayanagar Metallics Limited,25303560,5000083564,4600000197,90,10-10-25,101,HRC,COIL,11513:2017,BIS,cr3,72083890,N,7.453,28592191,MATCHED
2000,R_HR_CO,Hot Rolled Black Coil,25J0016R00,27.2,2001,2,1230,0011000144,JSW Vijayanagar Metallics Limited,25303675,5000083565,4600000197,10,14-10-25,101,HRC,COIL,11513:2017,BIS,cr3,72083990,N,7.453,92891953,MATCHED
2000,R_HR_CO,Hot Rolled Black Coil,25J0017R00,27.87,2001,2,1230,0011000144,JSW Vijayanagar Metallics Limited,25303827,5000083567,4600000197,10,14-10-25,101,HRC,COIL,11513:2017,BIS,cr3,72083990,N,7.453,75749850,MATCHED
2000,R_HR_CO,Hot Rolled Black Coil,25J0018R00,27.805,2001,2.5,1260,0011000144,JSW Vijayanagar Metallics Limited,25304190,5000083568,4600000197,50,14-10-25,101,HRC,COIL,11513:2017,BIS,cr3,72083990,N,7.453,94524290,MATCHED
2000,R_HR_CO,Hot Rolled Black Coil,25J0019R00,27.785,2001,2,1230,0011000144,JSW Vijayanagar Metallics Limited,25303697,5000083570,4600000197,10,14-10-25,101,HRC,COIL,11513:2017,BIS,cr3,72083990,N,7.453,14686091,MATCHED
2000,R_HR_CO,Hot Rolled Black Coil,25J0020R00,27.52,2001,2,1230,0011000144,JSW Vijayanagar Metallics Limited,25303587,5000083572,4600000197,10,14-10-25,101,HRC,COIL,11513:2017,BIS,cr3,72083990,N,7.453,82089968,MATCHED
2000,R_HR_CO,Hot Rolled Black Coil,25J0021R00,27.81,2001,2,1230,11000144,JSW VIJAYANAGAR METALLICS,25303696,5000083573,4600000197,10,14-10-25,101,HRC,COIL,11513:2017,BIS,,,,7.453,57484754,MATCHED
2000,R_HR_CO,Hot Rolled Black Coil,25J0022R00,27.905,2001,2,1230,0011000144,JSW Vijayanagar Metallics Limited,25303680,5000083575,4600000197,10,14-10-25,101,HRC,COIL,11513:2017,BIS,cr3,72083990,N,7.453,75907243,MATCHED
2000,R_HR_CO,Hot Rolled Black Coil,25J0023R00,27.875,2001,2,1230,0011000144,JSW Vijayanagar Metallics Limited,25303830,5000083576,4600000197,10,14-10-25,101,HRC,COIL,11513:2017,BIS,cr3,72083990,N,7.453,75041858,MATCHED
2000,R_HR_CO,Hot Rolled Black Coil,25J0024R00,27.83,2001,2,1230,0011000144,JSW Vijayanagar Metallics Limited,25303702,5000083577,4600000197,10,14-10-25,101,HRC,COIL,11513:2017,BIS,cr3,72083990,N,7.453,12221403,MATCHED
2000,R_HR_CO,Hot Rolled Black Coil,25J0025R00,27.815,2001,2,1230,0011000144,JSW Vijayanagar Metallics Limited,25303685,5000083578,4600000197,10,14-10-25,101,HRC,COIL,11513:2017,BIS,cr3,72083990,N,7.453,96086851,MATCHED
2000,R_HR_CO,Hot Rolled Black Coil,25J0026R00,27.705,2001,2,1230,0011000144,JSW Vijayanagar Metallics Limited,25303574,5000083579,4600000197,10,14-10-25,101,HRC,COIL,11513:2017,BIS,cr3,72083990,N,7.453,75825860,MATCHED
2000,R_HR_CO,Hot Rolled Black Coil,25J0027R00,27.735,2001,2.8,1250,0011000144,JSW Vijayanagar Metallics Limited,25303565,5000083581,4600000197,40,14-10-25,101,HRC,COIL,11513:2017,BIS,cr3,72083990,N,7.453,32259802,MATCHED
2000,R_HR_CO,Hot Rolled Black Coil,25J0028R00,27.875,2001,2,1230,0011000144,JSW Vijayanagar Metallics Limited,25303688,5000083582,4600000197,10,14-10-25,101,HRC,COIL,11513:2017,BIS,cr3,72083990,N,7.453,56162522,MATCHED
2000,R_HR_CO,Hot Rolled Black Coil,25J0029R00,25.8,2001,2,1230,0011000144,JSW Vijayanagar Metallics Limited,25303684,5000083583,4600000197,10,14-10-25,101,HRC,COIL,11513:2017,BIS,cr3,72083990,N,7.453,70741602,MATCHED
2000,R_HR_CO,Hot Rolled Black Coil,25J0030R00,27.84,2001,2.8,1250,0011000144,JSW Vijayanagar Metallics Limited,25304189,5000083585,4600000197,40,14-10-25,101,HRC,COIL,11513:2017,BIS,cr3,72083990,N,7.453,87514973,MATCHED
2000,R_HR_CO,Hot Rolled Black Coil,25J0031R00,27.79,2001,2,1230,0011000144,JSW Vijayanagar Metallics Limited,25303691,5000083584,4600000197,10,14-10-25,101,HRC,COIL,11513:2017,BIS,cr3,72083990,N,7.453,54685804,MATCHED
2000,R_HR_CO,Hot Rolled Black Coil,25J0032R00,27.885,2001,2,1230,0011000144,JSW Vijayanagar Metallics Limited,25303687,5000083586,4600000197,10,14-10-25,101,HRC,COIL,11513:2017,BIS,cr3,72083990,N,7.453,14857666,MATCHED
2000,R_HR_CO,Hot Rolled Black Coil,25J0033R00,19.61,2001,2.5,1260,0011000144,JSW Vijayanagar Metallics Limited,25297455,5000083587,4600000197,50,14-10-25,101,HRC,COIL,11513:2017,BIS,cr3,72083990,N,7.453,35701815,MATCHED
2000,R_HR_CO,Hot Rolled Black Coil,25J0034R00,27.805,2001,2.2,1235,0011000144,JSW Vijayanagar Metallics Limited,25303682,5000083589,4600000197,20,14-10-25,101,HRC,COIL,11513:2017,BIS,cr3,72083990,N,7.453,25498495,MATCHED
2000,R_HR>3MM_CO,Hot Rolled Black Coil 3mm & Above,25J0035R00,27.66,2001,3.6,1250,0011000144,JSW Vijayanagar Metallics Limited,25304080,5000083590,4600000197,70,14-10-25,101,HRC,COIL,11513:2017,BIS,cr3,72083890,N,7.453,55322997,MATCHED
2000,R_HR_CO,Hot Rolled Black Coil,25J0036R00,21.185,2001,2.5,1235,0011000144,JSW Vijayanagar Metallics Limited,25303358,5000083591,4600000197,30,14-10-25,101,HRC,COIL,11513:2017,BIS,cr3,72083990,N,7.453,32189922,MATCHED
2000,R_HR_CO,Hot Rolled Black Coil,25J0037R00,24.855,2001,2.5,1260,0011000144,JSW Vijayanagar Metallics Limited,25298659,5000083593,4600000197,50,14-10-25,101,HRC,COIL,11513:2017,BIS,cr3,72083990,N,7.453,33967296,MATCHED
2000,R_HR_CO,Hot Rolled Black Coil,25J0038R00,27.635,2001,2.5,1235,0011000144,JSW Vijayanagar Metallics Limited,25303561,5000083592,4600000197,30,14-10-25,101,HRC,COIL,11513:2017,BIS,cr3,72083990,N,7.453,64067712,MATCHED
2000,R_HR>3MM_CO,Hot Rolled Black Coil 3mm & Above,25J0039R00,27.6,2001,3.6,1250,0011000144,JSW Vijayanagar Metallics Limited,25303569,5000083594,4600000197,70,14-10-25,101,HRC,COIL,11513:2017,BIS,cr3,72083890,N,7.453,15114781,MATCHED
2000,R_HR_CO,Hot Rolled Black Coil,25J0040R00,27.675,2001,2.8,1250,0011000144,JSW Vijayanagar Metallics Limited,25303563,5000083595,4600000197,40,14-10-25,101,HRC,COIL,11513:2017,BIS,cr3,72083990,N,7.453,63675272,MATCHED
2000,R_HR>3MM_CO,Hot Rolled Black Coil 3mm & Above,25J0041R00,29.79,2001,3.6,1250,0011000144,JSW Vijayanagar Metallics Limited,25303823,5000083597,4600000197,70,14-10-25,101,HRC,COIL,11513:2017,BIS,cr3,72083890,N,7.453,19507646,MATCHED
2000,R_HR_CO,Hot Rolled Black Coil,25J0042R00,27.77,2001,2.5,1260,0011000144,JSW Vijayanagar Metallics Limited,25303640,5000083596,4600000197,50,14-10-25,101,HRC,COIL,11513:2017,BIS,cr3,72083990,N,7.453,30109908,MATCHED
2000,R_HR>3MM_CO,Hot Rolled Black Coil 3mm & Above,25J0043R00,29.835,2001,3.6,1250,0011000144,JSW Vijayanagar Metallics Limited,25303834,5000083598,4600000197,70,14-10-25,101,HRC,COIL,11513:2017,BIS,cr3,72083890,N,7.453,96693360,MATCHED
2000,R_HR_CO,Hot Rolled Black Coil,25J0044R00,19.61,2001,2.5,1260,0011000144,JSW Vijayanagar Metallics Limited,25297456,5000083599,4600000197,50,14-10-25,101,HRC,COIL,11513:2017,BIS,cr3,72083990,N,7.453,28060634,MATCHED
2000,R_HR>3MM_CO,Hot Rolled Black Coil 3mm & Above,25J0045R00,29.675,2001,3,1250,0011000144,JSW Vijayanagar Metallics Limited,25303555,5000083601,4600000197,60,14-10-25,101,HRC,COIL,11513:2017,BIS,cr3,72083890,N,7.453,23323739,MATCHED
2000,R_HR_CO,Hot Rolled Black Coil,25J0046R00,27.675,2001,2,1230,0011000144,JSW Vijayanagar Metallics Limited,25303566,5000083602,4600000197,10,14-10-25,101,HRC,COIL,11513:2017,BIS,cr3,72083990,N,7.453,72539703,MATCHED
2000,R_HR>3MM_CO,Hot Rolled Black Coil 3mm & Above,25J0047R00,29.81,2001,3,1250,0011000144,JSW Vijayanagar Metallics Limited,25303559,5000083603,4600000197,60,14-10-25,101,HRC,COIL,11513:2017,BIS,cr3,72083890,N,7.453,99623833,MATCHED
2000,R_HR_CO,Hot Rolled Black Coil,25J0048R00,27.775,2001,2,1230,0011000144,JSW Vijayanagar Metallics Limited,25303692,5000083604,4600000197,10,14-10-25,101,HRC,COIL,11513:2017,BIS,cr3,72083990,N,7.453,57729253,MATCHED
2000,R_HR>3MM_CO,Hot Rolled Black Coil 3mm & Above,25J0049R00,29.785,2001,3.6,1250,0011000144,JSW Vijayanagar Metallics Limited,25304196,5000083605,4600000197,70,14-10-25,101,HRC,COIL,11513:2017,BIS,cr3,72083890,N,7.453,32576171,MATCHED
2000,R_HR>3MM_CO,Hot Rolled Black Coil 3mm & Above,25J0050R00,29.75,2001,3.6,1250,0011000144,JSW Vijayanagar Metallics Limited,25304197,5000083606,4600000197,70,14-10-25,101,HRC,COIL,11513:2017,BIS,cr3,72083890,N,7.453,87547649,MATCHED
2000,R_HR_CO,Hot Rolled Black Coil,25J0051R00,27.845,2001,2,1230,0011000144,JSW Vijayanagar Metallics Limited,25303689,5000083607,4600000197,10,14-10-25,101,HRC,COIL,11513:2017,BIS,cr3,72083990,N,7.453,88895558,MATCHED
2000,R_HR>3MM_CO,Hot Rolled Black Coil 3mm & Above,25J0052R00,29.865,2001,3.6,1250,0011000144,JSW Vijayanagar Metallics Limited,25303837,5000083608,4600000197,70,14-10-25,101,HRC,COIL,11513:2017,BIS,cr3,72083890,N,7.453,20727854,MATCHED
2000,R_HR_CO,Hot Rolled Black Coil,25J0053R00,27.84,2001,2,1230,0011000144,JSW Vijayanagar Metallics Limited,25303829,5000083609,4600000197,10,14-10-25,101,HRC,COIL,11513:2017,BIS,cr3,72083990,N,7.453,92872900,MATCHED
2000,R_HR>3MM_CO,Hot Rolled Black Coil 3mm & Above,25J0054R00,29.79,2001,3.6,1250,0011000144,JSW Vijayanagar Metallics Limited,25304198,5000083610,4600000197,70,14-10-25,101,HRC,COIL,11513:2017,BIS,cr3,72083890,N,7.453,17606284,MATCHED
2000,R_HR_CO,Hot Rolled Black Coil,25J0055R00,27.94,2001,2.5,1260,0011000144,JSW Vijayanagar Metallics Limited,25304191,5000083612,4600000197,80,10-10-25,101,HRC,COIL,11513:2017,BIS,cr3,72083990,N,7.453,71171091,MATCHED
2000,R_HR>3MM_CO,Hot Rolled Black Coil 3mm & Above,25J0056R00,29.795,2001,3.6,1250,0011000144,JSW Vijayanagar Metallics Limited,25304195,5000083613,4600000197,70,14-10-25,101,HRC,COIL,11513:2017,BIS,cr3,72083890,N,7.453,88218268,MATCHED
2000,R_HR_CO,Hot Rolled Black Coil,25J0057R00,27.605,2001,2,1230,0011000144,JSW Vijayanagar Metallics Limited,25303583,5000083630,4600000197,10,14-10-25,101,HRC,COIL,11513:2017,BIS,cr3,72083990,N,7.453,56073881,MATCHED
2000,R_HR_CO,Hot Rolled Black Coil,25J0058R00,27.7,2001,2,1230,0011000144,JSW Vijayanagar Metallics Limited,25303580,5000083631,4600000197,10,14-10-25,101,HRC,COIL,11513:2017,BIS,cr3,72083990,N,7.453,64209992,MATCHED
2000,R_HR_CO,Hot Rolled Black Coil,25J0059R00,27.7,2001,2.5,1235,0011000144,JSW Vijayanagar Metallics Limited,25303570,5000083632,4600000197,30,14-10-25,101,HRC,COIL,11513:2017,BIS,cr3,72083990,N,7.453,90839624,MATCHED
2000,R_HR_CO,Hot Rolled Black Coil,25J0060R00,27.78,2001,2,1230,0011000144,JSW Vijayanagar Metallics Limited,25303579,5000083633,4600000197,10,14-10-25,101,HRC,COIL,11513:2017,BIS,cr3,72083990,N,7.453,98493301,MATCHED
2000,R_HR_CO,Hot Rolled Black Coil,25J0061R00,27.705,2001,2,1230,0011000144,JSW Vijayanagar Metallics Limited,25303576,5000083634,4600000197,10,14-10-25,101,HRC,COIL,11513:2017,BIS,cr3,72083990,N,7.453,97201992,MATCHED
2000,R_HR_CO,Hot Rolled Black Coil,25J0062R00,27.77,2001,2,1230,0011000144,JSW Vijayanagar Metallics Limited,25303683,5000083635,4600000197,10,14-10-25,101,HRC,COIL,11513:2017,BIS,cr3,72083990,N,7.453,94091495,MATCHED
2000,R_HR>3MM_CO,Hot Rolled Black Coil 3mm & Above,25J0063R00,27.755,2001,3,1250,0011000144,JSW Vijayanagar Metallics Limited,25303639,5000083640,4600000197,60,14-10-25,101,HRC,COIL,11513:2017,BIS,cr3,72083890,N,7.453,85630840,MATCHED
2000,R_HR_CO,Hot Rolled Black Coil,25J0064R00,27.625,2001,2.5,1260,0011000144,JSW Vijayanagar Metallics Limited,25303575,5000083641,4600000197,50,14-10-25,101,HRC,COIL,11513:2017,BIS,cr3,72083990,N,7.453,70828522,MATCHED
2000,R_HR>3MM_CO,Hot Rolled Black Coil 3mm & Above,25J0065R00,27.175,2001,3.6,1250,0011000144,JSW Vijayanagar Metallics Limited,25304079,5000083642,4600000197,70,14-10-25,101,HRC,COIL,11513:2017,BIS,cr3,72083890,N,7.453,52464501,MATCHED
2000,R_HR>3MM_CO,Hot Rolled Black Coil 3mm & Above,25J0066R00,29.73,2001,3.6,1250,0011000144,JSW Vijayanagar Metallics Limited,25303819,5000083643,4600000197,70,14-10-25,101,HRC,COIL,11513:2017,BIS,cr3,72083890,N,7.453,71527937,MATCHED
2000,R_HR_CO,Hot Rolled Black Coil,25J0067R00,27.775,2001,2.5,1260,0011000144,JSW Vijayanagar Metallics Limited,25304192,5000083644,4600000197,80,10-10-25,101,HRC,COIL,11513:2017,BIS,cr3,72083990,N,7.453,72306702,MATCHED
2000,R_HR>3MM_CO,Hot Rolled Black Coil 3mm & Above,25J0068R00,29.785,2001,3.6,1250,0011000144,JSW Vijayanagar Metallics Limited,25303835,5000083645,4600000197,70,14-10-25,101,HRC,COIL,11513:2017,BIS,cr3,72083890,N,7.453,23717783,MATCHED
2000,R_HR_CO,Hot Rolled Black Coil,25J0069R00,29.845,2001,2.5,1260,0011000144,JSW Vijayanagar Metallics Limited,25304193,5000083650,4600000197,80,10-10-25,101,HRC,COIL,11513:2017,BIS,cr3,72083990,N,7.453,21886449,MATCHED
2000,R_HR>3MM_CO,Hot Rolled Black Coil 3mm & Above,25J0070R00,29.71,2001,3,1250,0011000144,JSW Vijayanagar Metallics Limited,25303558,5000083651,4600000197,60,14-10-25,101,HRC,COIL,11513:2017,BIS,cr3,72083890,N,7.453,98641180,MATCHED
2000,R_HR>3MM_CO,Hot Rolled Black Coil 3mm & Above,25J0071R00,29.765,2001,3,1250,0011000144,JSW Vijayanagar Metallics Limited,25303553,5000083652,4600000197,60,14-10-25,101,HRC,COIL,11513:2017,BIS,cr3,72083890,N,7.453,71793306,MATCHED
2000,R_HR>3MM_CO,Hot Rolled Black Coil 3mm & Above,25J0072R00,29.695,2001,3,1250,0011000144,JSW Vijayanagar Metallics Limited,25303822,5000083653,4600000197,60,14-10-25,101,HRC,COIL,11513:2017,BIS,cr3,72083890,N,7.453,70397819,MATCHED
2000,R_HR>3MM_CO,Hot Rolled Black Coil 3mm & Above,25J0073R00,29.81,2001,3,1250,11000144,JSW Vijayanagar Metallics Limited,25303821,5000083654,4600000197,60,14-10-25,101,HRC,COIL,11513:2017,BIS,,72083890,N,7.453,79022823,MATCHED
2000,R_HR_CO,Hot Rolled Black Coil,25J0074R00,29.855,2001,2.8,1250,0011000144,JSW Vijayanagar Metallics Limited,25304194,5000083665,4600000197,40,14-10-25,101,HRC,COIL,11513:2017,BIS,cr3,72083990,N,7.453,23781681,MATCHED
2000,R_HR>3MM_CO,Hot Rolled Black Coil 3mm & Above,25J0075R00,27.625,2001,3.6,1250,0011000144,JSW Vijayanagar Metallics Limited,25303568,5000083670,4600000197,70,14-10-25,101,HRC,COIL,11513:2017,BIS,cr3,72083890,N,7.453,38926442,MATCHED
2000,R_HR_CO,Hot Rolled Black Coil,25J0076R00,27.82,2001,2,1230,0011000144,JSW Vijayanagar Metallics Limited,25303694,5000083671,4600000197,10,14-10-25,101,HRC,COIL,11513:2017,BIS,cr3,72083990,N,7.453,83613027,MATCHED
2000,R_HR_CO,Hot Rolled Black Coil,25J0077R00,27.65,2001,2,1230,0011000144,JSW Vijayanagar Metallics Limited,25303581,5000083673,4600000197,10,14-10-25,101,HRC,COIL,11513:2017,BIS,cr3,72083990,N,7.453,29398426,MATCHED
2000,R_HR>3MM_CO,Hot Rolled Black Coil 3mm & Above,25J0078R00,29.72,2001,3,1250,0011000144,JSW Vijayanagar Metallics Limited,25303556,5000083676,4600000197,90,10-10-25,101,HRC,COIL,11513:2017,BIS,cr3,72083890,N,7.453,60276889,MATCHED
2000,R_HR>3MM_CO,Hot Rolled Black Coil 3mm & Above,25J0079R00,28.5,2001,3.6,1250,0011000144,JSW Vijayanagar Metallics Limited,25304077,5000083677,4600000197,70,14-10-25,101,HRC,COIL,11513:2017,BIS,cr3,72083890,N,7.453,80299978,MATCHED
2000,R_HR>3MM_CO,Hot Rolled Black Coil 3mm & Above,25J0080R00,27.72,2001,3.6,1250,0011000144,JSW Vijayanagar Metallics Limited,25303638,5000083678,4600000197,70,14-10-25,101,HRC,COIL,11513:2017,BIS,cr3,72083890,N,7.453,12838849,MATCHED
2000,R_HR_CO,Hot Rolled Black Coil,25J0081R00,27.835,2001,2,1230,0011000144,JSW Vijayanagar Metallics Limited,25303699,5000083681,4600000197,10,14-10-25,101,HRC,COIL,11513:2017,BIS,cr3,72083990,N,7.453,78231662,MATCHED
2000,R_HR_CO,Hot Rolled Black Coil,25J0082R00,27.705,2001,2,1230,0011000144,JSW Vijayanagar Metallics Limited,25303584,5000083682,4600000197,10,14-10-25,101,HRC,COIL,11513:2017,BIS,cr3,72083990,N,7.453,50794185,MATCHED
2000,R_HR>3MM_CO,Hot Rolled Black Coil 3mm & Above,25J0083R00,29.735,2001,3,1250,0011000144,JSW Vijayanagar Metallics Limited,25303554,5000083683,4600000197,60,14-10-25,101,HRC,COIL,11513:2017,BIS,cr3,72083890,N,7.453,27911074,MATCHED
2000,R_HR_CO,Hot Rolled Black Coil,25J0084R00,27.64,2001,2.2,1235,0011000144,JSW Vijayanagar Metallics Limited,25303582,5000083685,4600000197,20,14-10-25,101,HRC,COIL,11513:2017,BIS,cr3,72083990,N,7.453,88419025,MATCHED
2000,R_HR>3MM_CO,Hot Rolled Black Coil 3mm & Above,25J0085R00,29.76,2001,3,1250,0011000144,JSW Vijayanagar Metallics Limited,25303820,5000083686,4600000197,90,10-10-25,101,HRC,COIL,11513:2017,BIS,cr3,72083890,N,7.453,43638032,MATCHED
2000,R_HR>3MM_CO,Hot Rolled Black Coil 3mm & Above,25J0086R00,27.65,2001,3.6,1250,0011000144,JSW Vijayanagar Metallics Limited,25303567,5000083687,4600000197,70,14-10-25,101,HRC,COIL,11513:2017,BIS,cr3,72083890,N,7.453,17644161,MATCHED
2000,R_HR_CO,Hot Rolled Black Coil,25J0087R00,27.79,2001,2,1230,0011000144,JSW Vijayanagar Metallics Limited,25303703,5000083699,4600000197,10,14-10-25,101,HRC,COIL,11513:2017,BIS,cr3,72083990,N,7.453,85329287,MATCHED
2000,R_HR_CO,Hot Rolled Black Coil,25J0088R00,27.76,2001,2,1230,0011000144,JSW Vijayanagar Metallics Limited,25303588,5000083700,4600000197,10,14-10-25,101,HRC,COIL,11513:2017,BIS,cr3,72083990,N,7.453,91697352,MATCHED
2000,R_HR_CO,Hot Rolled Black Coil,25J0089R00,27.73,2001,2.8,1250,0011000144,JSW Vijayanagar Metallics Limited,25303562,5000083701,4600000197,40,14-10-25,101,HRC,COIL,11513:2017,BIS,cr3,72083990,N,7.453,54687102,MATCHED
2000,R_HR_CO,Hot Rolled Black Coil,25J0090R00,27.87,2001,2,1230,0011000144,JSW Vijayanagar Metallics Limited,25303678,5000083703,4600000197,10,14-10-25,101,HRC,COIL,11513:2017,BIS,cr3,72083990,N,7.453,71056894,MATCHED
2000,R_HR_CO,Hot Rolled Black Coil,25J0091R00,27.84,2001,2,1230,0011000144,JSW Vijayanagar Metallics Limited,25303686,5000083706,4600000197,10,14-10-25,101,HRC,COIL,11513:2017,BIS,cr3,72083990,N,7.453,98924508,MATCHED
2000,R_HR_CO,Hot Rolled Black Coil,25J0092R00,27.74,2001,2,1230,0011000144,JSW Vijayanagar Metallics Limited,25303833,5000083707,4600000197,10,14-10-25,101,HRC,COIL,11513:2017,BIS,cr3,72083990,N,7.453,54408814,MATCHED
2000,R_HR_CO,Hot Rolled Black Coil,25J0093R00,27.88,2001,2,1230,0011000144,JSW Vijayanagar Metallics Limited,25303677,5000083708,4600000197,10,14-10-25,101,HRC,COIL,11513:2017,BIS,cr3,72083990,N,7.453,39892428,MATCHED
2000,R_HR_CO,Hot Rolled Black Coil,25J0094R00,27.685,2001,2,1230,0011000144,JSW Vijayanagar Metallics Limited,25303589,5000083709,4600000197,10,14-10-25,101,HRC,COIL,11513:2017,BIS,cr3,72083990,N,7.453,83589245,MATCHED
2000,R_HR_CO,Hot Rolled Black Coil,25J0095R00,27.735,2001,2,1230,11000144,JSW VIJAYANAGAR METALLICS,25303571,5000083710,4600000197,10,14-10-25,101,HR,COIL,15961_2013,,,,,,21706270,MATCHED
2000,R_HR_CO,Hot Rolled Black Coil,25J0096R00,27.58,2001,2,1230,0011000144,JSW Vijayanagar Metallics Limited,25303578,5000083711,4600000197,10,14-10-25,101,HRC,COIL,11513:2017,BIS,cr3,72083990,N,7.453,90559629,MATCHED
2000,R_HR_CO,Hot Rolled Black Coil,25J0097R00,27.615,2001,2,1230,0011000144,JSW Vijayanagar Metallics Limited,25303577,5000083712,4600000197,10,14-10-25,101,HRC,COIL,11513:2017,BIS,cr3,72083990,N,7.453,53636073,MATCHED
2000,R_HR_CO,Hot Rolled Black Coil,25J0098R00,27.805,2001,2,1230,0011000144,JSW Vijayanagar Metallics Limited,25303695,5000083714,4600000197,10,14-10-25,101,HRC,COIL,11513:2017,BIS,cr3,72083990,N,7.453,11494330,MATCHED
2000,R_HR_CO,Hot Rolled Black Coil,25J0099R00,27.78,2001,2,1230,0011000144,JSW Vijayanagar Metallics Limited,25303693,5000083716,4600000197,10,14-10-25,101,HRC,COIL,11513:2017,BIS,cr3,72083990,N,7.453,91726925,MATCHED
2000,R_HR_CO,Hot Rolled Black Coil,25J0100R00,27.85,2001,2,1230,0011000144,JSW Vijayanagar Metallics Limited,25303704,5000083717,4600000197,10,14-10-25,101,HRC,COIL,11513:2017,BIS,cr3,72083990,N,7.453,15277916,MATCHED
2000,R_HR_CO,Hot Rolled Black Coil,25J0101R00,27.81,2001,2.5,1260,11000144,JSW VIJAYANAGAR METALLICS,25303826,5000083718,4600000197,80,10-10-25,101,HRC,COIL,11513:2017,BIS,,72083990,N,7.453,80292482,MATCHED
2000,R_HR>3MM_CO,Hot Rolled Black Coil 3mm & Above,25J0102R00,29.085,2001,3,1250,0011000144,JSW Vijayanagar Metallics Limited,25303552,5000083719,4600000197,60,14-10-25,101,HRC,COIL,11513:2017,BIS,cr3,72083890,N,7.453,86086368,MATCHED
2000,R_HR>3MM_CO,Hot Rolled Black Coil 3mm & Above,25J0103R00,29.77,2001,3.6,1250,0011000144,JSW Vijayanagar Metallics Limited,25303825,5000083720,4600000197,70,14-10-25,101,HRC,COIL,11513:2017,BIS,cr3,72083890,N,7.453,40863670,MATCHED
2000,R_HR_CO,Hot Rolled Black Coil,25J0104R00,27.66,2001,2,1230,0011000144,JSW Vijayanagar Metallics Limited,25303590,5000083725,4600000197,10,14-10-25,101,HRC,COIL,11513:2017,BIS,cr3,72083990,N,7.453,66615578,MATCHED
2000,R_HR_CO,Hot Rolled Black Coil,25J0105R00,27.875,2001,2,1230,0011000144,JSW Vijayanagar Metallics Limited,25303831,5000083732,4600000197,10,14-10-25,101,HRC,COIL,11513:2017,BIS,cr3,72083990,N,7.453,98342321,MATCHED
2000,R_HR_CO,Hot Rolled Black Coil,25J0106R00,27.75,2001,2,1230,0011000144,JSW Vijayanagar Metallics Limited,25303828,5000083733,4600000197,10,14-10-25,101,HRC,COIL,11513:2017,BIS,cr3,72083990,N,7.453,16322407,MATCHED
2000,R_HR_CO,Hot Rolled Black Coil,25J0107R00,27.62,2001,2,1230,0011000144,JSW Vijayanagar Metallics Limited,25303572,5000083734,4600000197,10,14-10-25,101,HRC,COIL,11513:2017,BIS,cr3,72083990,N,7.453,16741295,MATCHED
2000,R_HR_CO,Hot Rolled Black Coil,25J0108R00,27.76,2001,2,1230,0011000144,JSW Vijayanagar Metallics Limited,25303681,5000083735,4600000197,10,14-10-25,101,HRC,COIL,11513:2017,BIS,cr3,72083990,N,7.453,69670094,MATCHED
2000,R_HR_CO,Hot Rolled Black Coil,25J0109R00,27.76,2001,2,1230,0011000144,JSW Vijayanagar Metallics Limited,25303585,5000083736,4600000197,10,14-10-25,101,HRC,COIL,11513:2017,BIS,cr3,72083990,N,7.453,59222860,MATCHED
2000,R_HR>3MM_CO,Hot Rolled Black Coil 3mm & Above,25J0110R00,29.36,2001,3,1250,0011000144,JSW Vijayanagar Metallics Limited,25303551,5000083739,4600000197,60,14-10-25,101,HRC,COIL,11513:2017,BIS,cr3,72083890,N,7.453,74595804,MATCHED
2000,R_HR_CO,Hot Rolled Black Coil,25J0111R00,27.835,2001,2,1230,0011000144,JSW Vijayanagar Metallics Limited,25303573,5000083740,4600000197,10,14-10-25,101,HRC,COIL,11513:2017,BIS,cr3,72083990,N,7.453,82252265,MATCHED
2000,R_HR_CO,Hot Rolled Black Coil,25J0112R00,27.64,2001,2,1230,0011000144,JSW Vijayanagar Metallics Limited,25303586,5000083741,4600000197,10,14-10-25,101,HRC,COIL,11513:2017,BIS,cr3,72083990,N,7.453,24186764,MATCHED
2000,R_HR_CO,Hot Rolled Black Coil,25J0113R00,27.775,2001,2.5,1235,0011000144,JSW Vijayanagar Metallics Limited,25303674,5000083743,4600000197,30,14-10-25,101,HRC,COIL,11513:2017,BIS,cr3,72083990,N,7.453,55281117,MATCHED
2000,R_HR_CO,Hot Rolled Black Coil,25J0114R00,27.505,2001,2.5,1235,0011000144,JSW Vijayanagar Metallics Limited,25303690,5000083744,4600000197,30,14-10-25,101,HRC,COIL,11513:2017,BIS,cr3,72083990,N,7.453,25257811,MATCHED
2000,R_HR>3MM_CO,Hot Rolled Black Coil 3mm & Above,25J0115R00,29.745,2001,3,1250,0011000144,JSW Vijayanagar Metallics Limited,25303557,5000083745,4600000197,60,14-10-25,101,HRC,COIL,11513:2017,BIS,cr3,72083890,N,7.453,31011884,MATCHED
2000,R_HR_CO,Hot Rolled Black Coil,25J0116R00,27.87,2001,2,1230,0011000144,JSW Vijayanagar Metallics Limited,25303700,5000083751,4600000197,10,14-10-25,101,HRC,COIL,11513:2017,BIS,cr3,72083990,N,7.453,40169214,MATCHED
2000,R_HR>3MM_CO,Hot Rolled Black Coil 3mm & Above,25J0117R00,27.185,2001,3.6,1250,0011000144,JSW Vijayanagar Metallics Limited,25304078,5000083760,4600000197,70,14-10-25,101,HRC,COIL,11513:2017,BIS,cr3,72083890,N,7.453,82921582,MATCHED
2000,R_HR_CO,Hot Rolled Black Coil,25J0118R00,19.655,2001,2.8,1260,0011000144,JSW Vijayanagar Metallics Limited,25297454,5000083766,4600000200,10,20-10-25,101,HRC,COIL,11513:2017,BIS,cr3,72083990,N,7.453,60156217,MATCHED
2000,R_HR_CO,Hot Rolled Black Coil,25J0119R00,23.73,2001,2.8,1220,0011000144,JSW Vijayanagar Metallics Limited,25275018,5000083767,4600000200,20,20-10-25,101,HRC,COIL,11513:2017,BIS,cr2,72083990,N,7.453,38219955,MATCHED
2000,R_HR_CO,Hot Rolled Black Coil,25J0120R00,27.75,2001,2,1230,0011000144,JSW Vijayanagar Metallics Limited,25306298,5000083776,4600000197,10,14-10-25,101,HRC,COIL,11513:2017,BIS,cr3,72083990,N,7.453,70130680,MATCHED
2000,R_HR_CO,Hot Rolled Black Coil,25J0121R00,27.735,2001,2.2,1235,0011000144,JSW Vijayanagar Metallics Limited,25306390,5000083778,4600000197,20,14-10-25,101,HRC,COIL,11513:2017,BIS,cr3,72083990,N,7.453,35617485,MATCHED
2000,R_HR_CO,Hot Rolled Black Coil,25J0122R00,27.765,2001,2.5,1235,0011000144,JSW Vijayanagar Metallics Limited,25306300,5000083779,4600000197,30,14-10-25,101,HRC,COIL,11513:2017,BIS,cr3,72083990,N,7.453,58094731,MATCHED
2000,R_HR_CO,Hot Rolled Black Coil,25J0123R00,27.605,2001,2,1230,0011000144,JSW Vijayanagar Metallics Limited,25306960,5000083786,4600000197,10,14-10-25,101,HRC,COIL,11513:2017,BIS,cr3,72083990,N,7.453,84517999,MATCHED
2000,R_HR_CO,Hot Rolled Black Coil,25J0124R00,27.525,2001,2,1230,0011000144,JSW Vijayanagar Metallics Limited,25306976,5000083791,4600000197,10,14-10-25,101,HRC,COIL,11513:2017,BIS,cr3,72083990,N,7.453,65237674,MATCHED
2000,R_HR_CO,Hot Rolled Black Coil,25J0125R00,27.49,2001,2,1230,0011000144,JSW Vijayanagar Metallics Limited,25306981,5000083792,4600000197,10,14-10-25,101,HRC,COIL,11513:2017,BIS,cr3,72083990,N,7.453,72121617,MATCHED
2000,R_HR_CO,Hot Rolled Black Coil,25J0126R00,21.675,2001,2,1230,0011000144,JSW Vijayanagar Metallics Limited,25305669,5000083793,4600000197,10,14-10-25,101,HRC,COIL,11513:2017,BIS,cr3,72083990,N,7.453,72503269,MATCHED
2000,R_HR_CO,Hot Rolled Black Coil,25J0127R00,21.655,2001,2.2,1235,0011000144,JSW Vijayanagar Metallics Limited,25307107,5000083794,4600000197,20,14-10-25,101,HRC,COIL,11513:2017,BIS,cr3,72083990,N,7.453,63729086,MATCHED
2000,R_HR>3MM_CO,Hot Rolled Black Coil 3mm & Above,25J0128R00,27.52,2001,3.6,1250,0011000144,JSW Vijayanagar Metallics Limited,25306878,5000083795,4600000197,100,10-10-25,101,HRC,COIL,11513:2017,BIS,cr3,72083890,N,7.453,75043021,MATCHED
2000,R_HR>3MM_CO,Hot Rolled Black Coil 3mm & Above,25J0129R00,27.805,2001,3,1250,0011000144,JSW Vijayanagar Metallics Limited,25306515,5000083796,4600000197,60,14-10-25,101,HRC,COIL,11513:2017,BIS,cr3,72083890,N,7.453,74506474,MATCHED
2000,R_HR>3MM_CO,Hot Rolled Black Coil 3mm & Above,25J0130R00,27.755,2001,3,1250,0011000144,JSW Vijayanagar Metallics Limited,25306310,5000083802,4600000197,60,14-10-25,101,HRC,COIL,11513:2017,BIS,cr3,72083890,N,7.453,11076046,MATCHED
2000,R_HR>3MM_CO,Hot Rolled Black Coil 3mm & Above,25J0131R00,27.67,2001,3,1250,0011000144,JSW Vijayanagar Metallics Limited,25306372,5000083803,4600000197,60,14-10-25,101,HRC,COIL,11513:2017,BIS,cr3,72083890,N,7.453,10979574,MATCHED
2000,R_HR_CO,Hot Rolled Black Coil,25J0132R00,27.755,2001,2,1230,0011000144,JSW Vijayanagar Metallics Limited,25306301,5000083804,4600000197,10,14-10-25,101,HRC,COIL,11513:2017,BIS,cr3,72083990,N,7.453,62779532,MATCHED
2000,R_HR_CO,Hot Rolled Black Coil,25J0133R00,27.765,2001,2,1230,0011000144,JSW Vijayanagar Metallics Limited,25306299,5000083805,4600000197,10,14-10-25,101,HRC,COIL,11513:2017,BIS,cr3,72083990,N,7.453,47051146,MATCHED
2000,R_HR_CO,Hot Rolled Black Coil,25J0134R00,27.8,2001,2.2,1235,0011000144,JSW Vijayanagar Metallics Limited,25306364,5000083806,4600000197,20,14-10-25,101,HRC,COIL,11513:2017,BIS,cr3,72083990,N,7.453,86693130,MATCHED
2000,R_HR_CO,Hot Rolled Black Coil,25J0135R00,27.795,2001,2.2,1235,0011000144,JSW Vijayanagar Metallics Limited,25306383,5000083807,4600000197,20,14-10-25,101,HRC,COIL,11513:2017,BIS,cr3,72083990,N,7.453,92191493,MATCHED
2000,R_HR_CO,Hot Rolled Black Coil,25J0136R00,27.8,2001,2,1230,0011000144,JSW Vijayanagar Metallics Limited,25304721,5000083808,4600000197,10,14-10-25,101,HRC,COIL,11513:2017,BIS,cr3,72083990,N,7.453,41964728,MATCHED
2000,R_HR>3MM_CO,Hot Rolled Black Coil 3mm & Above,25J0137R00,29.695,2001,3.6,1250,0011000144,JSW Vijayanagar Metallics Limited,25306707,5000083809,4600000197,100,10-10-25,101,HRC,COIL,11513:2017,BIS,cr3,72083890,N,7.453,95937899,MATCHED
2000,R_HR>3MM_CO,Hot Rolled Black Coil 3mm & Above,25J0138R00,27.725,2001,3.6,1250,0011000144,JSW Vijayanagar Metallics Limited,25306808,5000083811,4600000197,100,10-10-25,101,HRC,COIL,11513:2017,BIS,cr3,72083890,N,7.453,35543312,MATCHED
2000,R_HR_CO,Hot Rolled Black Coil,25J0139R00,27.205,2001,2,1230,0011000144,JSW Vijayanagar Metallics Limited,25306982,5000083812,4600000197,10,14-10-25,101,HRC,COIL,11513:2017,BIS,cr3,72083990,N,7.453,81681810,MATCHED
2000,R_HR_CO,Hot Rolled Black Coil,25J0140R00,27.535,2001,2,1230,0011000144,JSW Vijayanagar Metallics Limited,25306975,5000083813,4600000197,10,14-10-25,101,HRC,COIL,11513:2017,BIS,cr3,72083990,N,7.453,96855539,MATCHED
2000,R_HR_CO,Hot Rolled Black Coil,25J0141R00,27.765,2001,2.2,1235,0011000144,JSW Vijayanagar Metallics Limited,25306392,5000083816,4600000197,20,14-10-25,101,HRC,COIL,11513:2017,BIS,cr3,72083990,N,7.453,89972560,MATCHED
2000,R_HR_CO,Hot Rolled Black Coil,25J0142R00,27.85,2001,2,1230,0011000144,JSW Vijayanagar Metallics Limited,25304726,5000083817,4600000197,10,14-10-25,101,HRC,COIL,11513:2017,BIS,cr3,72083990,N,7.453,84895849,MATCHED
2000,R_HR>3MM_CO,Hot Rolled Black Coil 3mm & Above,25J0143R00,27.78,2001,3,1250,0011000144,JSW Vijayanagar Metallics Limited,25306377,5000083818,4600000197,60,14-10-25,101,HRC,COIL,11513:2017,BIS,cr3,72083890,N,7.453,50590919,MATCHED
2000,R_HR>3MM_CO,Hot Rolled Black Coil 3mm & Above,25J0144R00,27.84,2001,3,1250,0011000144,JSW Vijayanagar Metallics Limited,25306376,5000083819,4600000197,60,14-10-25,101,HRC,COIL,11513:2017,BIS,cr3,72083890,N,7.453,63113819,MATCHED
2000,R_HR>3MM_CO,Hot Rolled Black Coil 3mm & Above,25J0145R00,21.715,2001,3.6,1250,0011000144,JSW Vijayanagar Metallics Limited,25306588,5000083822,4600000197,100,10-10-25,101,HRC,COIL,11513:2017,BIS,cr3,72083890,N,7.453,84447801,MATCHED
2000,R_HR_CO,Hot Rolled Black Coil,25J0146R00,21.735,2001,2.2,1235,0011000144,JSW Vijayanagar Metallics Limited,25306626,5000083824,4600000197,20,14-10-25,101,HRC,COIL,11513:2017,BIS,cr3,72083990,N,7.453,37587500,MATCHED
2000,R_HR>3MM_CO,Hot Rolled Black Coil 3mm & Above,25J0147R00,29.8,2001,3.6,1250,0011000144,JSW Vijayanagar Metallics Limited,25303836,5000083825,4600000197,100,10-10-25,101,HRC,COIL,11513:2017,BIS,cr3,72083890,N,7.453,88127835,MATCHED
2000,R_HR_CO,Hot Rolled Black Coil,25J0148R00,27.89,2001,2,1230,0011000144,JSW Vijayanagar Metallics Limited,25304723,5000083836,4600000197,10,14-10-25,101,HRC,COIL,11513:2017,BIS,cr3,72083990,N,7.453,84441241,MATCHED
2000,R_HR>3MM_CO,Hot Rolled Black Coil 3mm & Above,25J0149R00,27.85,2001,3,1250,0011000144,JSW Vijayanagar Metallics Limited,25306516,5000083840,4600000197,90,10-10-25,101,HRC,COIL,11513:2017,BIS,cr3,72083890,N,7.453,67171922,MATCHED
2000,R_HR_CO,Hot Rolled Black Coil,25J0150R00,27.78,2001,2.2,1235,0011000144,JSW Vijayanagar Metallics Limited,25306291,5000083843,4600000197,20,14-10-25,101,HRC,COIL,11513:2017,BIS,cr3,72083990,N,7.453,17225823,MATCHED
2000,R_HR_CO,Hot Rolled Black Coil,25J0151R00,27.885,2001,2.2,1235,0011000144,JSW Vijayanagar Metallics Limited,25306396,5000083844,4600000197,20,14-10-25,101,HRC,COIL,11513:2017,BIS,cr3,72083990,N,7.453,24568678,MATCHED
2000,R_HR_CO,Hot Rolled Black Coil,25J0152R00,27.705,2001,2.5,1235,0011000144,JSW Vijayanagar Metallics Limited,25306309,5000083845,4600000197,30,14-10-25,101,HRC,COIL,11513:2017,BIS,cr3,72083990,N,7.453,95928608,MATCHED
2000,R_HR>3MM_CO,Hot Rolled Black Coil 3mm & Above,25J0153R00,27.75,2001,3,1250,0011000144,JSW Vijayanagar Metallics Limited,25306379,5000083852,4600000197,90,10-10-25,101,HRC,COIL,11513:2017,BIS,cr3,72083890,N,7.453,87007326,MATCHED
2000,R_HR_CO,Hot Rolled Black Coil,25J0154R00,25.9,2001,2.2,1235,0011000144,JSW Vijayanagar Metallics Limited,25304798,5000083853,4600000197,20,14-10-25,101,HRC,COIL,11513:2017,BIS,cr3,72083990,N,7.453,16311413,MATCHED
2000,R_HR>3MM_CO,Hot Rolled Black Coil 3mm & Above,25J0155R00,27.715,2001,3,1250,0011000144,JSW Vijayanagar Metallics Limited,25306373,5000083855,4600000197,90,10-10-25,101,HRC,COIL,11513:2017,BIS,cr3,72083890,N,7.453,27329476,MATCHED
2000,R_HR>3MM_CO,Hot Rolled Black Coil 3mm & Above,25J0156R00,27.735,2001,3,1250,0011000144,JSW Vijayanagar Metallics Limited,25306308,5000083856,4600000197,90,10-10-25,101,HRC,COIL,11513:2017,BIS,cr3,72083890,N,7.453,42256519,MATCHED
2000,R_HR_CO,Hot Rolled Black Coil,25J0157R00,27.765,2001,2.2,1235,0011000144,JSW Vijayanagar Metallics Limited,25306360,5000083859,4600000197,20,14-10-25,101,HRC,COIL,11513:2017,BIS,cr3,72083990,N,7.453,95842585,MATCHED
2000,R_HR_CO,Hot Rolled Black Coil,25J0158R00,25.625,2001,2.2,1235,0011000144,JSW Vijayanagar Metallics Limited,25306357,5000083862,4600000197,20,14-10-25,101,HRC,COIL,11513:2017,BIS,cr3,72083990,N,7.453,68836478,MATCHED
2000,R_HR_CO,Hot Rolled Black Coil,25J0159R00,27.84,2001,2.2,1235,0011000144,JSW Vijayanagar Metallics Limited,25306381,5000083864,4600000197,20,14-10-25,101,HRC,COIL,11513:2017,BIS,cr3,72083990,N,7.453,68649284,MATCHED
2000,R_HR_CO,Hot Rolled Black Coil,25J0160R00,27.795,2001,2.2,1235,0011000144,JSW Vijayanagar Metallics Limited,25306397,5000083866,4600000197,20,14-10-25,101,HRC,COIL,11513:2017,BIS,cr3,72083990,N,7.453,47028943,MATCHED
2000,R_HR_CO,Hot Rolled Black Coil,25J0161R00,27.795,2001,2.2,1235,0011000144,JSW Vijayanagar Metallics Limited,25306385,5000083867,4600000197,20,14-10-25,101,HRC,COIL,11513:2017,BIS,cr3,72083990,N,7.453,46632451,MATCHED
2000,R_HR_CO,Hot Rolled Black Coil,25J0162R00,23.09,2001,2.2,1235,0011000144,JSW Vijayanagar Metallics Limited,25306389,5000083868,4600000197,20,14-10-25,101,HRC,COIL,11513:2017,BIS,cr3,72083990,N,7.453,88168409,MATCHED
2000,R_HR_CO,Hot Rolled Black Coil,25J0163R00,27.78,2001,2,1230,0011000144,JSW Vijayanagar Metallics Limited,25306313,5000083869,4600000197,10,14-10-25,101,HRC,COIL,11513:2017,BIS,cr3,72083990,N,7.453,49548304,MATCHED
2000,R_HR_CO,Hot Rolled Black Coil,25J0164R00,27.51,2001,2,1230,0011000144,JSW Vijayanagar Metallics Limited,25306961,5000083870,4600000197,10,14-10-25,101,HRC,COIL,11513:2017,BIS,cr3,72083990,N,7.453,84906023,MATCHED
2000,R_HR>3MM_CO,Hot Rolled Black Coil 3mm & Above,25J0166R00,27.815,2001,3.6,1250,0011000144,JSW Vijayanagar Metallics Limited,25306711,5000083871,4600000197,100,10-10-25,101,HRC,COIL,11513:2017,BIS,cr3,72083890,N,7.453,93910185,MATCHED
2000,R_HR>3MM_CO,Hot Rolled Black Coil 3mm & Above,25J0167R00,27.815,2001,3,1250,0011000144,JSW Vijayanagar Metallics Limited,25306311,5000083874,4600000197,90,10-10-25,101,HRC,COIL,11513:2017,BIS,cr3,72083890,N,7.453,36990826,MATCHED
2000,R_HR>3MM_CO,Hot Rolled Black Coil 3mm & Above,25J0168R00,27.705,2001,3.6,1250,0011000144,JSW Vijayanagar Metallics Limited,25306709,5000083882,4600000197,100,10-10-25,101,HRC,COIL,11513:2017,BIS,cr3,72083890,N,7.453,42513388,MATCHED
2000,R_HR_CO,Hot Rolled Black Coil,25J0169R00,27.77,2001,2.2,1235,0011000144,JSW Vijayanagar Metallics Limited,25306388,5000083889,4600000197,20,14-10-25,101,HRC,COIL,11513:2017,BIS,cr3,72083990,N,7.453,94292921,MATCHED
2000,R_HR_CO,Hot Rolled Black Coil,25J0170R00,27.81,2001,2,1230,0011000144,JSW Vijayanagar Metallics Limited,25304722,5000083890,4600000197,10,14-10-25,101,HRC,COIL,11513:2017,BIS,cr3,72083990,N,7.453,20557320,MATCHED
2000,R_HR>3MM_CO,Hot Rolled Black Coil 3mm & Above,25J0171R00,23.21,2001,3.6,1250,0011000144,JSW Vijayanagar Metallics Limited,25306708,5000083891,4600000197,100,10-10-25,101,HRC,COIL,11513:2017,BIS,cr3,72083890,N,7.453,84503636,MATCHED
2000,R_HR>3MM_CO,Hot Rolled Black Coil 3mm & Above,25J0172R00,27.78,2001,3,1250,0011000144,JSW Vijayanagar Metallics Limited,25306378,5000083892,4600000197,90,10-10-25,101,HRC,COIL,11513:2017,BIS,cr3,72083890,N,7.453,38339123,MATCHED
2000,R_HR_CO,Hot Rolled Black Coil,25J0173R00,27.85,2001,2.2,1235,0011000144,JSW Vijayanagar Metallics Limited,25306401,5000083893,4600000197,20,14-10-25,101,HRC,COIL,11513:2017,BIS,cr3,72083990,N,7.453,72187487,MATCHED
2000,R_HR_CO,Hot Rolled Black Coil,25J0174R00,27.695,2001,2,1230,0011000144,JSW Vijayanagar Metallics Limited,25306293,5000083894,4600000197,10,14-10-25,101,HRC,COIL,11513:2017,BIS,cr3,72083990,N,7.453,24752282,MATCHED
2000,R_HR_CO,Hot Rolled Black Coil,25J0175R00,27.855,2001,2.2,1235,0011000144,JSW Vijayanagar Metallics Limited,25306359,5000083901,4600000197,20,14-10-25,101,HRC,COIL,11513:2017,BIS,cr3,72083990,N,7.453,43754077,MATCHED
2000,R_HR_CO,Hot Rolled Black Coil,25J0176R00,27.79,2001,2.2,1235,0011000144,JSW Vijayanagar Metallics Limited,25306289,5000083902,4600000197,20,14-10-25,101,HRC,COIL,11513:2017,BIS,cr3,72083990,N,7.453,48462608,MATCHED
2000,R_HR_CO,Hot Rolled Black Coil,25J0177R00,27.765,2001,2.2,1235,0011000144,JSW Vijayanagar Metallics Limited,25306288,5000083903,4600000197,20,14-10-25,101,HRC,COIL,11513:2017,BIS,cr3,72083990,N,7.453,96747959,MATCHED
2000,R_HR_CO,Hot Rolled Black Coil,25J0178R00,27.845,2001,2.2,1235,0011000144,JSW Vijayanagar Metallics Limited,25306361,5000083904,4600000197,20,14-10-25,101,HRC,COIL,11513:2017,BIS,cr3,72083990,N,7.453,66467101,MATCHED
2000,R_HR_CO,Hot Rolled Black Coil,25J0179R00,27.77,2001,2.2,1235,0011000144,JSW Vijayanagar Metallics Limited,25306380,5000083905,4600000197,20,14-10-25,101,HRC,COIL,11513:2017,BIS,cr3,72083990,N,7.453,31138065,MATCHED
2000,R_HR>3MM_CO,Hot Rolled Black Coil 3mm & Above,25J0180R00,27.38,2001,3.6,1250,0011000144,JSW Vijayanagar Metallics Limited,25306876,5000083906,4600000197,100,10-10-25,101,HRC,COIL,11513:2017,BIS,cr3,72083890,N,7.453,24573590,MATCHED
2000,R_HR_CO,Hot Rolled Black Coil,25J0181R00,27.805,2001,2,1230,0011000144,JSW Vijayanagar Metallics Limited,25304724,5000083914,4600000197,10,14-10-25,101,HRC,COIL,11513:2017,BIS,cr3,72083990,N,7.453,17175011,MATCHED
2000,R_HR_CO,Hot Rolled Black Coil,25J0182R00,27.705,2001,2,1230,0011000144,JSW Vijayanagar Metallics Limited,25306297,5000083916,4600000197,10,14-10-25,101,HRC,COIL,11513:2017,BIS,cr3,72083990,N,7.453,11013884,MATCHED
2000,R_HR_CO,Hot Rolled Black Coil,25J0183R00,27.8,2001,2,1230,0011000144,JSW Vijayanagar Metallics Limited,25304720,5000083917,4600000197,10,14-10-25,101,HRC,COIL,11513:2017,BIS,cr3,72083990,N,7.453,81196801,MATCHED
2000,R_HR_CO,Hot Rolled Black Coil,25J0184R00,27.8,2001,2.5,1235,0011000144,JSW Vijayanagar Metallics Limited,25306307,5000083918,4600000197,30,14-10-25,101,HRC,COIL,11513:2017,BIS,cr3,72083990,N,7.453,97316137,MATCHED
2000,R_HR_CO,Hot Rolled Black Coil,25J0185R00,27.725,2001,2,1230,0011000144,JSW Vijayanagar Metallics Limited,25306294,5000083920,4600000197,10,14-10-25,101,HRC,COIL,11513:2017,BIS,cr3,72083990,N,7.453,53104512,MATCHED
2000,R_HR>3MM_CO,Hot Rolled Black Coil 3mm & Above,25J0186R00,27.8,2001,3,1250,0011000144,JSW Vijayanagar Metallics Limited,25306375,5000083921,4600000197,90,10-10-25,101,HRC,COIL,11513:2017,BIS,cr3,72083890,N,7.453,65940363,MATCHED
2000,R_HR_CO,Hot Rolled Black Coil,25J0187R00,27.785,2001,2,1230,0011000144,JSW Vijayanagar Metallics Limited,25306312,5000083924,4600000197,10,14-10-25,101,HRC,COIL,11513:2017,BIS,cr3,72083990,N,7.453,92595238,MATCHED
2000,R_HR_CO,Hot Rolled Black Coil,25J0188R00,27.37,2001,2.2,1235,0011000144,JSW Vijayanagar Metallics Limited,25307108,5000083925,4600000197,20,14-10-25,101,HRC,COIL,11513:2017,BIS,cr3,72083990,N,7.453,38387530,MATCHED
2000,R_HR_CO,Hot Rolled Black Coil,25J0189R00,27.305,2001,2,1230,0011000144,JSW Vijayanagar Metallics Limited,25306979,5000083926,4600000197,10,14-10-25,101,HRC,COIL,11513:2017,BIS,cr3,72083990,N,7.453,89971092,MATCHED
2000,R_HR_CO,Hot Rolled Black Coil,25J0190R00,27.87,2001,2.2,1235,0011000144,JSW Vijayanagar Metallics Limited,25306394,5000083927,4600000197,20,14-10-25,101,HRC,COIL,11513:2017,BIS,cr3,72083990,N,7.453,91338356,MATCHED
2000,R_HR_CO,Hot Rolled Black Coil,25J0191R00,23.155,2001,2.2,1235,0011000144,JSW Vijayanagar Metallics Limited,25306384,5000083929,4600000197,20,14-10-25,101,HRC,COIL,11513:2017,BIS,cr3,72083990,N,7.453,95145221,MATCHED
2000,R_HR_CO,Hot Rolled Black Coil,25J0192R00,27.485,2001,2.2,1235,0011000144,JSW Vijayanagar Metallics Limited,25306973,5000083933,4600000197,20,14-10-25,101,HRC,COIL,11513:2017,BIS,cr3,72083990,N,7.453,71707511,MATCHED
2000,R_HR_CO,Hot Rolled Black Coil,25J0193R00,27.8,2001,2,1230,0011000144,JSW Vijayanagar Metallics Limited,25304719,5000083937,4600000197,10,14-10-25,101,HRC,COIL,11513:2017,BIS,cr3,72083990,N,7.453,65518671,MATCHED
2000,R_HR_CO,Hot Rolled Black Coil,25J0194R00,27.435,2001,2,1230,0011000144,JSW Vijayanagar Metallics Limited,25306964,5000083938,4600000197,10,14-10-25,101,HRC,COIL,11513:2017,BIS,cr3,72083990,N,7.453,72603976,MATCHED
2000,R_HR_CO,Hot Rolled Black Coil,25J0195R00,27.495,2001,2,1230,0011000144,JSW Vijayanagar Metallics Limited,25306977,5000083949,4600000197,10,14-10-25,101,HRC,COIL,11513:2017,BIS,cr3,72083990,N,7.453,19485939,MATCHED
2000,R_HR_CO,Hot Rolled Black Coil,25J0196R00,27.65,2001,2,1230,0011000144,JSW Vijayanagar Metallics Limited,25306302,5000083951,4600000197,10,14-10-25,101,HRC,COIL,11513:2017,BIS,cr3,72083990,N,7.453,26797035,MATCHED
2000,R_HR_CO,Hot Rolled Black Coil,25J0197R00,27.365,2001,2,1230,0011000144,JSW Vijayanagar Metallics Limited,25306998,5000083952,4600000197,10,14-10-25,101,HRC,COIL,11513:2017,BIS,cr3,72083990,N,7.453,45295514,MATCHED
2000,R_HR_CO,Hot Rolled Black Coil,25J0198R00,27.77,2001,2.2,1235,0011000144,JSW Vijayanagar Metallics Limited,25306356,5000083953,4600000197,20,14-10-25,101,HRC,COIL,11513:2017,BIS,cr3,72083990,N,7.453,44365148,MATCHED
2000,R_HR_CO,Hot Rolled Black Coil,25J0199R00,27.515,2001,2,1230,0011000144,JSW Vijayanagar Metallics Limited,25306996,5000083954,4600000197,10,14-10-25,101,HRC,COIL,11513:2017,BIS,cr3,72083990,N,7.453,30877906,MATCHED
2000,R_HR_CO,Hot Rolled Black Coil,25J0200R00,27.795,2001,2,1230,0011000144,JSW Vijayanagar Metallics Limited,25306295,5000083964,4600000197,10,14-10-25,101,HRC,COIL,11513:2017,BIS,cr3,72083990,N,7.453,16370652,MATCHED
2000,R_HR_CO,Hot Rolled Black Coil,25J0201R00,27.795,2001,2.2,1235,0011000144,JSW Vijayanagar Metallics Limited,25306292,5000083965,4600000197,20,14-10-25,101,HRC,COIL,11513:2017,BIS,cr3,72083990,N,7.453,14930652,MATCHED
2000,R_HR_CO,Hot Rolled Black Coil,25J0202R00,27.535,2001,2.2,1235,0011000144,JSW Vijayanagar Metallics Limited,25304799,5000083966,4600000197,20,14-10-25,101,HRC,COIL,11513:2017,BIS,cr3,72083990,N,7.453,41718030,MATCHED
2000,R_HR>3MM_CO,Hot Rolled Black Coil 3mm & Above,25J0203R00,21.695,2001,3,1250,0011000144,JSW Vijayanagar Metallics Limited,25306513,5000083967,4600000197,90,10-10-25,101,HRC,COIL,11513:2017,BIS,cr3,72083890,N,7.453,14163081,MATCHED
2000,R_HR>3MM_CO,Hot Rolled Black Coil 3mm & Above,25J0204R00,21.745,2001,3.6,1250,0011000144,JSW Vijayanagar Metallics Limited,25306587,5000083968,4600000197,100,10-10-25,101,HRC,COIL,11513:2017,BIS,cr3,72083890,N,7.453,76674959,MATCHED
2000,R_HR_CO,Hot Rolled Black Coil,25J0205R00,27.84,2001,2,1230,0011000144,JSW Vijayanagar Metallics Limited,25306296,5000083985,4600000197,10,14-10-25,101,HRC,COIL,11513:2017,BIS,cr3,72083990,N,7.453,72693823,MATCHED
2000,R_HR_CO,Hot Rolled Black Coil,25J0207R00,27.315,2001,2.2,1235,0011000144,JSW Vijayanagar Metallics Limited,25307115,5000083986,4600000197,20,14-10-25,101,HRC,COIL,11513:2017,BIS,cr3,72083990,N,7.453,14393417,MATCHED
2000,R_HR_CO,Hot Rolled Black Coil,25J0208R00,27.705,2001,2.2,1235,0011000144,JSW Vijayanagar Metallics Limited,25306363,5000083987,4600000197,20,14-10-25,101,HRC,COIL,11513:2017,BIS,cr3,72083990,N,7.453,23089359,MATCHED
2000,R_HR_CO,Hot Rolled Black Coil,25J0209R00,27.54,2001,2,1230,0011000144,JSW Vijayanagar Metallics Limited,25306967,5000083995,4600000197,10,14-10-25,101,HRC,COIL,11513:2017,BIS,cr3,72083990,N,7.453,45994676,MATCHED
2000,R_HR_CO,Hot Rolled Black Coil,25J0210R00,27.445,2001,2.2,1235,0011000144,JSW Vijayanagar Metallics Limited,25306971,5000083997,4600000197,20,14-10-25,101,HRC,COIL,11513:2017,BIS,cr3,72083990,N,7.453,42038091,MATCHED
2000,R_HR_CO,Hot Rolled Black Coil,25J0211R00,27.815,2001,2.2,1235,0011000144,JSW Vijayanagar Metallics Limited,25306285,5000083999,4600000197,20,14-10-25,101,HRC,COIL,11513:2017,BIS,cr3,72083990,N,7.453,28852025,MATCHED
2000,R_HR_CO,Hot Rolled Black Coil,25J0212R00,27.76,2001,2,1230,0011000144,JSW Vijayanagar Metallics Limited,25306303,5000084001,4600000197,10,14-10-25,101,HRC,COIL,11513:2017,BIS,cr3,72083990,N,7.453,83144690,MATCHED
2000,R_HR>3MM_CO,Hot Rolled Black Coil 3mm & Above,25J0213R00,27.365,2001,3.6,1250,0011000144,JSW Vijayanagar Metallics Limited,25306968,5000084014,4600000197,100,10-10-25,101,HRC,COIL,11513:2017,BIS,cr3,72083890,N,7.453,66164253,MATCHED
2000,R_HR_CO,Hot Rolled Black Coil,25J0214R00,27.38,2001,2,1230,0011000144,JSW Vijayanagar Metallics Limited,25306994,5000084015,4600000197,10,14-10-25,101,HRC,COIL,11513:2017,BIS,cr3,72083990,N,7.453,95129514,MATCHED
2000,R_HR_CO,Hot Rolled Black Coil,25J0215R00,27.805,2001,2.2,1235,0011000144,JSW Vijayanagar Metallics Limited,25306286,5000084017,4600000197,20,14-10-25,101,HRC,COIL,11513:2017,BIS,cr3,72083990,N,7.453,22802748,MATCHED
2000,R_HR_CO,Hot Rolled Black Coil,25J0216R00,27.62,2001,2,1230,0011000144,JSW Vijayanagar Metallics Limited,25306306,5000084022,4600000197,10,14-10-25,101,HRC,COIL,11513:2017,BIS,cr3,72083990,N,7.453,75099647,MATCHED
2000,R_HR_CO,Hot Rolled Black Coil,25J0217R00,27.38,2001,2,1230,0011000144,JSW Vijayanagar Metallics Limited,25306995,5000084024,4600000197,10,14-10-25,101,HRC,COIL,11513:2017,BIS,cr3,72083990,N,7.453,26330174,MATCHED
2000,R_HR_CO,Hot Rolled Black Coil,25J0218R00,27.755,2001,2.2,1235,0011000144,JSW Vijayanagar Metallics Limited,25306391,5000084025,4600000197,20,14-10-25,101,HRC,COIL,11513:2017,BIS,cr3,72083990,N,7.453,53847156,MATCHED
2000,R_HR_CO,Hot Rolled Black Coil,25J0219R00,27.745,2001,2.2,1235,0011000144,JSW Vijayanagar Metallics Limited,25306283,5000084026,4600000197,20,14-10-25,101,HRC,COIL,11513:2017,BIS,cr3,72083990,N,7.453,99824073,MATCHED
2000,R_HR_CO,Hot Rolled Black Coil,25J0220R00,25.595,2001,2.2,1235,0011000144,JSW Vijayanagar Metallics Limited,25306355,5000084038,4600000197,20,14-10-25,101,HRC,COIL,11513:2017,BIS,cr3,72083990,N,7.453,43948940,MATCHED
2000,R_HR_CO,Hot Rolled Black Coil,25J0221R00,27.63,2001,2.2,1235,0011000144,JSW Vijayanagar Metallics Limited,25306290,5000084039,4600000197,20,14-10-25,101,HRC,COIL,11513:2017,BIS,cr3,72083990,N,7.453,34243952,MATCHED
2000,R_HR_CO,Hot Rolled Black Coil,25J0222R00,27.775,2001,2,1230,0011000144,JSW Vijayanagar Metallics Limited,25306314,5000084040,4600000197,10,14-10-25,101,HRC,COIL,11513:2017,BIS,cr3,72083990,N,7.453,19462775,MATCHED
2000,R_HR_CO,Hot Rolled Black Coil,25J0223R00,25.67,2001,2,1230,0011000144,JSW Vijayanagar Metallics Limited,25304728,5000084041,4600000197,10,14-10-25,101,HRC,COIL,11513:2017,BIS,cr3,72083990,N,7.453,53144639,MATCHED
2000,R_HR_CO,Hot Rolled Black Coil,25J0224R00,27.75,2001,2.2,1235,0011000144,JSW Vijayanagar Metallics Limited,25306282,5000084050,4600000197,20,14-10-25,101,HRC,COIL,11513:2017,BIS,cr3,72083990,N,7.453,61372934,MATCHED
2000,R_HR>3MM_CO,Hot Rolled Black Coil 3mm & Above,25J0225R00,27.815,2001,3,1250,0011000144,JSW Vijayanagar Metallics Limited,25306371,5000084051,4600000197,90,10-10-25,101,HRC,COIL,11513:2017,BIS,cr3,72083890,N,7.453,40152826,MATCHED
2000,R_HR_CO,Hot Rolled Black Coil,25J0226R00,27.47,2001,2,1230,0011000144,JSW Vijayanagar Metallics Limited,25304727,5000084052,4600000197,10,14-10-25,101,HRC,COIL,11513:2017,BIS,cr3,72083990,N,7.453,25676019,MATCHED
2000,R_HR>3MM_CO,Hot Rolled Black Coil 3mm & Above,25J0227R00,21.73,2001,3.6,1250,0011000144,JSW Vijayanagar Metallics Limited,25306590,5000084053,4600000197,100,10-10-25,101,HRC,COIL,11513:2017,BIS,cr3,72083890,N,7.453,19696955,MATCHED
2000,R_HR>3MM_CO,Hot Rolled Black Coil 3mm & Above,25J0228R00,27.805,2001,3,1250,0011000144,JSW Vijayanagar Metallics Limited,25306514,5000084058,4600000197,90,10-10-25,101,HRC,COIL,11513:2017,BIS,cr3,72083890,N,7.453,28069099,MATCHED
2000,R_HR_CO,Hot Rolled Black Coil,25J0229R00,27.675,2001,2.2,1235,0011000144,JSW Vijayanagar Metallics Limited,25306362,5000084060,4600000197,20,14-10-25,101,HRC,COIL,11513:2017,BIS,cr3,72083990,N,7.453,45753994,MATCHED
2000,R_HR_CO,Hot Rolled Black Coil,25J0230R00,21.755,2001,2.2,1235,0011000144,JSW Vijayanagar Metallics Limited,25306625,5000084062,4600000197,20,14-10-25,101,HRC,COIL,11513:2017,BIS,cr3,72083990,N,7.453,45728868,MATCHED
2000,R_HR_CO,Hot Rolled Black Coil,25J0231R00,21.61,2001,2.2,1235,0011000144,JSW Vijayanagar Metallics Limited,25307112,5000084063,4600000197,20,14-10-25,101,HRC,COIL,11513:2017,BIS,cr3,72083990,N,7.453,16305639,MATCHED
2000,R_HR_CO,Hot Rolled Black Coil,25J0232R00,25.55,2001,2.2,1235,0011000144,JSW Vijayanagar Metallics Limited,25306358,5000084075,4600000197,20,14-10-25,101,HRC,COIL,11513:2017,BIS,cr3,72083990,N,7.453,98796350,MATCHED
2000,R_HR_CO,Hot Rolled Black Coil,25J0233R00,21.68,2001,2.2,1235,0011000144,JSW Vijayanagar Metallics Limited,25307111,5000084078,4600000197,20,14-10-25,101,HRC,COIL,11513:2017,BIS,cr3,72083990,N,7.453,42574275,MATCHED
2000,R_HR_CO,Hot Rolled Black Coil,25J0234R00,27.46,2001,2,1230,0011000144,JSW Vijayanagar Metallics Limited,25306963,5000084080,4600000197,10,14-10-25,101,HRC,COIL,11513:2017,BIS,cr3,72083990,N,7.453,85039865,MATCHED
2000,R_HR_CO,Hot Rolled Black Coil,25J0235R00,25.055,2001,2.8,1250,0011000144,JSW Vijayanagar Metallics Limited,25306712,5000084084,4600000197,40,14-10-25,101,HRC,COIL,11513:2017,BIS,cr3,72083990,N,7.453,76638544,MATCHED
2000,R_HR_CO,Hot Rolled Black Coil,25J0236R00,27.345,2001,2.8,1250,0011000144,JSW Vijayanagar Metallics Limited,25307007,5000084086,4600000197,40,14-10-25,101,HRC,COIL,11513:2017,BIS,cr3,72083990,N,7.453,83583283,MATCHED
2000,R_HR_CO,Hot Rolled Black Coil,25J0237R00,27.775,2001,2.5,1235,0011000144,JSW Vijayanagar Metallics Limited,25306281,5000084087,4600000197,30,14-10-25,101,HRC,COIL,11513:2017,BIS,cr3,72083990,N,7.453,81799950,MATCHED
2000,R_HR_CO,Hot Rolled Black Coil,25J0238R00,27.44,2001,2,1230,0011000144,JSW Vijayanagar Metallics Limited,25307009,5000084242,4600000197,10,14-10-25,101,HRC,COIL,11513:2017,BIS,cr3,72083990,N,7.453,23101290,MATCHED
2000,R_HR_CO,Hot Rolled Black Coil,25J0239R00,27.93,2001,2,1230,0011000144,JSW Vijayanagar Metallics Limited,25304725,5000084245,4600000197,10,14-10-25,101,HRC,COIL,11513:2017,BIS,cr3,72083990,N,7.453,73830707,MATCHED
2000,R_HR>3MM_CO,Hot Rolled Black Coil 3mm & Above,25J0240R00,25.52,2001,3.6,1250,0011000144,JSW Vijayanagar Metallics Limited,25308173,5000084246,4600000197,100,10-10-25,101,HRC,COIL,11513:2017,BIS,cr3,72083890,N,7.453,85643398,MATCHED
2000,R_HR>3MM_CO,Hot Rolled Black Coil 3mm & Above,25J0241R00,25.955,2001,3.6,1250,0011000144,JSW Vijayanagar Metallics Limited,25307265,5000084247,4600000197,100,10-10-25,101,HRC,COIL,11513:2017,BIS,cr3,72083890,N,7.453,92487931,MATCHED
2000,R_HR_CO,Hot Rolled Black Coil,25J0242R00,27.62,2001,2,1230,0011000144,JSW Vijayanagar Metallics Limited,25306965,5000084250,4600000197,10,14-10-25,101,HRC,COIL,11513:2017,BIS,cr3,72083990,N,7.453,19944132,MATCHED
2000,R_HR_CO,Hot Rolled Black Coil,25J0243R00,27.595,2001,2.5,1235,0011000144,JSW Vijayanagar Metallics Limited,25310839,5000084262,4600000197,180,17-10-25,101,HRC,COIL,11513:2017,BIS,cr3,72083990,N,7.453,92234365,MATCHED
2000,R_HR_CO,Hot Rolled Black Coil,25J0245R00,27.66,2001,2,1230,0011000144,JSW VIJAYANAGAR METALLICS,25310847,5000084267,4600000197,160,28-10-25,101,HR,COIL,15961_2012,,,,,,31790666,MATCHED
2000,R_HR_CO,Hot Rolled Black Coil,25J0246R00,27.52,2001,2,1230,0011000144,JSW Vijayanagar Metallics Limited,25306993,5000084272,4600000197,160,17-10-25,101,HRC,COIL,11513:2017,BIS,cr3,72083990,N,7.453,32786736,MATCHED
2000,R_HR_CO,Hot Rolled Black Coil,25J0247R00,27.425,2001,2.2,1235,0011000144,JSW Vijayanagar Metallics Limited,25307110,5000084274,4600000197,20,14-10-25,101,HRC,COIL,11513:2017,BIS,cr3,72083990,N,7.453,63344592,MATCHED
2000,R_HR_CO,Hot Rolled Black Coil,25J0248R00,27.39,2001,2,1230,0011000144,JSW Vijayanagar Metallics Limited,25306966,5000084277,4600000197,160,17-10-25,101,HRC,COIL,11513:2017,BIS,cr3,72083990,N,7.453,14662273,MATCHED
2000,R_HR_CO,Hot Rolled Black Coil,25J0249R00,29.54,2001,2.5,1235,0011000144,JSW Vijayanagar Metallics Limited,25310802,5000084278,4600000197,180,17-10-25,101,HRC,COIL,11513:2017,BIS,cr3,72083990,N,7.453,58126303,MATCHED
2000,R_HR_CO,Hot Rolled Black Coil,25J0250R00,29.65,2001,2.5,1235,0011000144,JSW Vijayanagar Metallics Limited,25310838,5000084279,4600000197,180,17-10-25,101,HRC,COIL,11513:2017,BIS,cr3,72083990,N,7.453,33211694,MATCHED
2000,R_HR_CO,Hot Rolled Black Coil,25J0251R00,29.57,2001,2.2,1235,0011000144,JSW Vijayanagar Metallics Limited,25310806,5000084281,4600000197,20,14-10-25,101,HRC,COIL,11513:2017,BIS,cr3,72083990,N,7.453,29281668,MATCHED
2000,R_HR>3MM_CO,Hot Rolled Black Coil 3mm & Above,25J0252R00,27.83,2001,3,1250,0011000144,JSW Vijayanagar Metallics Limited,25306382,5000084283,4600000197,90,10-10-25,101,HRC,COIL,11513:2017,BIS,cr3,72083890,N,7.453,68362150,MATCHED
2000,R_HR_CO,Hot Rolled Black Coil,25J0253R00,27.62,2001,2.5,1235,0011000144,JSW Vijayanagar Metallics Limited,25310815,5000084284,4600000197,180,17-10-25,101,HRC,COIL,11513:2017,BIS,cr3,72083990,N,7.453,25798517,MATCHED
2000,R_HR_CO,Hot Rolled Black Coil,25J0254R00,27.875,2001,2.2,1235,0011000144,JSW Vijayanagar Metallics Limited,25306398,5000084285,4600000197,20,14-10-25,101,HRC,COIL,11513:2017,BIS,cr3,72083990,N,7.453,58509724,MATCHED
2000,R_HR_CO,Hot Rolled Black Coil,25J0255R00,27.35,2001,2,1230,0011000144,JSW Vijayanagar Metallics Limited,25307001,5000084286,4600000197,160,17-10-25,101,HRC,COIL,11513:2017,BIS,cr3,72083990,N,7.453,35511500,MATCHED
2000,R_HR_CO,Hot Rolled Black Coil,25J0256R00,27.355,2001,2.2,1235,0011000144,JSW Vijayanagar Metallics Limited,25306999,5000084287,4600000197,20,14-10-25,101,HRC,COIL,11513:2017,BIS,cr3,72083990,N,7.453,56449656,MATCHED
2000,R_HR_CO,Hot Rolled Black Coil,25J0257R00,27.555,2001,2,1230,0011000144,JSW Vijayanagar Metallics Limited,25310888,5000084301,4600000197,160,17-10-25,101,HRC,COIL,11513:2017,BIS,cr3,72083990,N,7.453,34452226,MATCHED
2000,R_HR_CO,Hot Rolled Black Coil,25J0258R00,27.4,2001,2,1230,0011000144,JSW Vijayanagar Metallics Limited,25307006,5000084309,4600000197,10,14-10-25,101,HRC,COIL,11513:2017,BIS,cr3,72083990,N,7.453,24337410,MATCHED
2000,R_HR_CO,Hot Rolled Black Coil,25J0259R00,27.38,2001,2,1230,0011000144,JSW Vijayanagar Metallics Limited,25307010,5000084310,4600000197,10,14-10-25,101,HRC,COIL,11513:2017,BIS,cr3,72083990,N,7.453,23851691,MATCHED
2000,R_HR_CO,Hot Rolled Black Coil,25J0260R00,27.66,2001,2,1230,0011000144,JSW Vijayanagar Metallics Limited,25310799,5000084311,4600000197,10,14-10-25,101,HRC,COIL,11513:2017,BIS,cr3,72083990,N,7.453,92259199,MATCHED
2000,R_HR_CO,Hot Rolled Black Coil,25J0261R00,27.355,2001,2.2,1235,0011000144,JSW Vijayanagar Metallics Limited,25306972,5000084312,4600000197,20,14-10-25,101,HRC,COIL,11513:2017,BIS,cr3,72083990,N,7.453,62120610,MATCHED
2000,R_HR_CO,Hot Rolled Black Coil,25J0262R00,29.675,2001,2.2,1235,0011000144,JSW Vijayanagar Metallics Limited,25310842,5000084313,4600000197,20,14-10-25,101,HRC,COIL,11513:2017,BIS,cr3,72083990,N,7.453,22510789,MATCHED
2000,R_HR_CO,Hot Rolled Black Coil,25J0263R00,21.705,2001,2.2,1235,0011000144,JSW Vijayanagar Metallics Limited,25307105,5000084314,4600000197,20,14-10-25,101,HRC,COIL,11513:2017,BIS,cr3,72083990,N,7.453,88897021,MATCHED
2000,R_HR_CO,Hot Rolled Black Coil,25J0265R00,29.685,2001,2.5,1235,0011000144,JSW Vijayanagar Metallics Limited,25310790,5000084315,4600000197,180,17-10-25,101,HRC,COIL,11513:2017,BIS,cr3,72083990,N,7.453,28644946,MATCHED
2000,R_HR_CO,Hot Rolled Black Coil,25J0266R00,27.695,2001,2.5,1235,0011000144,JSW Vijayanagar Metallics Limited,25310896,5000084316,4600000197,180,17-10-25,101,HRC,COIL,11513:2017,BIS,cr3,72083990,N,7.453,96633680,MATCHED
2000,R_HR_CO,Hot Rolled Black Coil,25J0267R00,27.32,2001,2.8,1250,0011000144,JSW Vijayanagar Metallics Limited,25307008,5000084317,4600000197,40,14-10-25,101,HRC,COIL,11513:2017,BIS,cr3,72083990,N,7.453,62286239,MATCHED
2000,R_HR_CO,Hot Rolled Black Coil,25J0268R00,29.6,2001,2.8,1260,0011000144,JSW Vijayanagar Metallics Limited,25310879,5000084318,4600000197,190,17-10-25,101,HRC,COIL,11513:2017,BIS,cr3,72083990,N,7.453,85166846,MATCHED
2000,R_HR>3MM_CO,Hot Rolled Black Coil 3mm & Above,25J0269R00,29.75,2001,3.6,1250,0011000144,JSW Vijayanagar Metallics Limited,25307262,5000084319,4600000197,100,10-10-25,101,HRC,COIL,11513:2017,BIS,cr3,72083890,N,7.453,51134567,MATCHED
2000,R_HR>3MM_CO,Hot Rolled Black Coil 3mm & Above,25J0270R00,30.365,2001,3.6,1250,0011000144,JSW Vijayanagar Metallics Limited,25307017,5000084325,4600000197,100,10-10-25,101,HRC,COIL,11513:2017,BIS,cr3,72083890,N,7.453,53547210,MATCHED
2000,R_HR_CO,Hot Rolled Black Coil,25J0271R00,27.53,2001,2,1230,0011000144,JSW Vijayanagar Metallics Limited,25307011,5000084326,4600000197,10,14-10-25,101,HRC,COIL,11513:2017,BIS,cr3,72083990,N,7.453,28155464,MATCHED
2000,R_HR_CO,Hot Rolled Black Coil,25J0272R00,29.47,2001,2.5,1235,0011000144,JSW Vijayanagar Metallics Limited,25310816,5000084327,4600000197,180,17-10-25,101,HRC,COIL,11513:2017,BIS,cr3,72083990,N,7.453,35405720,MATCHED
2000,R_HR_CO,Hot Rolled Black Coil,25J0273R00,21.64,2001,2.2,1235,0011000144,JSW Vijayanagar Metallics Limited,25307114,5000084328,4600000197,20,14-10-25,101,HRC,COIL,11513:2017,BIS,cr3,72083990,N,7.453,21164868,MATCHED
2000,R_HR_CO,Hot Rolled Black Coil,25J0274R00,20.475,2001,2.2,1235,0011000144,JSW Vijayanagar Metallics Limited,25307282,5000084329,4600000197,20,14-10-25,101,HRC,COIL,11513:2017,BIS,cr3,72083990,N,7.453,26514380,MATCHED
2000,R_HR_CO,Hot Rolled Black Coil,25J0275R00,29.725,2001,2.2,1235,0011000144,JSW Vijayanagar Metallics Limited,25310841,5000084330,4600000197,20,14-10-25,101,HRC,COIL,11513:2017,BIS,cr3,72083990,N,7.453,82781391,MATCHED
2000,R_HR_CO,Hot Rolled Black Coil,25J0276R00,27.5,2001,2.5,1235,0011000144,JSW Vijayanagar Metallics Limited,25310787,5000084337,4600000197,180,17-10-25,101,HRC,COIL,11513:2017,BIS,cr3,72083990,N,7.453,79463583,MATCHED
2000,R_HR_CO,Hot Rolled Black Coil,25J0277R00,27.57,2001,2,1230,0011000144,JSW Vijayanagar Metallics Limited,25310827,5000084338,4600000197,10,14-10-25,101,HRC,COIL,11513:2017,BIS,cr3,72083990,N,7.453,14017189,MATCHED
2000,R_HR_CO,Hot Rolled Black Coil,25J0278R00,29.655,2001,2.2,1235,0011000144,JSW Vijayanagar Metallics Limited,25310845,5000084339,4600000197,20,14-10-25,101,HRC,COIL,11513:2017,BIS,cr3,72083990,N,7.453,76010863,MATCHED
2000,R_HR_CO,Hot Rolled Black Coil,25J0279R00,27.68,2001,2,1230,0011000144,JSW Vijayanagar Metallics Limited,25310822,5000084340,4600000197,10,14-10-25,101,HRC,COIL,11513:2017,BIS,cr3,72083990,N,7.453,94773629,MATCHED
2000,R_HR_CO,Hot Rolled Black Coil,25J0280R00,27.575,2001,2.2,1235,0011000144,JSW Vijayanagar Metallics Limited,25310795,5000084342,4600000197,20,14-10-25,101,HRC,COIL,11513:2017,BIS,cr3,72083990,N,7.453,49205034,MATCHED
2000,R_HR_CO,Hot Rolled Black Coil,25J0281R00,27.57,2001,2.2,1235,0011000144,JSW Vijayanagar Metallics Limited,25310794,5000084343,4600000197,20,14-10-25,101,HRC,COIL,11513:2017,BIS,cr3,72083990,N,7.453,61155555,MATCHED
2000,R_HR_CO,Hot Rolled Black Coil,25J0282R00,27.615,2001,2,1230,0011000144,JSW Vijayanagar Metallics Limited,25310797,5000084374,4600000197,160,17-10-25,101,HRC,COIL,11513:2017,BIS,cr3,72083990,N,7.453,37151215,MATCHED
2000,R_HR_CO,Hot Rolled Black Coil,25J0283R00,27.595,2001,2,1230,0011000144,JSW Vijayanagar Metallics Limited,25310796,5000084375,4600000197,160,17-10-25,101,HRC,COIL,11513:2017,BIS,cr3,72083990,N,7.453,62037203,MATCHED
2000,R_HR_CO,Hot Rolled Black Coil,25J0284R00,27.525,2001,2.5,1235,0011000144,JSW Vijayanagar Metallics Limited,25310788,5000084379,4600000197,180,17-10-25,101,HRC,COIL,11513:2017,BIS,cr3,72083990,N,7.453,26285376,MATCHED
2000,R_HR_CO,Hot Rolled Black Coil,25J0285R00,29.695,2001,2.5,1235,0011000144,JSW Vijayanagar Metallics Limited,25310830,5000084380,4600000197,180,17-10-25,101,HRC,COIL,11513:2017,BIS,cr3,72083990,N,7.453,51806920,MATCHED
2000,R_HR_CO,Hot Rolled Black Coil,25J0286R00,29.585,2001,2.5,1235,0011000144,JSW Vijayanagar Metallics Limited,25310817,5000084383,4600000197,180,17-10-25,101,HRC,COIL,11513:2017,BIS,cr3,72083990,N,7.453,72724601,MATCHED
2000,R_HR_CO,Hot Rolled Black Coil,25J0287R00,29.5,2001,2.5,1235,0011000144,JSW Vijayanagar Metallics Limited,25310818,5000084385,4600000197,180,17-10-25,101,HRC,COIL,11513:2017,BIS,cr3,72083990,N,7.453,87624174,MATCHED
2000,R_HR_CO,Hot Rolled Black Coil,25J0288R00,27.61,2001,2,1230,0011000144,JSW Vijayanagar Metallics Limited,25310823,5000084388,4600000197,160,17-10-25,101,HRC,COIL,11513:2017,BIS,cr3,72083990,N,7.453,29280808,MATCHED
2000,R_HR_CO,Hot Rolled Black Coil,25J0289R00,29.65,2001,2.5,1235,0011000144,JSW Vijayanagar Metallics Limited,25310791,5000084390,4600000197,180,17-10-25,101,HRC,COIL,11513:2017,BIS,cr3,72083990,N,7.453,24754245,MATCHED
2000,R_HR_CO,Hot Rolled Black Coil,25J0290R00,27.65,2001,2.5,1235,0011000144,JSW Vijayanagar Metallics Limited,25310801,5000084394,4600000197,180,17-10-25,101,HRC,COIL,11513:2017,BIS,cr3,72083990,N,7.453,51614626,MATCHED
2000,R_HR_CO,Hot Rolled Black Coil,25J0291R00,27.49,2001,2,1230,0011000144,JSW Vijayanagar Metallics Limited,25307002,5000084408,4600000197,160,17-10-25,101,HRC,COIL,11513:2017,BIS,cr3,72083990,N,7.453,95099420,MATCHED
2000,R_HR_CO,Hot Rolled Black Coil,25J0292R00,27.64,2001,2,1230,0011000144,JSW Vijayanagar Metallics Limited,25310811,5000084410,4600000197,160,17-10-25,101,HRC,COIL,11513:2017,BIS,cr3,72083990,N,7.453,23780423,MATCHED
2000,R_HR_CO,Hot Rolled Black Coil,25J0293R00,29.665,2001,2.2,1235,0011000144,JSW Vijayanagar Metallics Limited,25310884,5000084412,4600000197,170,17-10-25,101,HRC,COIL,11513:2017,BIS,cr3,72083990,N,7.453,70096676,MATCHED
2000,R_HR_CO,Hot Rolled Black Coil,25J0294R00,27.5,2001,2,1230,0011000144,JSW Vijayanagar Metallics Limited,25306962,5000084418,4600000197,10,14-10-25,101,HRC,COIL,11513:2017,BIS,cr3,72083990,N,7.453,72240500,MATCHED
2000,R_HR_CO,Hot Rolled Black Coil,25J0295R00,25.64,2001,2.2,1235,0011000144,JSW Vijayanagar Metallics Limited,25310793,5000084419,4600000197,20,14-10-25,101,HRC,COIL,11513:2017,BIS,cr3,72083990,N,7.453,51561244,MATCHED
2000,R_HR_CO,Hot Rolled Black Coil,25J0296R00,29.64,2001,2.2,1235,0011000144,JSW Vijayanagar Metallics Limited,25310821,5000084420,4600000197,20,14-10-25,101,HRC,COIL,11513:2017,BIS,cr3,72083990,N,7.453,20888905,MATCHED
2000,R_HR_CO,Hot Rolled Black Coil,25J0297R00,25.67,2001,2.5,1235,0011000144,JSW Vijayanagar Metallics Limited,25310792,5000084421,4600000197,180,17-10-25,101,HRC,COIL,11513:2017,BIS,cr3,72083990,N,7.453,45165929,MATCHED
2000,R_HR_CO,Hot Rolled Black Coil,25J0298R00,27.815,2001,2.5,1235,0011000144,JSW Vijayanagar Metallics Limited,25310882,5000084422,4600000197,180,17-10-25,101,HRC,COIL,11513:2017,BIS,cr3,72083990,N,7.453,88768642,MATCHED
2000,R_HR_CO,Hot Rolled Black Coil,25J0299R00,27.55,2001,2.5,1235,0011000144,JSW Vijayanagar Metallics Limited,25310789,5000084423,4600000197,180,17-10-25,101,HRC,COIL,11513:2017,BIS,cr3,72083990,N,7.453,12734342,MATCHED
2000,R_HR_CO,Hot Rolled Black Coil,25J0300R00,27.225,2001,2.2,1235,0011000144,JSW Vijayanagar Metallics Limited,25309647,5000084440,4600000197,20,14-10-25,101,HRC,COIL,11513:2017,BIS,cr3,72083990,N,7.453,18502064,MATCHED
2000,R_HR_CO,Hot Rolled Black Coil,25J0301R00,29.615,2001,2.5,1235,0011000144,JSW Vijayanagar Metallics Limited,25310880,5000084441,4600000197,180,17-10-25,101,HRC,COIL,11513:2017,BIS,cr3,72083990,N,7.453,12329693,MATCHED
2000,R_HR>3MM_CO,Hot Rolled Black Coil 3mm & Above,25J0302R00,21.575,2001,3.6,1250,0011000144,JSW Vijayanagar Metallics Limited,25307261,5000084442,4600000197,100,10-10-25,101,HRC,COIL,11513:2017,BIS,cr3,72083890,N,7.453,68044468,MATCHED
2000,R_HR_CO,Hot Rolled Black Coil,25J0303R00,29.65,2001,2.5,1235,0011000144,JSW Vijayanagar Metallics Limited,25310837,5000084446,4600000197,180,17-10-25,101,HRC,COIL,11513:2017,BIS,cr3,72083990,N,7.453,49079425,MATCHED
2000,R_HR_CO,Hot Rolled Black Coil,25J0304R00,27.665,2001,2,1230,0011000144,JSW Vijayanagar Metallics Limited,25310810,5000084448,4600000197,160,17-10-25,101,HRC,COIL,11513:2017,BIS,cr3,72083990,N,7.453,58949806,MATCHED
2000,R_HR_CO,Hot Rolled Black Coil,25J0305R00,21.66,2001,2.2,1235,0011000144,JSW Vijayanagar Metallics Limited,25307106,5000084463,4600000197,170,17-10-25,101,HRC,COIL,11513:2017,BIS,cr3,72083990,N,7.453,58456161,MATCHED
2000,R_HR_CO,Hot Rolled Black Coil,25J0306R00,27.605,2001,2,1230,0011000144,JSW Vijayanagar Metallics Limited,25310825,5000084465,4600000197,160,17-10-25,101,HRC,COIL,11513:2017,BIS,cr3,72083990,N,7.453,43577006,MATCHED
2000,R_HR_CO,Hot Rolled Black Coil,25J0307R00,27.575,2001,2,1230,0011000144,JSW Vijayanagar Metallics Limited,25310826,5000084467,4600000197,160,17-10-25,101,HRC,COIL,11513:2017,BIS,cr3,72083990,N,7.453,33646699,MATCHED
2000,R_HR_CO,Hot Rolled Black Coil,25J0308R00,27.695,2001,2,1230,0011000144,JSW Vijayanagar Metallics Limited,25310824,5000084468,4600000197,160,17-10-25,101,HRC,COIL,11513:2017,BIS,cr3,72083990,N,7.453,89909567,MATCHED
2000,R_HR_CO,Hot Rolled Black Coil,25J0309R00,27.685,2001,2,1230,0011000144,JSW Vijayanagar Metallics Limited,25310846,5000084475,4600000197,10,14-10-25,101,HRC,COIL,11513:2017,BIS,cr3,72083990,N,7.453,88451233,MATCHED
2000,R_HR_CO,Hot Rolled Black Coil,25J0310R00,27.72,2001,2,1230,0011000144,JSW Vijayanagar Metallics Limited,25310889,5000084476,4600000197,10,14-10-25,101,HRC,COIL,11513:2017,BIS,cr3,72083990,N,7.453,63322437,MATCHED
2000,R_HR_CO,Hot Rolled Black Coil,25J0311R00,27.685,2001,2,1230,0011000144,JSW Vijayanagar Metallics Limited,25310812,5000084477,4600000197,10,14-10-25,101,HRC,COIL,11513:2017,BIS,cr3,72083990,N,7.453,43176033,MATCHED
2000,R_HR_CO,Hot Rolled Black Coil,25J0312R00,29.655,2001,2.5,1235,0011000144,JSW Vijayanagar Metallics Limited,25310828,5000084478,4600000197,180,17-10-25,101,HRC,COIL,11513:2017,BIS,cr3,72083990,N,7.453,60379080,MATCHED
2000,R_HR_CO,Hot Rolled Black Coil,25J0313R00,27.665,2001,2.5,1235,0011000144,JSW Vijayanagar Metallics Limited,25310800,5000084480,4600000197,180,17-10-25,101,HRC,COIL,11513:2017,BIS,cr3,72083990,N,7.453,60375056,MATCHED
2000,R_HR_CO,Hot Rolled Black Coil,25J0314R00,29.685,2001,2.5,1235,0011000144,JSW Vijayanagar Metallics Limited,25310831,5000084481,4600000197,180,17-10-25,101,HRC,COIL,11513:2017,BIS,cr3,72083990,N,7.453,81733713,MATCHED
2000,R_HR_CO,Hot Rolled Black Coil,25J0315R00,29.73,2001,2.5,1235,0011000144,JSW Vijayanagar Metallics Limited,25310829,5000084482,4600000197,180,17-10-25,101,HRC,COIL,11513:2017,BIS,cr3,72083990,N,7.453,52352018,MATCHED
2000,R_HR_CO,Hot Rolled Black Coil,25J0316R00,27.73,2001,2,1230,0011000144,JSW Vijayanagar Metallics Limited,25306305,5000084483,4600000197,160,17-10-25,101,HRC,COIL,11513:2017,BIS,cr3,72083990,N,7.453,57068299,MATCHED
2000,R_HR_CO,Hot Rolled Black Coil,25J0317R00,29.1,2001,2.5,1260,0011000082,TATA STEEL LTD,257476061,5000084484,4600000198,50,16-10-25,101,HRC,COIL,11513:2017,BIS,cr3,72083990,N,7.453,91302301,MATCHED
2000,R_HR_CO,Hot Rolled Black Coil,25J0318R00,23.185,2001,2.2,1235,0011000144,JSW Vijayanagar Metallics Limited,25306386,5000084486,4600000197,170,17-10-25,101,HRC,COIL,11513:2017,BIS,cr3,72083990,N,7.453,70574155,MATCHED
2000,R_HR_CO,Hot Rolled Black Coil,25J0319R00,27.7,2001,2,1230,0011000082,TATA STEEL LTD,257473083,5000084487,4600000198,10,14-10-25,101,HRC,COIL,11513:2017,BIS,cr3,72083990,N,7.453,70438029,MATCHED
2000,R_HR_CO,Hot Rolled Black Coil,25J0320R00,28.96,2001,2.2,1230,0011000082,TATA STEEL LTD,257476073,5000084488,4600000198,20,14-10-25,101,HRC,COIL,11513:2017,BIS,cr3,72083990,N,7.453,30314640,MATCHED
2000,R_HR_CO,Hot Rolled Black Coil,25J0321R00,28.98,2001,2.2,1230,0011000082,TATA STEEL LTD,257476063,5000084489,4600000198,20,14-10-25,101,HRC,COIL,11513:2017,BIS,cr3,72083990,N,7.453,51051852,MATCHED
2000,R_HR_CO,Hot Rolled Black Coil,25J0322R00,27.61,2001,2.5,1230,0011000082,TATA STEEL LTD,257474082,5000084491,4600000198,30,14-10-25,101,HRC,COIL,11513:2017,BIS,cr3,72083990,N,7.453,20310559,MATCHED
2000,R_HR_CO,Hot Rolled Black Coil,25J0323R00,29,2001,2.2,1230,0011000082,TATA STEEL LTD,257476062,5000084492,4600000198,20,14-10-25,101,HRC,COIL,11513:2017,BIS,cr3,72083990,N,7.453,89860652,MATCHED
2000,R_HR_CO,Hot Rolled Black Coil,25J0324R00,27.805,2001,2.2,1235,0011000144,JSW Vijayanagar Metallics Limited,25306395,5000084506,4600000197,170,17-10-25,101,HRC,COIL,11513:2017,BIS,cr3,72083990,N,7.453,31606955,MATCHED
2000,R_HR_CO,Hot Rolled Black Coil,25J0325R00,29.605,2001,2.5,1235,0011000144,JSW Vijayanagar Metallics Limited,25310834,5000084509,4600000197,180,17-10-25,101,HRC,COIL,11513:2017,BIS,cr3,72083990,N,7.453,27606820,MATCHED
2000,R_HR_CO,Hot Rolled Black Coil,25J0326R00,29.615,2001,2.2,1235,0011000144,JSW Vijayanagar Metallics Limited,25310885,5000084510,4600000197,170,17-10-25,101,HRC,COIL,11513:2017,BIS,cr3,72083990,N,7.453,57252739,MATCHED
2000,R_HR_CO,Hot Rolled Black Coil,25J0327R00,27.345,2001,2.2,1235,0011000144,JSW Vijayanagar Metallics Limited,25306974,5000084511,4600000197,170,17-10-25,101,HRC,COIL,11513:2017,BIS,cr3,72083990,N,7.453,57185828,MATCHED
2000,R_HR_CO,Hot Rolled Black Coil,25J0328R00,27.67,2001,2.5,1230,0011000082,TATA STEEL LTD,257474058,5000084512,4600000198,30,14-10-25,101,HRC,COIL,11513:2017,BIS,cr3,72083990,N,7.453,88831444,MATCHED
2000,R_HR_CO,Hot Rolled Black Coil,25J0329R00,28.78,2001,2,1230,0011000082,TATA STEEL LTD,257476055,5000084515,4600000198,10,14-10-25,101,HRC,COIL,11513:2017,BIS,cr3,72083990,N,7.453,99654052,MATCHED
2000,R_HR_CO,Hot Rolled Black Coil,25J0330R00,28.93,2001,2.2,1230,0011000082,TATA STEEL LTD,257476070,5000084516,4600000198,20,14-10-25,101,HRC,COIL,11513:2017,BIS,cr3,72083990,N,7.453,50454988,MATCHED
2000,R_HR_CO,Hot Rolled Black Coil,25J0331R00,27.57,2001,2.5,1230,0011000082,TATA STEEL LTD,257474085,5000084517,4600000198,30,14-10-25,101,HRC,COIL,11513:2017,BIS,cr3,72083990,N,7.453,83291688,MATCHED
2000,R_HR_CO,Hot Rolled Black Coil,25J0332R00,27.67,2001,2,1230,0011000082,TATA STEEL LTD,257474074,5000084518,4600000198,10,14-10-25,101,HRC,COIL,11513:2017,BIS,cr3,72083990,N,7.453,77298204,MATCHED
2000,R_HR_CO,Hot Rolled Black Coil,25J0333R00,27.62,2001,2.5,1230,0011000082,TATA STEEL LTD,257474086,5000084519,4600000198,30,14-10-25,101,HRC,COIL,11513:2017,BIS,cr3,72083990,N,7.453,86731380,MATCHED
2000,R_HR_CO,Hot Rolled Black Coil,25J0334R00,27.605,2001,2,1230,0011000144,JSW Vijayanagar Metallics Limited,25310891,5000084523,4600000197,10,14-10-25,101,HRC,COIL,11513:2017,BIS,cr3,72083990,N,7.453,19445758,MATCHED
2000,R_HR_CO,Hot Rolled Black Coil,25J0335R00,27.305,2001,2,1230,0011000144,JSW Vijayanagar Metallics Limited,25306978,5000084524,4600000197,10,14-10-25,101,HRC,COIL,11513:2017,BIS,cr3,72083990,N,7.453,48879118,MATCHED
2000,R_HR_CO,Hot Rolled Black Coil,25J0336R00,27.635,2001,2.2,1235,0011000144,JSW Vijayanagar Metallics Limited,25310901,5000084525,4600000197,170,17-10-25,101,HRC,COIL,11513:2017,BIS,cr3,72083990,N,7.453,50576160,MATCHED
2000,R_HR_CO,Hot Rolled Black Coil,25J0337R00,29.57,2001,2.5,1235,0011000144,JSW Vijayanagar Metallics Limited,25310836,5000084526,4600000197,180,17-10-25,101,HRC,COIL,11513:2017,BIS,cr3,72083990,N,7.453,63790820,MATCHED
2000,R_HR_CO,Hot Rolled Black Coil,25J0338R00,27.61,2001,2.5,1235,0011000144,JSW Vijayanagar Metallics Limited,25310899,5000084527,4600000197,180,17-10-25,101,HRC,COIL,11513:2017,BIS,cr3,72083990,N,7.453,65426434,MATCHED
2000,R_HR_CO,Hot Rolled Black Coil,25J0339R00,27.67,2001,2.5,1235,0011000144,JSW Vijayanagar Metallics Limited,25310900,5000084528,4600000197,180,17-10-25,101,HRC,COIL,11513:2017,BIS,cr3,72083990,N,7.453,31650240,MATCHED
2000,R_HR_CO,Hot Rolled Black Coil,25J0340R00,27.71,2001,2.2,1230,0011000082,TATA STEEL LTD,257474063,5000084531,4600000198,20,14-10-25,101,HRC,COIL,11513:2017,BIS,cr3,72083990,N,7.453,81889306,MATCHED
2000,R_HR_CO,Hot Rolled Black Coil,25J0341R00,27.91,2001,2.2,1230,0011000082,TATA STEEL LTD,257473093,5000084532,4600000198,20,14-10-25,101,HRC,COIL,11513:2017,BIS,cr3,72083990,N,7.453,28348706,MATCHED
2000,R_HR_CO,Hot Rolled Black Coil,25J0342R00,27.56,2001,2.2,1230,0011000082,TATA STEEL LTD,257474061,5000084533,4600000198,20,14-10-25,101,HRC,COIL,11513:2017,BIS,cr3,72083990,N,7.453,90910947,MATCHED
2000,R_HR_CO,Hot Rolled Black Coil,25J0343R00,20.85,2001,2.15,1235,0011000082,TATA STEEL LTD,257489084,5000084534,4600000198,40,29-10-25,101,HRC,COIL,11513:2017,BIS,cr3,72083990,N,7.453,79111308,MATCHED
2000,R_HR_CO,Hot Rolled Black Coil,25J0344R00,20.9,2001,2.15,1235,0011000082,TATA STEEL LTD,257489103,5000084534,4600000198,40,29-10-25,101,HRC,COIL,11513:2017,BIS,cr3,72083990,N,7.453,16953983,MATCHED
2000,R_HR_CO,Hot Rolled Black Coil,25J0345R00,27.69,2001,2.5,1230,0011000082,TATA STEEL LTD,257475062,5000084535,4600000198,30,14-10-25,101,HRC,COIL,11513:2017,BIS,cr3,72083990,N,7.453,32945618,MATCHED
2000,R_HR_CO,Hot Rolled Black Coil,25J0346R00,27.5,2001,2,1230,0011000082,TATA STEEL LTD,257475057,5000084536,4600000198,10,14-10-25,101,HRC,COIL,11513:2017,BIS,cr3,72083990,N,7.453,60886737,MATCHED
2000,R_HR_CO,Hot Rolled Black Coil,25J0347R00,27.43,2001,2,1230,0011000144,JSW Vijayanagar Metallics Limited,25307005,5000084538,4600000197,160,17-10-25,101,HRC,COIL,11513:2017,BIS,cr3,72083990,N,7.453,36915471,MATCHED
2000,R_HR_CO,Hot Rolled Black Coil,25J0348R00,27.875,2001,2.5,1235,0011000144,JSW Vijayanagar Metallics Limited,25307267,5000084551,4600000197,180,17-10-25,101,HRC,COIL,11513:2017,BIS,cr3,72083990,N,7.453,48762276,MATCHED
2000,R_HR_CO,Hot Rolled Black Coil,25J0349R00,29.625,2001,2.2,1235,0011000144,JSW Vijayanagar Metallics Limited,25310844,5000084556,4600000197,170,17-10-25,101,HRC,COIL,11513:2017,BIS,cr3,72083990,N,7.453,28943545,MATCHED
2000,R_HR_CO,Hot Rolled Black Coil,25J0350R00,27.515,2001,2,1230,0011000144,JSW Vijayanagar Metallics Limited,25307004,5000084558,4600000197,160,17-10-25,101,HRC,COIL,11513:2017,BIS,cr3,72083990,N,7.453,70935764,MATCHED
2000,R_HR_CO,Hot Rolled Black Coil,25J0351R00,27.625,2001,2,1230,0011000144,JSW Vijayanagar Metallics Limited,25310814,5000084564,4600000197,160,17-10-25,101,HRC,COIL,11513:2017,BIS,cr3,72083990,N,7.453,17258907,MATCHED
2000,R_HR_CO,Hot Rolled Black Coil,25J0352R00,27.585,2001,2,1230,0011000144,JSW Vijayanagar Metallics Limited,25310798,5000084566,4600000197,160,17-10-25,101,HRC,COIL,11513:2017,BIS,cr3,72083990,N,7.453,13128358,MATCHED
2000,R_HR>3MM_CO,Hot Rolled Black Coil 3mm & Above,25J0353R00,27.86,2001,3.6,1250,0011000144,JSW Vijayanagar Metallics Limited,25308174,5000084592,4600000197,100,10-10-25,101,HRC,COIL,11513:2017,BIS,cr3,72083890,N,7.453,66546318,MATCHED
2000,R_HR_CO,Hot Rolled Black Coil,25J0354R00,29.625,2001,2.2,1235,0011000144,JSW Vijayanagar Metallics Limited,25310807,5000084593,4600000197,170,17-10-25,101,HRC,COIL,11513:2017,BIS,cr3,72083990,N,7.453,72944107,MATCHED
2000,R_HR>3MM_CO,Hot Rolled Black Coil 3mm & Above,25J0355R00,27.505,2001,3.6,1250,0011000144,JSW Vijayanagar Metallics Limited,25306969,5000084594,4600000197,100,10-10-25,101,HRC,COIL,11513:2017,BIS,cr3,72083890,N,7.453,22603081,MATCHED
2000,R_HR_CO,Hot Rolled Black Coil,25J0356R00,20.82,2001,2.15,1235,0011000082,TATA STEEL LTD,257489099,5000084596,4600000198,40,29-10-25,101,HRC,COIL,11513:2017,BIS,cr3,72083990,N,7.453,89450048,MATCHED
2000,R_HR_CO,Hot Rolled Black Coil,25J0357R00,27.855,2001,2.2,1235,0011000144,JSW Vijayanagar Metallics Limited,25306387,5000084595,4600000197,170,17-10-25,101,HRC,COIL,11513:2017,BIS,cr3,72083990,N,7.453,80694573,MATCHED
2000,R_HR_CO,Hot Rolled Black Coil,25J0358R00,20.86,2001,2.15,1235,0011000082,TATA STEEL LTD,257492080,5000084596,4600000198,40,29-10-25,101,HRC,COIL,11513:2017,BIS,cr3,72083990,N,7.453,58380688,MATCHED
2000,R_HR_CO,Hot Rolled Black Coil,25J0359R00,29.57,2001,2.2,1235,0011000144,JSW Vijayanagar Metallics Limited,25310809,5000084597,4600000197,170,17-10-25,101,HRC,COIL,11513:2017,BIS,cr3,72083990,N,7.453,18672884,MATCHED
2000,R_HR>3MM_CO,Hot Rolled Black Coil 3mm & Above,25J0360R00,27.77,2001,3.6,1250,0011000144,JSW Vijayanagar Metallics Limited,72083840,5000084598,4600000197,100,10-10-25,101,HRC,COIL,11513:2017,BIS,cr3,72083890,N,7.453,40696340,MATCHED
2000,R_HR_CO,Hot Rolled Black Coil,25J0361R00,27.64,2001,2.2,1230,0011000082,TATA STEEL LTD,257473100,5000084599,4600000198,20,14-10-25,101,HRC,COIL,11513:2017,BIS,cr3,72083990,N,7.453,59423160,MATCHED
2000,R_HR_CO,Hot Rolled Black Coil,25J0362R00,27.65,2001,2.5,1230,0011000082,TATA STEEL LTD,257474088,5000084600,4600000198,30,14-10-25,101,HRC,COIL,11513:2017,BIS,cr3,72083990,N,7.453,57454641,MATCHED
2000,R_HR_CO,Hot Rolled Black Coil,25J0363R00,27.72,2001,2.5,1230,0011000082,TATA STEEL LTD,257475077,5000084601,4600000198,30,14-10-25,101,HRC,COIL,11513:2017,BIS,cr3,72083990,N,7.453,55046134,MATCHED
2000,R_HR_CO,Hot Rolled Black Coil,25J0364R00,27.45,2001,2.2,1230,0011000082,TATA STEEL LTD,257473097,5000084603,4600000198,20,14-10-25,101,HRC,COIL,11513:2017,BIS,cr3,72083990,N,7.453,77597920,MATCHED
2000,R_HR_CO,Hot Rolled Black Coil,25J0365R00,27.57,2001,2.2,1230,0011000082,TATA STEEL LTD,257473098,5000084610,4600000198,20,14-10-25,101,HRC,COIL,11513:2017,BIS,cr3,72083990,N,7.453,19143484,MATCHED
2000,R_HR_CO,Hot Rolled Black Coil,25J0366R00,27.625,2001,2,1230,0011000144,JSW Vijayanagar Metallics Limited,25310813,5000084612,4600000197,10,14-10-25,101,HRC,COIL,11513:2017,BIS,cr3,72083990,N,7.453,44344629,MATCHED
2000,R_HR_CO,Hot Rolled Black Coil,25J0367R00,29.625,2001,2.2,1235,0011000144,JSW Vijayanagar Metallics Limited,25310840,5000084613,4600000197,170,17-10-25,101,HRC,COIL,11513:2017,BIS,cr3,72083990,N,7.453,15107740,MATCHED
2000,R_HR_CO,Hot Rolled Black Coil,25J0368R00,25.725,2001,2.8,1260,0011000144,JSW Vijayanagar Metallics Limited,25309732,5000084641,4600000197,190,17-10-25,101,HRC,COIL,11513:2017,BIS,cr3,72083990,N,7.453,76131041,MATCHED
2000,R_HR_CO,Hot Rolled Black Coil,25J0369R00,24.27,2001,2.8,1260,0011000144,JSW Vijayanagar Metallics Limited,25308175,5000084643,4600000197,190,17-10-25,101,HRC,COIL,11513:2017,BIS,cr3,72083990,N,7.453,58214328,MATCHED
2000,R_HR_CO,Hot Rolled Black Coil,25J0370R00,27.455,2001,2.2,1235,0011000144,JSW Vijayanagar Metallics Limited,25306997,5000084645,4600000197,170,17-10-25,101,HRC,COIL,11513:2017,BIS,cr3,72083990,N,7.453,33151636,MATCHED
2000,R_HR_CO,Hot Rolled Black Coil,25J0372R00,27.385,2001,2.2,1235,0011000144,JSW Vijayanagar Metallics Limited,25307000,5000084647,4600000197,170,17-10-25,101,HRC,COIL,11513:2017,BIS,cr3,72083990,N,7.453,95002883,MATCHED
2000,R_HR_CO,Hot Rolled Black Coil,25J0373R00,27.79,2001,2.2,1235,0011000144,JSW Vijayanagar Metallics Limited,25306393,5000084648,4600000197,170,17-10-25,101,HRC,COIL,11513:2017,BIS,cr3,72083990,N,7.453,17091368,MATCHED
2000,R_HR_CO,Hot Rolled Black Coil,25J0374R00,27.695,2001,2,1230,0011000144,JSW Vijayanagar Metallics Limited,25310890,5000084649,4600000197,160,17-10-25,101,HRC,COIL,11513:2017,BIS,cr3,72083990,N,7.453,39852789,MATCHED
2000,R_HR_CO,Hot Rolled Black Coil,25J0375R00,27.48,2001,2,1230,0011000144,JSW Vijayanagar Metallics Limited,25307003,5000084650,4600000197,160,17-10-25,101,HRC,COIL,11513:2017,BIS,cr3,72083990,N,7.453,38231514,MATCHED
2000,R_HR_CO,Hot Rolled Black Coil,25J0376R00,27.695,2001,2.2,1235,0011000144,JSW Vijayanagar Metallics Limited,25310886,5000084651,4600000197,170,17-10-25,101,HRC,COIL,11513:2017,BIS,cr3,72083990,N,7.453,93860548,MATCHED
2000,R_HR_CO,Hot Rolled Black Coil,25J0377R00,20.96,2001,2.15,1235,0011000082,TATA STEEL LTD,257486025,5000084653,4600000198,40,29-10-25,101,HRC,COIL,11513:2017,BIS,cr3,72083990,N,7.453,31795511,MATCHED
2000,R_HR_CO,Hot Rolled Black Coil,25J0378R00,20.87,2001,2.15,1235,0011000082,TATA STEEL LTD,257488027,5000084653,4600000198,40,29-10-25,101,HRC,COIL,11513:2017,BIS,cr3,72083990,N,7.453,81826321,MATCHED
2000,R_HR_CO,Hot Rolled Black Coil,25J0379R00,27.7,2001,2.2,1230,0011000082,TATA STEEL LTD,257473099,5000084654,4600000198,20,14-10-25,101,HRC,COIL,11513:2017,BIS,cr3,72083990,N,7.453,46748506,MATCHED
2000,R_HR_CO,Hot Rolled Black Coil,25J0380R00,27.69,2001,2.5,1230,0011000082,TATA STEEL LTD,257474077,5000084655,4600000198,30,14-10-25,101,HRC,COIL,11513:2017,BIS,cr3,72083990,N,7.453,32707124,MATCHED
2000,R_HR_CO,Hot Rolled Black Coil,25J0381R00,27.66,2001,2.2,1230,0011000082,TATA STEEL LTD,257474064,5000084656,4600000198,20,14-10-25,101,HRC,COIL,11513:2017,BIS,cr3,72083990,N,7.453,31227133,MATCHED
2000,R_HR_CO,Hot Rolled Black Coil,25J0382R00,27.87,2001,2,1230,0011000082,TATA STEEL LTD,257474075,5000084657,4600000198,10,14-10-25,101,HRC,COIL,11513:2017,BIS,cr3,72083990,N,7.453,15675748,MATCHED
2000,R_HR_CO,Hot Rolled Black Coil,25J0383R00,27.44,2001,2.5,1230,0011000082,TATA STEEL LTD,257474079,5000084658,4600000198,30,14-10-25,101,HRC,COIL,11513:2017,BIS,cr3,72083990,N,7.453,10103494,MATCHED
2000,R_HR_CO,Hot Rolled Black Coil,25J0384R00,27.79,2001,2,1230,0011000082,TATA STEEL LTD,257473085,5000084659,4600000198,10,14-10-25,101,HRC,COIL,11513:2017,BIS,cr3,72083990,N,7.453,83602967,MATCHED
2000,R_HR_CO,Hot Rolled Black Coil,25J0385R00,27.73,2001,2.2,1230,0011000082,TATA STEEL LTD,257474065,5000084661,4600000198,20,14-10-25,101,HRC,COIL,11513:2017,BIS,cr3,72083990,N,7.453,51113080,MATCHED
2000,R_HR_CO,Hot Rolled Black Coil,25J0386R00,21.71,2001,2.2,1235,0011000144,JSW Vijayanagar Metallics Limited,25307104,5000084662,4600000197,170,17-10-25,101,HRC,COIL,11513:2017,BIS,cr3,72083990,N,7.453,10321713,MATCHED
2000,R_HR_CO,Hot Rolled Black Coil,25J0387R00,28.78,2001,2.2,1230,0011000082,TATA STEEL LTD,257475048,5000084663,4600000198,20,14-10-25,101,HRC,COIL,11513:2017,BIS,cr3,72083990,N,7.453,74645170,MATCHED
2000,R_HR_CO,Hot Rolled Black Coil,25J0389R00,28.98,2001,2.5,1230,0011000082,TATA STEEL LTD,257476074,5000084664,4600000198,30,14-10-25,101,HRC,COIL,11513:2017,BIS,cr3,72083990,N,7.453,85423294,MATCHED
2000,R_HR_CO,Hot Rolled Black Coil,25J0390R00,27.9,2001,2.2,1230,0011000082,TATA STEEL LTD,257473096,5000084665,4600000198,20,14-10-25,101,HRC,COIL,11513:2017,BIS,cr3,72083990,N,7.453,95413713,MATCHED
2000,R_HR_CO,Hot Rolled Black Coil,25K0002R00,20.79,2001,2.15,1235,0011000082,TATA STEEL LTD,257489100,5000084666,4600000198,40,29-10-25,101,HRC,COIL,11513:2017,BIS,cr3,72083990,N,7.453,78416343,MATCHED
2000,R_HR_CO,Hot Rolled Black Coil,25K0003R00,20.9,2001,2.15,1235,0011000082,TATA STEEL LTD,257488033,5000084667,4600000198,40,29-10-25,101,HRC,COIL,11513:2017,BIS,cr3,72083990,N,7.453,60738004,MATCHED
2000,R_HR_CO,Hot Rolled Black Coil,25K0018R00,28.75,2001,2.2,1230,0011000082,TATA STEEL LTD,257475050,5000084670,4600000198,20,14-10-25,101,HRC,COIL,11513:2017,BIS,cr3,72083990,N,7.453,70157586,MATCHED
2000,R_HR_CO,Hot Rolled Black Coil,25K0019R00,28.91,2001,2.5,1230,0011000082,TATA STEEL LTD,257476075,5000084671,4600000198,30,14-10-25,101,HRC,COIL,11513:2017,BIS,cr3,72083990,N,7.453,86545223,MATCHED
2000,R_HR_CO,Hot Rolled Black Coil,25K0020R00,28.76,2001,2,1230,0011000082,TATA STEEL LTD,257476056,5000084672,4600000198,10,14-10-25,101,HRC,COIL,11513:2017,BIS,cr3,72083990,N,7.453,36262508,MATCHED
2000,R_HR_CO,Hot Rolled Black Coil,25K0021R00,27.59,2001,2,1230,0011000082,TATA STEEL LTD,257474070,5000084675,4600000198,10,14-10-25,101,HRC,COIL,11513:2017,BIS,cr3,72083990,N,7.453,21159800,MATCHED
2000,R_HR_CO,Hot Rolled Black Coil,25K0022R00,27.77,2001,2.2,1230,0011000082,TATA STEEL LTD,257474062,5000084677,4600000198,20,14-10-25,101,HRC,COIL,11513:2017,BIS,cr3,72083990,N,7.453,33947482,MATCHED
2000,R_HR_CO,Hot Rolled Black Coil,25K0023R00,20.8,2001,2.15,1235,0011000082,TATA STEEL LTD,257488030,5000084679,4600000198,40,29-10-25,101,HRC,COIL,11513:2017,BIS,cr3,72083990,N,7.453,81300511,MATCHED
2000,R_HR_CO,Hot Rolled Black Coil,25K0024R00,20.87,2001,2.15,1235,0011000082,TATA STEEL LTD,257488026,5000084681,4600000198,40,29-10-25,101,HRC,COIL,11513:2017,BIS,cr3,72083990,N,7.453,49290566,MATCHED
2000,R_HR_CO,Hot Rolled Black Coil,25K0025R00,27.79,2001,2.5,1230,0011000082,TATA STEEL LTD,257474081,5000084688,4600000198,30,14-10-25,101,HRC,COIL,11513:2017,BIS,cr3,72083990,N,7.453,86876469,MATCHED
2000,R_HR_CO,Hot Rolled Black Coil,25K0026R00,29.08,2001,2.2,1230,0011000082,TATA STEEL LTD,257476067,5000084690,4600000198,20,14-10-25,101,HRC,COIL,11513:2017,BIS,cr3,72083990,N,7.453,26437999,MATCHED
2000,R_HR_CO,Hot Rolled Black Coil,25K0027R00,28.95,2001,2.2,1230,0011000082,TATA STEEL LTD,257476066,5000084691,4600000198,20,14-10-25,101,HRC,COIL,11513:2017,BIS,cr3,72083990,N,7.453,31706816,MATCHED
2000,R_HR_CO,Hot Rolled Black Coil,25K0028R00,27.77,2001,2.5,1230,0011000082,TATA STEEL LTD,257475076,5000084692,4600000198,30,14-10-25,101,HRC,COIL,11513:2017,BIS,cr3,72083990,N,7.453,81223747,MATCHED
2000,R_HR_CO,Hot Rolled Black Coil,25K0029R00,28.92,2001,2.2,1230,0011000082,TATA STEEL LTD,257476068,5000084693,4600000198,20,14-10-25,101,HRC,COIL,11513:2017,BIS,cr3,72083990,N,7.453,95933902,MATCHED
2000,R_HR_CO,Hot Rolled Black Coil,25K0030R00,28.81,2001,2,1230,0011000082,TATA STEEL LTD,257475052,5000084697,4600000198,10,14-10-25,101,HRC,COIL,11513:2017,BIS,cr3,72083990,N,7.453,26320362,MATCHED
2000,R_HR_CO,Hot Rolled Black Coil,25K0031R00,28.67,2001,2.2,1230,0011000082,TATA STEEL LTD,257475049,5000084698,4600000198,20,14-10-25,101,HRC,COIL,11513:2017,BIS,cr3,72083990,N,7.453,93819737,MATCHED
2000,R_HR_CO,Hot Rolled Black Coil,25K0032R00,28.87,2001,2.5,1260,0011000082,TATA STEEL LTD,257476060,5000084699,4600000198,50,16-10-25,101,HRC,COIL,11513:2017,BIS,cr3,72083990,N,7.453,62215258,MATCHED
2000,R_HR_CO,Hot Rolled Black Coil,25K0033R00,28.96,2001,2.2,1230,0011000082,TATA STEEL LTD,257476065,5000084701,4600000198,20,14-10-25,101,HRC,COIL,11513:2017,BIS,cr3,72083990,N,7.453,76711049,MATCHED
2000,R_HR_CO,Hot Rolled Black Coil,25K0034R00,27.79,2001,2,1230,0011000082,TATA STEEL LTD,257474069,5000084702,4600000198,10,14-10-25,101,HRC,COIL,11513:2017,BIS,cr3,72083990,N,7.453,29073499,MATCHED
2000,R_HR_CO,Hot Rolled Black Coil,25K0035R00,28.79,2001,2.2,1230,0011000082,TATA STEEL LTD,257476054,5000084704,4600000198,20,14-10-25,101,HRC,COIL,11513:2017,BIS,cr3,72083990,N,7.453,84444453,MATCHED
2000,R_HR_CO,Hot Rolled Black Coil,25K0036R00,16.05,2001,2.15,1235,0011000082,TATA STEEL LTD,257449057A,5000084706,4600000198,40,29-10-25,101,HRC,COIL,11513:2017,BIS,cr3,72083990,N,7.453,32145405,MATCHED
2000,R_HR_CO,Hot Rolled Black Coil,25K0037R00,20.93,2001,2.15,1235,0011000082,TATA STEEL LTD,257486024,5000084707,4600000198,40,29-10-25,101,HRC,COIL,11513:2017,BIS,cr3,72083990,N,7.453,65116513,MATCHED
2000,R_HR_CO,Hot Rolled Black Coil,25K0038R00,27.79,2001,2.5,1230,0011000082,TATA STEEL LTD,257474084,5000084708,4600000198,30,14-10-25,101,HRC,COIL,11513:2017,BIS,cr3,72083990,N,7.453,73548926,MATCHED
2000,R_HR_CO,Hot Rolled Black Coil,25K0039R00,27.81,2001,2,1230,0011000082,TATA STEEL LTD,257473084,5000084709,4600000198,10,14-10-25,101,HRC,COIL,11513:2017,BIS,cr3,72083990,N,7.453,11186838,MATCHED
2000,R_HR_CO,Hot Rolled Black Coil,25K0040R00,28.77,2001,2,1230,0011000082,TATA STEEL LTD,257475051,5000084710,4600000198,10,14-10-25,101,HRC,COIL,11513:2017,BIS,cr3,72083990,N,7.453,60265299,MATCHED
2000,R_HR_CO,Hot Rolled Black Coil,25K0041R00,28.82,2001,2.5,1260,0011000082,TATA STEEL LTD,257476059,5000084711,4600000198,50,16-10-25,101,HRC,COIL,11513:2017,BIS,cr3,72083990,N,7.453,47242854,MATCHED
2000,R_HR_CO,Hot Rolled Black Coil,25K0042R00,27.66,2001,2.5,1230,0011000082,TATA STEEL LTD,257474089,5000084714,4600000198,30,14-10-25,101,HRC,COIL,11513:2017,BIS,cr3,72083990,N,7.453,33877534,MATCHED
2000,R_HR_CO,Hot Rolled Black Coil,25K0043R00,27.7,2001,2,1230,0011000082,TATA STEEL LTD,257473086,5000084715,4600000198,10,14-10-25,101,HRC,COIL,11513:2017,BIS,cr3,72083990,N,7.453,35526161,MATCHED
2000,R_HR_CO,Hot Rolled Black Coil,25K0044R00,27.73,2001,2.5,1230,0011000082,TATA STEEL LTD,257475078,5000084716,4600000198,30,14-10-25,101,HRC,COIL,11513:2017,BIS,cr3,72083990,N,7.453,81456274,MATCHED
2000,R_HR_CO,Hot Rolled Black Coil,25K0045R00,28.81,2001,2.5,1260,0011000082,TATA STEEL LTD,257476044,5000084717,4600000198,50,16-10-25,101,HRC,COIL,11513:2017,BIS,cr3,72083990,N,7.453,61542042,MATCHED
2000,R_HR_CO,Hot Rolled Black Coil,25K0046R00,27.67,2001,2.5,1230,0011000082,TATA STEEL LTD,257474057,5000084718,4600000198,30,14-10-25,101,HRC,COIL,11513:2017,BIS,cr3,72083990,N,7.453,13706828,MATCHED
2000,R_HR_CO,Hot Rolled Black Coil,25K0048R00,28.79,2001,2.5,1260,0011000082,TATA STEEL LTD,257476045,5000084721,4600000198,50,16-10-25,101,HRC,COIL,11513:2017,BIS,cr3,72083990,N,7.453,69598022,MATCHED
2000,R_HR_CO,Hot Rolled Black Coil,25K0049R00,27.615,2001,2.8,1260,0011000144,JSW VIJAYANAGAR METALLICS,25310895,5000084722,4600000197,190,02-11-25,101,HR,COIL,15961_2030,,,,,,87433459,MATCHED
2000,R_HR_CO,Hot Rolled Black Coil,25K0050R00,27.775,2001,2.8,1250,0011000144,JSW Vijayanagar Metallics Limited,25310347,5000084723,4600000197,40,14-10-25,101,HRC,COIL,11513:2017,BIS,cr3,72083990,N,7.453,40975522,MATCHED
2000,R_HR>3MM_CO,Hot Rolled Black Coil 3mm & Above,25K0051R00,27.76,2001,3,1250,0011000144,JSW Vijayanagar Metallics Limited,25306374,5000084724,4600000197,60,14-10-25,101,HRC,COIL,11513:2017,BIS,cr3,72083890,N,7.453,42717181,MATCHED
2000,R_HR>3MM_CO,Hot Rolled Black Coil 3mm & Above,25K0052R00,21.675,2001,3.6,1250,0011000144,JSW Vijayanagar Metallics Limited,25307263,5000084725,4600000197,70,14-10-25,101,HRC,COIL,11513:2017,BIS,cr3,72083890,N,7.453,48196900,MATCHED
2000,R_HR>3MM_CO,Hot Rolled Black Coil 3mm & Above,25K0053R00,28.56,2001,3.6,1250,0011000144,JSW Vijayanagar Metallics Limited,25304076,5000084726,4600000197,70,14-10-25,101,HRC,COIL,11513:2017,BIS,cr3,72083890,N,7.453,54012164,MATCHED
2000,R_HR>3MM_CO,Hot Rolled Black Coil 3mm & Above,25K0054R00,20.4,2001,3.6,1250,0011000144,JSW Vijayanagar Metallics Limited,25306877,5000084727,4600000197,70,14-10-25,101,HRC,COIL,11513:2017,BIS,cr3,72083890,N,7.453,74172178,MATCHED
2000,R_HR>3MM_CO,Hot Rolled Black Coil 3mm & Above,25K0055R00,23.095,2001,3,1250,0011000144,JSW Vijayanagar Metallics Limited,25309731,5000084728,4600000197,60,14-10-25,101,HRC,COIL,11513:2017,BIS,cr3,72083890,N,7.453,39062666,MATCHED
2000,R_HR_CO,Hot Rolled Black Coil,25K0056R00,27.77,2001,2.5,1230,0011000082,TATA STEEL LTD,257474083,5000084729,4600000198,30,14-10-25,101,HRC,COIL,11513:2017,BIS,cr3,72083990,N,7.453,11136650,MATCHED
2000,R_HR_CO,Hot Rolled Black Coil,25K0057R00,27.74,2001,2.5,1230,0011000082,TATA STEEL LTD,257475063,5000084730,4600000198,30,14-10-25,101,HRC,COIL,11513:2017,BIS,cr3,72083990,N,7.453,66304761,MATCHED
2000,R_HR_CO,Hot Rolled Black Coil,25K0058R00,27.59,2001,2.5,1230,0011000082,TATA STEEL LTD,257474055,5000084732,4600000198,30,14-10-25,101,HRC,COIL,11513:2017,BIS,cr3,72083990,N,7.453,19144735,MATCHED
2000,R_HR_CO,Hot Rolled Black Coil,25K0059R00,28.84,2001,2.5,1230,0011000082,TATA STEEL LTD,257476076,5000084733,4600000198,30,14-10-25,101,HRC,COIL,11513:2017,BIS,cr3,72083990,N,7.453,41118464,MATCHED
2000,R_HR_CO,Hot Rolled Black Coil,25K0060R00,28.79,2001,2.2,1230,0011000082,TATA STEEL LTD,257476050,5000084734,4600000198,20,14-10-25,101,HRC,COIL,11513:2017,BIS,cr3,72083990,N,7.453,71610334,MATCHED
2000,R_HR_CO,Hot Rolled Black Coil,25K0061R00,28.79,2001,2.2,1230,0011000082,TATA STEEL LTD,257476053,5000084735,4600000198,20,14-10-25,101,HRC,COIL,11513:2017,BIS,cr3,72083990,N,7.453,46459164,MATCHED
2000,R_HR_CO,Hot Rolled Black Coil,25K0062R00,28.76,2001,2.2,1230,0011000082,TATA STEEL LTD,257476051,5000084736,4600000198,20,14-10-25,101,HRC,COIL,11513:2017,BIS,cr3,72083990,N,7.453,47503645,MATCHED
2000,R_HR_CO,Hot Rolled Black Coil,25K0063R00,28.97,2001,2.2,1230,0011000082,TATA STEEL LTD,257476052,5000084737,4600000198,20,14-10-25,101,HRC,COIL,11513:2017,BIS,cr3,72083990,N,7.453,42947988,MATCHED
2000,R_HR_CO,Hot Rolled Black Coil,25K0064R00,27.4,2001,2.2,1235,0011000144,JSW Vijayanagar Metallics Limited,25311374,5000084738,4600000197,170,17-10-25,101,HRC,COIL,11513:2017,BIS,cr3,72083990,N,7.453,89619529,MATCHED
2000,R_HR_CO,Hot Rolled Black Coil,25K0065R00,29.685,2001,2.2,1235,0011000144,JSW Vijayanagar Metallics Limited,25310903,5000084739,4600000197,170,17-10-25,101,HRC,COIL,11513:2017,BIS,cr3,72083990,N,7.453,68034484,MATCHED
2000,R_HR_CO,Hot Rolled Black Coil,25K0066R00,27.425,2001,2,1230,0011000144,JSW Vijayanagar Metallics Limited,25310848,5000084740,4600000197,160,17-10-25,101,HRC,COIL,11513:2017,BIS,cr3,72083990,N,7.453,76397490,MATCHED
2000,R_HR_CO,Hot Rolled Black Coil,25K0067R00,29.65,2001,2.5,1235,0011000144,JSW Vijayanagar Metallics Limited,25310835,5000084741,4600000197,180,17-10-25,101,HRC,COIL,11513:2017,BIS,cr3,72083990,N,7.453,79887648,MATCHED
2000,R_HR_CO,Hot Rolled Black Coil,25K0068R00,27.63,2001,2.2,1230,0011000082,TATA STEEL LTD,257474059,5000084742,4600000198,20,14-10-25,101,HRC,COIL,11513:2017,BIS,cr3,72083990,N,7.453,43569476,MATCHED
2000,R_HR_CO,Hot Rolled Black Coil,25K0069R00,28.79,2001,2.5,1230,0011000082,TATA STEEL LTD,257475047,5000084744,4600000198,30,14-10-25,101,HRC,COIL,11513:2017,BIS,cr3,72083990,N,7.453,56009000,MATCHED
2000,R_HR_CO,Hot Rolled Black Coil,25K0070R00,27.96,2001,2.2,1230,0011000082,TATA STEEL LTD,257473094,5000084743,4600000198,20,14-10-25,101,HRC,COIL,11513:2017,BIS,cr3,72083990,N,7.453,58941387,MATCHED
2000,R_HR_CO,Hot Rolled Black Coil,25K0071R00,28.8,2001,2.2,1230,0011000082,TATA STEEL LTD,257476048,5000084745,4600000198,20,14-10-25,101,HRC,COIL,11513:2017,BIS,cr3,72083990,N,7.453,87300280,MATCHED
2000,R_HR_CO,Hot Rolled Black Coil,25K0072R00,28.55,2001,2.5,1230,0011000082,TATA STEEL LTD,257485057,5000084746,4600000198,30,14-10-25,101,HRC,COIL,11513:2017,BIS,cr3,72083990,N,7.453,69429086,MATCHED
2000,R_HR_CO,Hot Rolled Black Coil,25K0073R00,27.76,2001,2.5,1230,0011000082,TATA STEEL LTD,257475061,5000084747,4600000198,30,14-10-25,101,HRC,COIL,11513:2017,BIS,cr3,72083990,N,7.453,86235309,MATCHED
2000,R_HR_CO,Hot Rolled Black Coil,25K0074R00,28.8,2001,2.5,1230,0011000082,TATA STEEL LTD,257478083,5000084748,4600000198,30,14-10-25,101,HRC,COIL,11513:2017,BIS,cr3,72083990,N,7.453,41215761,MATCHED
2000,R_HR_CO,Hot Rolled Black Coil,25K0075R00,27.68,2001,2,1230,0011000082,TATA STEEL LTD,257474068,5000084749,4600000198,10,14-10-25,101,HRC,COIL,11513:2017,BIS,cr3,72083990,N,7.453,86631222,MATCHED
2000,R_HR_CO,Hot Rolled Black Coil,25K0076R00,27.68,2001,2,1230,0011000082,TATA STEEL LTD,257474072,5000084750,4600000198,10,14-10-25,101,HRC,COIL,11513:2017,BIS,cr3,72083990,N,7.453,40936111,MATCHED
2000,R_HR_CO,Hot Rolled Black Coil,25K0077R00,27.76,2001,2,1230,0011000082,TATA STEEL LTD,257475056,5000084751,4600000198,10,14-10-25,101,HRC,COIL,11513:2017,BIS,cr3,72083990,N,7.453,80127847,MATCHED
2000,R_HR_CO,Hot Rolled Black Coil,25K0078R00,28.76,2001,2.5,1230,0011000082,TATA STEEL LTD,257475046,5000084752,4600000198,30,14-10-25,101,HRC,COIL,11513:2017,BIS,cr3,72083990,N,7.453,69738548,MATCHED
2000,R_HR_CO,Hot Rolled Black Coil,25K0079R00,27.58,2001,2.5,1230,0011000082,TATA STEEL LTD,257474080,5000084753,4600000198,30,14-10-25,101,HRC,COIL,11513:2017,BIS,cr3,72083990,N,7.453,60742180,MATCHED
2000,R_HR_CO,Hot Rolled Black Coil,25K0080R00,27.76,2001,2,1230,0011000082,TATA STEEL LTD,257475060,5000084754,4600000198,10,14-10-25,101,HRC,COIL,11513:2017,BIS,cr3,72083990,N,7.453,58247412,MATCHED
2000,R_HR_CO,Hot Rolled Black Coil,25K0081R00,27.64,2001,2.2,1230,0011000082,TATA STEEL LTD,257474060,5000084755,4600000198,20,14-10-25,101,HRC,COIL,11513:2017,BIS,cr3,72083990,N,7.453,96127388,MATCHED
2000,R_HR_CO,Hot Rolled Black Coil,25K0082R00,28.8,2001,2,1230,0011000082,TATA STEEL LTD,257475059,5000084758,4600000198,10,14-10-25,101,HRC,COIL,11513:2017,BIS,cr3,72083990,N,7.453,26513161,MATCHED
2000,R_HR_CO,Hot Rolled Black Coil,25K0083R00,27.63,2001,2.5,1230,0011000082,TATA STEEL LTD,257474087,5000084759,4600000198,30,14-10-25,101,HRC,COIL,11513:2017,BIS,cr3,72083990,N,7.453,45628916,MATCHED
2000,R_HR_CO,Hot Rolled Black Coil,25K0084R00,29.05,2001,2.5,1260,0011000082,TATA STEEL LTD,257476058,5000084760,4600000198,50,16-10-25,101,HRC,COIL,11513:2017,BIS,cr3,72083990,N,7.453,11351493,MATCHED
2000,R_HR_CO,Hot Rolled Black Coil,25K0085R00,27.78,2001,2.5,1230,0011000082,TATA STEEL LTD,257474076,5000084761,4600000198,30,14-10-25,101,HRC,COIL,11513:2017,BIS,cr3,72083990,N,7.453,72181715,MATCHED
2000,R_HR_CO,Hot Rolled Black Coil,25K0086R00,28.85,2001,2.2,1230,0011000082,TATA STEEL LTD,257476047,5000084770,4600000198,20,14-10-25,101,HRC,COIL,11513:2017,BIS,cr3,72083990,N,7.453,57201196,MATCHED
2000,R_HR_CO,Hot Rolled Black Coil,25K0087R00,21.65,2001,2,1230,0011000144,JSW Vijayanagar Metallics Limited,25312654,5000084793,4600000197,160,17-10-25,101,HRC,COIL,11513:2017,BIS,cr3,72083990,N,7.453,62760387,MATCHED
2000,R_HR_CO,Hot Rolled Black Coil,25K0088R00,25.615,2001,2.2,1235,0011000144,JSW Vijayanagar Metallics Limited,25312652,5000084794,4600000197,170,17-10-25,101,HRC,COIL,11513:2017,BIS,cr3,72083990,N,7.453,54943923,MATCHED
2000,R_HR_CO,Hot Rolled Black Coil,25K0089R00,25.01,2001,2.5,1235,0011000144,JSW Vijayanagar Metallics Limited,25311372,5000084795,4600000197,180,17-10-25,101,HRC,COIL,11513:2017,BIS,cr3,72083990,N,7.453,23037937,MATCHED
2000,R_HR_CO,Hot Rolled Black Coil,25K0091R00,22.6,2001,2.15,1235,0011000082,TATA STEEL MERAMANDLI,257485035A,5000084805,4600000198,40,04-11-25,101,HR,COIL,15961_2012,,,,,,67425855,MATCHED
2000,R_HR_CO,Hot Rolled Black Coil,25K0092R00,20.86,2001,2.15,1235,0011000082,TATA STEEL MERAMANDLI,257492082,5000084805,4600000198,40,04-11-25,101,HR,COIL,15961_2012,,,,,,81195624,MATCHED
2000,R_HR_CO,Hot Rolled Black Coil,25K0093R00,28.82,2001,2.5,1260,0011000082,TATA STEEL MERAMANDLI,257476046,5000084806,4600000198,50,04-11-25,101,HR,COIL,15961_2012,,,,,,57096011,MATCHED
2000,R_HR_CO,Hot Rolled Black Coil,25K0094R00,27.73,2001,2,1230,0011000082,TATA STEEL MERAMANDLI,257473087,5000084807,4600000198,10,04-11-25,101,HR,COIL,15961_2012,,,,,,13993197,MATCHED
2000,R_HR_CO,Hot Rolled Black Coil,25K0095R00,27.68,2001,2,1230,0011000082,TATA STEEL MERAMANDLI,257474066,5000084808,4600000198,10,04-11-25,101,HR,COIL,15961_2013,,,,,,31675291,MATCHED
2000,R_HR_CO,Hot Rolled Black Coil,25K0096R00,27.64,2001,2,1230,0011000082,TATA STEEL MERAMANDLI,257474067,5000084809,4600000198,10,04-11-25,101,HR,COIL,15961_2014,,,,,,47781455,MATCHED
2000,R_HR_CO,Hot Rolled Black Coil,25K0097R00,27.61,2001,2,1230,0011000082,TATA STEEL MERAMANDLI,257474071,5000084810,4600000198,10,04-11-25,101,HR,COIL,15961_2015,,,,,,68518540,MATCHED
2000,R_HR_CO,Hot Rolled Black Coil,25K0098R00,27.73,2001,2,1230,0011000082,TATA STEEL MERAMANDLI,257475055,5000084811,4600000198,10,04-11-25,101,HR,COIL,15961_2016,,,,,,24453794,MATCHED
2000,R_HR_CO,Hot Rolled Black Coil,25K0099R00,29.08,2001,2,1230,0011000082,TATA STEEL MERAMANDLI,257476057,5000084812,4600000198,10,04-11-25,101,HR,COIL,15961_2017,,,,,,10425771,MATCHED
2000,R_HR_CO,Hot Rolled Black Coil,25K0100R00,28.97,2001,2,1230,0011000082,TATA STEEL MERAMANDLI,257475058,5000084813,4600000198,10,04-11-25,101,HR,COIL,15961_2018,,,,,,26043118,MATCHED
2000,R_HR_CO,Hot Rolled Black Coil,25K0101R00,27.67,2001,2,1230,0011000082,TATA STEEL MERAMANDLI,257475054,5000084814,4600000198,10,04-11-25,101,HR,COIL,15961_2019,,,,,,12627652,MATCHED
2000,R_HR_CO,Hot Rolled Black Coil,25K0102R00,28.93,2001,2.2,1230,0011000082,TATA STEEL MERAMANDLI,257476069,5000084815,4600000198,20,04-11-25,101,HR,COIL,15961_2020,,,,,,99021395,MATCHED
2000,R_HR_CO,Hot Rolled Black Coil,25K0103R00,19.72,2001,2,1020,0011000144,JSW VIJAYANAGAR METALLICS,25313225,5000084816,4600000202,10,04-11-25,101,HR,COIL,15961_2021,,,,,,90599333,MATCHED
2000,R_HR_CO,Hot Rolled Black Coil,25K0104R00,29.21,2001,2.2,1230,0011000082,TATA STEEL MERAMANDLI,257476064,5000084818,4600000198,20,04-11-25,101,HR,COIL,15961_2023,,,,,,50784632,MATCHED
2000,R_HR_CO,Hot Rolled Black Coil,25K0105R00,19.525,2001,2,1020,0011000144,JSW VIJAYANAGAR METALLICS,25313242,5000084817,4600000202,10,04-11-25,101,HR,COIL,15961_2022,,,,,,98525090,MATCHED
2000,R_HR_CO,Hot Rolled Black Coil,25K0106R00,19.665,2001,2,1080,0011000144,JSW VIJAYANAGAR METALLICS,25313445,5000084819,4600000202,20,04-11-25,101,HR,COIL,15961_2024,,,,,,19504164,MATCHED
2000,R_HR_CO,Hot Rolled Black Coil,25K0107R00,19.515,2001,2,1020,0011000144,JSW VIJAYANAGAR METALLICS,25313618,5000084820,4600000202,10,04-11-25,101,HR,COIL,15961_2025,,,,,,42138361,MATCHED
2000,R_HR_CO,Hot Rolled Black Coil,25K0108R00,28.8,2001,2.2,1230,0011000082,TATA STEEL MERAMANDLI,257476049,5000084822,4600000198,20,04-11-25,101,HR,COIL,15961_2027,,,,,,57994531,MATCHED
2000,R_HR_CO,Hot Rolled Black Coil,25K0109R00,19.68,2001,2,1020,0011000144,JSW VIJAYANAGAR METALLICS,25313228,5000084821,4600000202,10,04-11-25,101,HR,COIL,15961_2026,,,,,,32498479,MATCHED
2000,R_HR_CO,Hot Rolled Black Coil,25K0110R00,19.54,2001,2,1020,0011000144,JSW VIJAYANAGAR METALLICS,25313223,5000084823,4600000202,10,04-11-25,101,HR,COIL,15961_2028,,,,,,25923976,MATCHED
2000,R_HR_CO,Hot Rolled Black Coil,25K0111R00,28.91,2001,2.2,1230,0011000082,TATA STEEL MERAMANDLI,257476071,5000084824,4600000198,20,04-11-25,101,HR,COIL,15961_2029,,,,,,33329599,MATCHED
2000,R_HR_CO,Hot Rolled Black Coil,25K0112R00,19.445,2001,2,1020,0011000144,JSW VIJAYANAGAR METALLICS,25313616,5000084825,4600000202,10,04-11-25,101,HR,COIL,15961_2012,,,,,,33173519,MATCHED
2000,R_HR_CO,Hot Rolled Black Coil,25K0113R00,28.8,2001,2.5,1230,0011000082,TATA STEEL MERAMANDLI,257478084,5000084826,4600000198,30,04-11-25,101,HR,COIL,15961_2046,,,,,,51837575,MATCHED
2000,R_HR_CO,Hot Rolled Black Coil,25K0114R00,28.78,2001,2.5,1230,0011000082,TATA STEEL MERAMANDLI,257475045,5000084827,4600000198,30,04-11-25,101,HR,COIL,15961_2045,,,,,,48291416,MATCHED
2000,R_HR_CO,Hot Rolled Black Coil,25K0115R00,19.56,2001,2,1020,0011000144,JSW VIJAYANAGAR METALLICS,25313239,5000084828,4600000202,10,04-11-25,101,HR,COIL,15961_2044,,,,,,49649648,MATCHED
2000,R_HR_CO,Hot Rolled Black Coil,25K0116R00,19.57,2001,2,1080,0011000144,JSW VIJAYANAGAR METALLICS,25313442,5000084829,4600000202,20,04-11-25,101,HR,COIL,15961_2043,,,,,,87724443,MATCHED
2000,R_HR_CO,Hot Rolled Black Coil,25K0117R00,28.71,2001,2.5,1230,0011000082,TATA STEEL MERAMANDLI,257478085,5000084830,4600000198,30,04-11-25,101,HR,COIL,15961_2042,,,,,,60532396,MATCHED
2000,R_HR_CO,Hot Rolled Black Coil,25K0118R00,28.82,2001,2.5,1230,0011000082,TATA STEEL MERAMANDLI,257477083,5000084831,4600000198,30,04-11-25,101,HR,COIL,15961_2041,,,,,,78292587,MATCHED
2000,R_HR_CO,Hot Rolled Black Coil,25K0119R00,19.69,2001,2,1020,0011000144,JSW VIJAYANAGAR METALLICS,25313227,5000084833,4600000202,10,04-11-25,101,HR,COIL,15961_2039,,,,,,33625611,MATCHED
2000,R_HR_CO,Hot Rolled Black Coil,25K0120R00,27.71,2001,2.5,1230,0011000082,TATA STEEL MERAMANDLI,257474090,5000084832,4600000198,30,04-11-25,101,HR,COIL,15961_2040,,,,,,10775613,MATCHED
2000,R_HR_CO,Hot Rolled Black Coil,25K0121R00,27.9,2001,2.5,1230,0011000082,TATA STEEL MERAMANDLI,257473109,5000084834,4600000198,30,04-11-25,101,HR,COIL,15961_2038,,,,,,13887811,MATCHED
2000,R_HR_CO,Hot Rolled Black Coil,25K0122R00,19.73,2001,2,1020,0011000144,JSW VIJAYANAGAR METALLICS,25313236,5000084835,4600000202,10,04-11-25,101,HR,COIL,15961_2037,,,,,,74615217,MATCHED
2000,R_HR_CO,Hot Rolled Black Coil,25K0123R00,19.67,2001,2,1020,0011000144,JSW VIJAYANAGAR METALLICS,25313222,5000084836,4600000202,10,04-11-25,101,HR,COIL,15961_2036,,,,,,43448952,MATCHED
2000,R_HR_CO,Hot Rolled Black Coil,25K0124R00,28.97,2001,2.5,1230,0011000082,TATA STEEL MERAMANDLI,257476077,5000084837,4600000198,30,04-11-25,101,HR,COIL,15961_2035,,,,,,61756659,MATCHED
2000,R_HR_CO,Hot Rolled Black Coil,25K0125R00,19.6,2001,2,1020,0011000144,JSW VIJAYANAGAR METALLICS,25313224,5000084838,4600000202,10,04-11-25,101,HR,COIL,15961_2034,,,,,,85658899,MATCHED
2000,R_HR_CO,Hot Rolled Black Coil,25K0126R00,28.88,2001,2.5,1230,0011000082,TATA STEEL MERAMANDLI,257486017,5000084839,4600000198,30,04-11-25,101,HR,COIL,15961_2033,,,,,,97661596,MATCHED
2000,R_HR_CO,Hot Rolled Black Coil,25K0127R00,25.625,2001,2.2,1235,0011000144,JSW VIJAYANAGAR METALLICS,25312653,5000084840,4600000197,170,04-11-25,101,HR,COIL,15961_2032,,,,,,21505545,MATCHED
2000,R_HR_CO,Hot Rolled Black Coil,25K0128R00,24.315,2001,2.2,1235,0011000144,JSW VIJAYANAGAR METALLICS,25310820,5000084841,4600000197,170,04-11-25,101,HR,COIL,15961_2031,,,,,,92997175,MATCHED
2000,R_HR_CO,Hot Rolled Black Coil,25K0129R00,24.43,2001,2,1230,0011000144,JSW VIJAYANAGAR METALLICS,25310905,5000084842,4600000197,160,04-11-25,101,HR,COIL,15961_2053,,,,,,54273801,MATCHED
2000,R_HR_CO,Hot Rolled Black Coil,25K0130R00,25.73,2001,2.2,1235,0011000144,JSW VIJAYANAGAR METALLICS,25312987,5000084843,4600000197,170,04-11-25,101,HR,COIL,15961_2054,,,,,,79453933,MATCHED
2000,R_HR_CO,Hot Rolled Black Coil,25K0131R00,25.625,2001,2,1230,0011000144,JSW VIJAYANAGAR METALLICS,25312655,5000084844,4600000197,160,04-11-25,101,HR,COIL,15961_2052,,,,,,63050585,MATCHED
2000,R_HR_CO,Hot Rolled Black Coil,25K0132R00,29.5,2001,2.2,1235,0011000144,JSW VIJAYANAGAR METALLICS,25312446,5000084845,4600000197,170,04-11-25,101,HR,COIL,15961_2051,,,,,,90516225,MATCHED
2000,R_HR_CO,Hot Rolled Black Coil,25K0133R00,27.325,2001,2,1230,0011000144,JSW VIJAYANAGAR METALLICS,25306980,5000084846,4600000197,160,04-11-25,101,HR,COIL,15961_2050,,,,,,91671615,MATCHED
2000,R_HR_CO,Hot Rolled Black Coil,25K0134R00,29.605,2001,2.2,1235,0011000144,JSW VIJAYANAGAR METALLICS,25311373,5000084847,4600000197,170,04-11-25,101,HR,COIL,15961_2049,,,,,,46830743,MATCHED
2000,R_HR_CO,Hot Rolled Black Coil,25K0135R00,29.745,2001,2.5,1235,0011000144,JSW VIJAYANAGAR METALLICS,25311371,5000084848,4600000197,180,04-11-25,101,HR,COIL,15961_2048,,,,,,53945159,MATCHED
2000,R_HR>3MM_CO,Hot Rolled Black Coil 3mm & Above,25K0136R00,21.73,2001,3.6,1250,0011000144,JSW VIJAYANAGAR METALLICS,25306589,5000084849,4600000197,70,04-11-25,101,HR,COIL,15961_2047,,,,,,31330719,MATCHED
2000,R_HR_CO,Hot Rolled Black Coil,25K0137R00,25.735,2001,2.5,1235,0011000144,JSW Vijayanagar Metallics Limited,25310897,5000084853,4600000197,180,17-10-25,101,HRC,COIL,11513:2017,BIS,cr3,72083990,N,7.453,11217118,MATCHED
2000,R_HR_CO,Hot Rolled Black Coil,25K0138R00,27.505,2001,2.2,1235,0011000144,JSW Vijayanagar Metallics Limited,25310887,5000084855,4600000197,170,17-10-25,101,HRC,COIL,11513:2017,BIS,cr3,72083990,N,7.453,69718337,MATCHED
2000,R_HR_CO,Hot Rolled Black Coil,25K0139R00,21.505,2001,2,1230,0011000144,JSW Vijayanagar Metallics Limited,25310910,5000084859,4600000197,160,17-10-25,101,HRC,COIL,11513:2017,BIS,cr3,72083990,N,7.453,92577603,MATCHED
2000,R_HR_CO,Hot Rolled Black Coil,25K0140R00,24.25,2001,2.2,1235,0011000144,JSW Vijayanagar Metallics Limited,25310819,5000084860,4600000197,170,17-10-25,101,HRC,COIL,11513:2017,BIS,cr3,72083990,N,7.453,35084821,MATCHED
2000,R_HR_CO,Hot Rolled Black Coil,25K0141R00,25.64,2001,2.5,1235,0011000144,JSW Vijayanagar Metallics Limited,25310803,5000084861,4600000197,180,17-10-25,101,HRC,COIL,11513:2017,BIS,cr3,72083990,N,7.453,16142168,MATCHED
2000,R_HR_CO,Hot Rolled Black Coil,25K0142R00,25.665,2001,2.2,1235,0011000144,JSW Vijayanagar Metallics Limited,25312986,5000084862,4600000197,170,17-10-25,101,HRC,COIL,11513:2017,BIS,cr3,72083990,N,7.453,35518383,MATCHED
2000,R_HR_CO,Hot Rolled Black Coil,25K0143R00,27.625,2001,2.2,1235,0011000144,JSW Vijayanagar Metallics Limited,25310902,5000084863,4600000197,170,17-10-25,101,HRC,COIL,11513:2017,BIS,cr3,72083990,N,7.453,46114297,MATCHED
2000,R_HR_CO,Hot Rolled Black Coil,25K0144R00,27.38,2001,2.5,1235,0011000144,JSW Vijayanagar Metallics Limited,25306970,5000084864,4600000197,180,17-10-25,101,HRC,COIL,11513:2017,BIS,cr3,72083990,N,7.453,44273137,MATCHED
2000,R_HR_CO,Hot Rolled Black Coil,25K0145R00,19.53,2001,2,1020,0011000144,JSW Vijayanagar Metallics Limited,25313241,5000084866,4600000202,10,10-11-25,101,HRC,COIL,11513:2017,BIS,cr3,72083990,N,7.453,86404897,MATCHED
2000,R_HR_CO,Hot Rolled Black Coil,25K0146R00,19.54,2001,2,1020,0011000144,JSW Vijayanagar Metallics Limited,25313244,5000084867,4600000202,10,10-11-25,101,HRC,COIL,11513:2017,BIS,cr3,72083990,N,7.453,72971230,MATCHED
2000,R_HR_CO,Hot Rolled Black Coil,25K0147R00,19.595,2001,2,1080,0011000144,JSW Vijayanagar Metallics Limited,25313443,5000084869,4600000202,20,10-11-25,101,HRC,COIL,11513:2017,BIS,cr3,72083990,N,7.453,90925897,MATCHED
2000,R_HR_CO,Hot Rolled Black Coil,25K0149R00,19.74,2001,2,1020,0011000144,JSW Vijayanagar Metallics Limited,25313143,5000084872,4600000202,10,10-11-25,101,HRC,COIL,11513:2017,BIS,cr3,72083990,N,7.453,86270186,MATCHED
2000,R_HR_CO,Hot Rolled Black Coil,25K0150R00,19.715,2001,2,1020,0011000144,JSW Vijayanagar Metallics Limited,25313144,5000084878,4600000202,10,10-11-25,101,HRC,COIL,11513:2017,BIS,cr3,72083990,N,7.453,79915613,MATCHED
2000,R_HR_CO,Hot Rolled Black Coil,25K0151R00,19.67,2001,2,1020,0011000144,JSW Vijayanagar Metallics Limited,25313238,5000084880,4600000202,10,10-11-25,101,HRC,COIL,11513:2017,BIS,cr3,72083990,N,7.453,76658315,MATCHED
2000,R_HR_CO,Hot Rolled Black Coil,25K0152R00,19.62,2001,2,1080,0011000144,JSW Vijayanagar Metallics Limited,25313444,5000084882,4600000202,20,10-11-25,101,HRC,COIL,11513:2017,BIS,cr3,72083990,N,7.453,97145517,MATCHED
2000,R_HR_CO,Hot Rolled Black Coil,25K0153R00,19.835,2001,2,1230,0011000144,JSW Vijayanagar Metallics Limited,25310909,5000084883,4600000197,160,17-10-25,101,HRC,COIL,11513:2017,BIS,cr3,72083990,N,7.453,76682632,MATCHED
2000,R_HR_CO,Hot Rolled Black Coil,25K0154R00,27.16,2001,2.2,1235,0011000144,JSW Vijayanagar Metallics Limited,25312650,5000084884,4600000197,170,17-10-25,101,HRC,COIL,11513:2017,BIS,cr3,72083990,N,7.453,46717532,MATCHED
2000,R_HR_CO,Hot Rolled Black Coil,25K0155R00,27.59,2001,2.2,1235,0011000144,JSW Vijayanagar Metallics Limited,25312447,5000084885,4600000197,170,17-10-25,101,HRC,COIL,11513:2017,BIS,cr3,72083990,N,7.453,56732879,MATCHED
2000,R_HR_CO,Hot Rolled Black Coil,25K0156R00,28.175,2001,2,1230,0011000144,JSW Vijayanagar Metallics Limited,25312656,5000084898,4600000197,160,17-10-25,101,HRC,COIL,11513:2017,BIS,cr3,72083990,N,7.453,13619563,MATCHED
2000,R_HR_CO,Hot Rolled Black Coil,25K0157R00,26.04,2001,2.2,1235,0011000144,JSW Vijayanagar Metallics Limited,25312449,5000084899,4600000197,170,17-10-25,101,HRC,COIL,11513:2017,BIS,cr3,72083990,N,7.453,13935996,MATCHED
2000,R_HR_CO,Hot Rolled Black Coil,25K0158R00,25.69,2001,2,1230,0011000144,JSW Vijayanagar Metallics Limited,25312657,5000084900,4600000197,160,17-10-25,101,HRC,COIL,11513:2017,BIS,cr3,72083990,N,7.453,64971176,MATCHED
2000,R_HR_CO,Hot Rolled Black Coil,25K0159R00,29.505,2001,2.2,1235,0011000144,JSW Vijayanagar Metallics Limited,25310904,5000084902,4600000197,170,17-10-25,101,HRC,COIL,11513:2017,BIS,cr3,72083990,N,7.453,42878164,MATCHED
2000,R_HR_CO,Hot Rolled Black Coil,25K0160R00,25.86,2001,2.2,1235,0011000144,JSW Vijayanagar Metallics Limited,25313838,5000084910,4600000197,170,17-10-25,101,HRC,COIL,11513:2017,BIS,cr3,72083990,N,7.453,60017380,MATCHED
2000,R_HR_CO,Hot Rolled Black Coil,25K0161R00,27.665,2001,2.5,1235,0011000144,JSW Vijayanagar Metallics Limited,25310898,5000084911,4600000197,180,17-10-25,101,HRC,COIL,11513:2017,BIS,cr3,72083990,N,7.453,86889718,MATCHED
2000,R_HR_CO,Hot Rolled Black Coil,25K0162R00,19.64,2001,2,1020,0011000144,JSW Vijayanagar Metallics Limited,25313226,5000084917,4600000202,10,10-11-25,101,HRC,COIL,11513:2017,BIS,cr3,72083990,N,7.453,59647892,MATCHED
2000,R_HR_CO,Hot Rolled Black Coil,25K0163R00,19.74,2001,2,1020,0011000144,JSW Vijayanagar Metallics Limited,25313237,5000084918,4600000202,10,10-11-25,101,HRC,COIL,11513:2017,BIS,cr3,72083990,N,7.453,33618950,MATCHED
2000,R_HR_CO,Hot Rolled Black Coil,25K0164R00,21.575,2001,2,1230,0011000144,JSW Vijayanagar Metallics Limited,25310907,5000084919,4600000197,160,17-10-25,101,HRC,COIL,11513:2017,BIS,cr3,72083990,N,7.453,22971312,MATCHED
2000,R_HR_CO,Hot Rolled Black Coil,25K0165R00,23.765,2001,2.2,1235,0011000144,JSW Vijayanagar Metallics Limited,25312651,5000084920,4600000197,170,17-10-25,101,HRC,COIL,11513:2017,BIS,cr3,72083990,N,7.453,21020036,MATCHED
2000,R_HR_CO,Hot Rolled Black Coil,25K0166R00,29.685,2001,2.2,1235,0011000144,JSW Vijayanagar Metallics Limited,25310843,5000084921,4600000197,170,17-10-25,101,HRC,COIL,11513:2017,BIS,cr3,72083990,N,7.453,13922011,MATCHED
2000,R_HR_CO,Hot Rolled Black Coil,25K0167R00,29.68,2001,2.2,1235,0011000144,JSW Vijayanagar Metallics Limited,25310808,5000084922,4600000197,170,17-10-25,101,HRC,COIL,11513:2017,BIS,cr3,72083990,N,7.453,23182463,MATCHED
2000,R_HR_CO,Hot Rolled Black Coil,25K0168R00,19.625,2001,2.8,1260,0011000144,JSW Vijayanagar Metallics Limited,25298098,5000084923,4600000197,190,17-10-25,101,HRC,COIL,11513:2017,BIS,cr3,72083990,N,7.453,57786063,MATCHED
2000,R_HR_CO,Hot Rolled Black Coil,25K0169R00,21.595,2001,2,1230,0011000144,JSW Vijayanagar Metallics Limited,25310908,5000084924,4600000197,160,17-10-25,101,HRC,COIL,11513:2017,BIS,cr3,72083990,N,7.453,54136627,MATCHED
2000,R_HR_CO,Hot Rolled Black Coil,25K0170R00,19.695,2001,2,1020,0011000144,JSW Vijayanagar Metallics Limited,25313617,5000084925,4600000202,10,10-11-25,101,HRC,COIL,11513:2017,BIS,cr3,72083990,N,7.453,83851060,MATCHED
2000,R_HR_CO,Hot Rolled Black Coil,25K0171R00,27.39,2001,2,1230,0011000082,TATA STEEL LTD,257538054,5000084927,4600000198,10,14-10-25,101,HRC,COIL,11513:2017,BIS,cr3,72083990,N,7.453,33434435,MATCHED
2000,R_HR_CO,Hot Rolled Black Coil,25K0172R00,27.41,2001,2.5,1230,0011000082,TATA STEEL LTD,257538046,5000084935,4600000198,30,14-10-25,101,HRC,COIL,11513:2017,BIS,cr3,72083990,N,7.453,25142708,MATCHED
2000,R_HR_CO,Hot Rolled Black Coil,25K0173R00,22.03,2001,2,1230,0011000144,JSW Vijayanagar Metallics Limited,25310906,5000084946,4600000197,160,17-10-25,101,HRC,COIL,11513:2017,BIS,cr3,72083990,N,7.453,68436784,MATCHED
2000,R_HR_CO,Hot Rolled Black Coil,25K0174R00,19.545,2001,2,1020,0011000144,JSW Vijayanagar Metallics Limited,25313240,5000084947,4600000202,10,10-11-25,101,HRC,COIL,11513:2017,BIS,cr3,72083990,N,7.453,78484356,MATCHED
2000,R_HR_CO,Hot Rolled Black Coil,25K0175R00,19.66,2001,2,1080,0011000144,JSW Vijayanagar Metallics Limited,25313446,5000084948,4600000202,20,10-11-25,101,HRC,COIL,11513:2017,BIS,cr3,72083990,N,7.453,26733562,MATCHED
2000,R_HR_CO,Hot Rolled Black Coil,25K0176R00,20.235,2001,2.2,1235,0011000123,JINDAL STEEL ODISHA LIMITED,2511030018,5000084949,4600000196,20,14-10-25,101,HRC,COIL,11513:2017,BIS,SAE1006,72083990,N,7.453,48874047,MATCHED
2000,R_HR_CO,Hot Rolled Black Coil,25K0177R00,20.285,2001,2.2,1235,0011000123,JINDAL STEEL ODISHA LIMITED,2511030021,5000084949,4600000196,20,14-10-25,101,HRC,COIL,11513:2017,BIS,SAE1006,72083990,N,7.453,49261794,MATCHED
2000,R_HR_CO,Hot Rolled Black Coil,25K0178R00,21.575,2001,2.2,1235,0011000144,JSW Vijayanagar Metallics Limited,25307113,5000084961,4600000197,170,17-10-25,101,HRC,COIL,11513:2017,BIS,cr3,72083990,N,7.453,85945644,MATCHED
2000,R_HR_CO,Hot Rolled Black Coil,25K0179R00,21.65,2001,2.2,1235,0011000144,JSW Vijayanagar Metallics Limited,25307109,5000084962,4600000197,170,17-10-25,101,HRC,COIL,11513:2017,BIS,cr3,72083990,N,7.453,92137049,MATCHED
2000,R_HR_CO,Hot Rolled Black Coil,25K0180R00,29.675,2001,2.5,1235,0011000144,JSW Vijayanagar Metallics Limited,25310881,5000084963,4600000197,180,17-10-25,101,HRC,COIL,11513:2017,BIS,cr3,72083990,N,7.453,66988215,MATCHED
2000,R_HR_CO,Hot Rolled Black Coil,25K0181R00,27.47,2001,2.5,1235,0011000082,TATA STEEL LTD,257541068,5000084970,4600000203,30,17-10-25,101,HRC,COIL,11513:2017,BIS,cr3,72083990,N,7.453,25438938,MATCHED
2000,R_HR_CO,Hot Rolled Black Coil,25K0182R00,27.38,2001,2,1230,0011000082,TATA STEEL LTD,257538056,5000084971,4600000203,10,17-10-25,101,HRC,COIL,11513:2017,BIS,cr3,72083990,N,7.453,86503749,MATCHED
2000,R_HR_CO,Hot Rolled Black Coil,25K0183R00,27.5,2001,2.5,1235,0011000082,TATA STEEL LTD,257541063,5000084972,4600000203,30,17-10-25,101,HRC,COIL,11513:2017,BIS,cr3,72083990,N,7.453,31414051,MATCHED
2000,R_HR_CO,Hot Rolled Black Coil,25K0184R00,27.26,2001,2.2,1235,0011000082,TATA STEEL LTD,257539071,5000084973,4600000203,20,17-10-25,101,HRC,COIL,11513:2017,BIS,cr3,72083990,N,7.453,77991881,MATCHED
2000,R_HR_CO,Hot Rolled Black Coil,25K0185R00,27.53,2001,2.5,1235,0011000082,TATA STEEL LTD,257541067,5000084974,4600000203,30,17-10-25,101,HRC,COIL,11513:2017,BIS,cr3,72083990,N,7.453,94502305,MATCHED
2000,R_HR_CO,Hot Rolled Black Coil,25K0186R00,27.37,2001,2.2,1235,0011000082,TATA STEEL LTD,257538050,5000084975,4600000203,20,17-10-25,101,HRC,COIL,11513:2017,BIS,cr3,72083990,N,7.453,71986114,MATCHED
2000,R_HR_CO,Hot Rolled Black Coil,25K0187R00,28.5,2001,2.5,1235,0011000082,TATA STEEL LTD,257540075,5000084977,4600000203,30,17-10-25,101,HRC,COIL,11513:2017,BIS,cr3,72083990,N,7.453,57221673,MATCHED
2000,R_HR_CO,Hot Rolled Black Coil,25K0188R00,27.49,2001,2.2,1235,0011000082,TATA STEEL LTD,257538049,5000084978,4600000203,20,17-10-25,101,HRC,COIL,11513:2017,BIS,cr3,72083990,N,7.453,44908309,MATCHED
2000,R_HR_CO,Hot Rolled Black Coil,25K0189R00,27.54,2001,2.2,1235,0011000082,TATA STEEL LTD,257541078,5000084979,4600000203,20,17-10-25,101,HRC,COIL,11513:2017,BIS,cr3,72083990,N,7.453,25977568,MATCHED
2000,R_HR_CO,Hot Rolled Black Coil,25K0190R00,27.33,2001,2.2,1235,0011000082,TATA STEEL LTD,257539070,5000084980,4600000203,20,17-10-25,101,HRC,COIL,11513:2017,BIS,cr3,72083990,N,7.453,43765031,MATCHED
2000,R_HR_CO,Hot Rolled Black Coil,25K0191R00,27.46,2001,2.2,1235,0011000082,TATA STEEL LTD,257539077,5000084981,4600000203,20,17-10-25,101,HRC,COIL,11513:2017,BIS,cr3,72083990,N,7.453,38440250,MATCHED
2000,R_HR_CO,Hot Rolled Black Coil,25K0192R00,27.46,2001,2.5,1235,0011000082,TATA STEEL LTD,257539083,5000084983,4600000203,30,17-10-25,101,HRC,COIL,11513:2017,BIS,cr3,72083990,N,7.453,32063811,MATCHED
2000,R_HR_CO,Hot Rolled Black Coil,25K0193R00,27.41,2001,2.2,1235,0011000082,TATA STEEL LTD,257539079,5000084984,4600000203,20,17-10-25,101,HRC,COIL,11513:2017,BIS,cr3,72083990,N,7.453,65089881,MATCHED
2000,R_HR_CO,Hot Rolled Black Coil,25K0194R00,27.26,2001,2.5,1235,0011000082,TATA STEEL LTD,257539081,5000084985,4600000203,30,17-10-25,101,HRC,COIL,11513:2017,BIS,cr3,72083990,N,7.453,17032003,MATCHED
2000,R_HR_CO,Hot Rolled Black Coil,25K0195R00,27.42,2001,2.5,1235,0011000082,TATA STEEL LTD,257539082,5000084986,4600000203,30,17-10-25,101,HRC,COIL,11513:2017,BIS,cr3,72083990,N,7.453,42698027,MATCHED
2000,R_HR_CO,Hot Rolled Black Coil,25K0196R00,27.44,2001,2.5,1235,0011000082,TATA STEEL LTD,257539080,5000084987,4600000203,30,17-10-25,101,HRC,COIL,11513:2017,BIS,cr3,72083990,N,7.453,26749183,MATCHED
2000,R_HR_CO,Hot Rolled Black Coil,25K0197R00,27.43,2001,2.2,1235,0011000082,TATA STEEL LTD,257539078,5000084989,4600000203,20,17-10-25,101,HRC,COIL,11513:2017,BIS,cr3,72083990,N,7.453,74594780,MATCHED
2000,R_HR_CO,Hot Rolled Black Coil,25K0198R00,27.37,2001,2.2,1235,0011000082,TATA STEEL LTD,257539073,5000084990,4600000203,20,17-10-25,101,HRC,COIL,11513:2017,BIS,cr3,72083990,N,7.453,94557546,MATCHED
2000,R_HR_CO,Hot Rolled Black Coil,25K0199R00,27.35,2001,2.5,1235,0011000082,TATA STEEL LTD,257539084,5000084991,4600000203,30,17-10-25,101,HRC,COIL,11513:2017,BIS,cr3,72083990,N,7.453,44822418,MATCHED
2000,R_HR_CO,Hot Rolled Black Coil,25K0200R00,27.29,2001,2.2,1235,0011000082,TATA STEEL LTD,257539074,5000084993,4600000203,20,17-10-25,101,HRC,COIL,11513:2017,BIS,cr3,72083990,N,7.453,65444919,MATCHED
2000,R_HR_CO,Hot Rolled Black Coil,25K0201R00,27.35,2001,2.2,1235,0011000082,TATA STEEL LTD,257539075,5000084994,4600000203,20,17-10-25,101,HRC,COIL,11513:2017,BIS,cr3,72083990,N,7.453,63880903,MATCHED
2000,R_HR_CO,Hot Rolled Black Coil,25K0202R00,27.4,2001,2.2,1235,0011000082,TATA STEEL LTD,257539072,5000084996,4600000203,20,17-10-25,101,HRC,COIL,11513:2017,BIS,cr3,72083990,N,7.453,32392115,MATCHED
2000,R_HR_CO,Hot Rolled Black Coil,25K0203R00,27.52,2001,2.5,1235,0011000082,TATA STEEL LTD,257541066,5000084997,4600000203,30,17-10-25,101,HRC,COIL,11513:2017,BIS,cr3,72083990,N,7.453,37419435,MATCHED
2000,R_HR_CO,Hot Rolled Black Coil,25K0204R00,27.52,2001,2.5,1235,0011000082,TATA STEEL LTD,257541065,5000084998,4600000203,30,17-10-25,101,HRC,COIL,11513:2017,BIS,cr3,72083990,N,7.453,91139346,MATCHED
2000,R_HR_CO,Hot Rolled Black Coil,25K0205R00,27.45,2001,2,1230,0011000082,TATA STEEL LTD,257541085,5000084999,4600000203,10,17-10-25,101,HRC,COIL,11513:2017,BIS,cr3,72083990,N,7.453,99124741,MATCHED
2000,R_HR_CO,Hot Rolled Black Coil,25K0206R00,27.41,2001,2.2,1235,0011000082,TATA STEEL LTD,257539076,5000085002,4600000203,20,17-10-25,101,HRC,COIL,11513:2017,BIS,cr3,72083990,N,7.453,81813088,MATCHED
2000,R_HR_CO,Hot Rolled Black Coil,25K0207R00,27.4,2001,2,1230,0011000082,TATA STEEL LTD,257537069,5000085003,4600000203,10,17-10-25,101,HRC,COIL,11513:2017,BIS,cr3,72083990,N,7.453,30891976,MATCHED
2000,R_HR_CO,Hot Rolled Black Coil,25K0208R00,27.52,2001,2.2,1235,0011000082,TATA STEEL LTD,257541073,5000085004,4600000203,20,17-10-25,101,HRC,COIL,11513:2017,BIS,cr3,72083990,N,7.453,85225220,MATCHED
2000,R_HR_CO,Hot Rolled Black Coil,25K0209R00,27.4,2001,2.5,1235,0011000082,TATA STEEL LTD,257541069,5000085006,4600000203,30,17-10-25,101,HRC,COIL,11513:2017,BIS,cr3,72083990,N,7.453,97212557,MATCHED
2000,R_HR_CO,Hot Rolled Black Coil,25K0210R00,27.47,2001,2.2,1235,0011000082,TATA STEEL LTD,257541076,5000085007,4600000203,20,17-10-25,101,HRC,COIL,11513:2017,BIS,cr3,72083990,N,7.453,34844413,MATCHED
2000,R_HR_CO,Hot Rolled Black Coil,25K0211R00,27.44,2001,2.2,1235,0011000082,TATA STEEL LTD,257541071,5000085008,4600000203,20,17-10-25,101,HRC,COIL,11513:2017,BIS,cr3,72083990,N,7.453,71507185,MATCHED
2000,R_HR_CO,Hot Rolled Black Coil,25K0212R00,27.54,2001,2.5,1235,0011000082,TATA STEEL LTD,257541064,5000085009,4600000203,30,17-10-25,101,HRC,COIL,11513:2017,BIS,cr3,72083990,N,7.453,17589088,MATCHED
2000,R_HR_CO,Hot Rolled Black Coil,25K0214R00,25.72,2001,2.2,1230,0011000082,TATA STEEL LTD,257473095A,5000085014,4600000198,20,14-10-25,101,HRC,COIL,11513:2017,BIS,cr3,72083990,N,7.453,77174687,MATCHED
2000,R_HR_CO,Hot Rolled Black Coil,25K0215R00,27.64,2001,2.5,1230,0011000082,TATA STEEL LTD,257474056,5000085015,4600000198,30,14-10-25,101,HRC,COIL,11513:2017,BIS,cr3,72083990,N,7.453,12093619,MATCHED
2000,R_HR_CO,Hot Rolled Black Coil,25K0216R00,20.287,2001,2,1230,0011000123,JINDAL STEEL ODISHA LIMITED,2511030024,5000085020,4600000196,10,14-10-25,101,HRC,COIL,11513:2017,BIS,SAE1006,72083990,N,7.453,46858656,MATCHED
2000,R_HR_CO,Hot Rolled Black Coil,25K0217R00,20.413,2001,2.2,1235,0011000123,JINDAL STEEL ODISHA LIMITED,2511030023,5000085020,4600000196,20,14-10-25,101,HRC,COIL,11513:2017,BIS,SAE1006,72083990,N,7.453,65137141,MATCHED
2000,R_HR_CO,Hot Rolled Black Coil,25K0218R00,20.23,2001,2.2,1235,0011000123,JINDAL STEEL ODISHA LIMITED,2511030020,5000085024,4600000196,20,14-10-25,101,HRC,COIL,11513:2017,BIS,SAE1006,72083990,N,7.453,89179850,MATCHED
2000,R_HR_CO,Hot Rolled Black Coil,25K0219R00,20.31,2001,2.2,1235,0011000123,JINDAL STEEL ODISHA LIMITED,2511030022,5000085024,4600000196,20,14-10-25,101,HRC,COIL,11513:2017,BIS,SAE1006,72083990,N,7.453,16060067,MATCHED
2000,R_HR_CO,Hot Rolled Black Coil,25K0220R00,20.329,2001,2,1230,0011000123,JINDAL STEEL ODISHA LIMITED,2511030026,5000085027,4600000196,10,14-10-25,101,HRC,COIL,11513:2017,BIS,SAE1006,72083990,N,7.453,41414366,MATCHED
2000,R_HR_CO,Hot Rolled Black Coil,25K0221R00,20.231,2001,2,1230,0011000123,JINDAL STEEL ODISHA LIMITED,2511030029,5000085027,4600000196,10,14-10-25,101,HRC,COIL,11513:2017,BIS,SAE1006,72083990,N,7.453,81549637,MATCHED
2000,R_HR_CO,Hot Rolled Black Coil,25K0222R00,20.268,2001,2,1230,0011000123,JINDAL STEEL ODISHA LIMITED,2511030025,5000085032,4600000196,10,14-10-25,101,HRC,COIL,11513:2017,BIS,SAE1006,72083990,N,7.453,18080323,MATCHED
2000,R_HR_CO,Hot Rolled Black Coil,25K0223R00,20.312,2001,2,1230,0011000123,JINDAL STEEL ODISHA LIMITED,2511030027,5000085032,4600000196,10,14-10-25,101,HRC,COIL,11513:2017,BIS,SAE1006,72083990,N,7.453,56533714,MATCHED
2000,R_HR_CO,Hot Rolled Black Coil,25K0224R00,28.66,2001,2.5,1235,0011000082,TATA STEEL LTD,257540073,5000085036,4600000203,30,17-10-25,101,HRC,COIL,11513:2017,BIS,cr3,72083990,N,7.453,38366694,MATCHED
2000,R_HR_CO,Hot Rolled Black Coil,25K0225R00,28.55,2001,2.5,1235,0011000082,TATA STEEL LTD,257540074,5000085038,4600000203,30,17-10-25,101,HRC,COIL,11513:2017,BIS,cr3,72083990,N,7.453,19236777,MATCHED
2000,R_HR_CO,Hot Rolled Black Coil,25K0226R00,27.51,2001,2,1230,0011000082,TATA STEEL LTD,257537067,5000085040,4600000203,10,17-10-25,101,HRC,COIL,11513:2017,BIS,cr3,72083990,N,7.453,26586488,MATCHED
2000,R_HR_CO,Hot Rolled Black Coil,25K0227R00,27.53,2001,2,1230,0011000082,TATA STEEL LTD,257541083,5000085041,4600000203,10,17-10-25,101,HRC,COIL,11513:2017,BIS,cr3,72083990,N,7.453,11315760,MATCHED
2000,R_HR_CO,Hot Rolled Black Coil,25K0228R00,27.29,2001,2,1230,0011000082,TATA STEEL LTD,257541084,5000085044,4600000203,10,17-10-25,101,HRC,COIL,11513:2017,BIS,cr3,72083990,N,7.453,36820470,MATCHED
2000,R_HR_CO,Hot Rolled Black Coil,25K0229R00,27.49,2001,2,1230,0011000082,TATA STEEL LTD,257541082,5000085046,4600000203,10,17-10-25,101,HRC,COIL,11513:2017,BIS,cr3,72083990,N,7.453,96357969,MATCHED
2000,R_HR_CO,Hot Rolled Black Coil,25K0230R00,27.36,2001,2.5,1235,0011000082,TATA STEEL LTD,257542048,5000085047,4600000203,30,17-10-25,101,HRC,COIL,11513:2017,BIS,cr3,72083990,N,7.453,57560780,MATCHED
2000,R_HR_CO,Hot Rolled Black Coil,25K0231R00,27.4,2001,2,1230,0011000082,TATA STEEL LTD,257538059,5000085057,4600000203,10,17-10-25,101,HRC,COIL,11513:2017,BIS,cr3,72083990,N,7.453,22400111,MATCHED
2000,R_HR_CO,Hot Rolled Black Coil,25K0232R00,28.5,2001,2.2,1235,0011000082,TATA STEEL LTD,257540077,5000085058,4600000203,20,17-10-25,101,HRC,COIL,11513:2017,BIS,cr3,72083990,N,7.453,97414629,MATCHED
2000,R_HR_CO,Hot Rolled Black Coil,25K0233R00,27.44,2001,2.2,1235,0011000082,TATA STEEL LTD,257538069,5000085059,4600000203,20,17-10-25,101,HRC,COIL,11513:2017,BIS,cr3,72083990,N,7.453,66757057,MATCHED
2000,R_HR_CO,Hot Rolled Black Coil,25K0234R00,27.36,2001,2.5,1235,0011000082,TATA STEEL LTD,257542049,5000085060,4600000203,30,17-10-25,101,HRC,COIL,11513:2017,BIS,cr3,72083990,N,7.453,25873305,MATCHED
2000,R_HR_CO,Hot Rolled Black Coil,25K0235R00,27.36,2001,2.5,1235,0011000082,TATA STEEL LTD,257542047,5000085061,4600000203,30,17-10-25,101,HRC,COIL,11513:2017,BIS,cr3,72083990,N,7.453,58276436,MATCHED
2000,R_HR_CO,Hot Rolled Black Coil,25K0236R00,27.42,2001,2.2,1235,0011000082,TATA STEEL LTD,257541070,5000085062,4600000203,20,17-10-25,101,HRC,COIL,11513:2017,BIS,cr3,72083990,N,7.453,64928545,MATCHED
2000,R_HR_CO,Hot Rolled Black Coil,25K0237R00,27.48,2001,2.5,1235,0011000082,TATA STEEL LTD,257542046,5000085063,4600000203,30,17-10-25,101,HRC,COIL,11513:2017,BIS,cr3,72083990,N,7.453,21695680,MATCHED
2000,R_HR_CO,Hot Rolled Black Coil,25K0238R00,28.54,2001,2.5,1235,0011000082,TATA STEEL LTD,257540076,5000085064,4600000203,30,17-10-25,101,HRC,COIL,11513:2017,BIS,cr3,72083990,N,7.453,59168811,MATCHED
2000,R_HR_CO,Hot Rolled Black Coil,25K0239R00,28.62,2001,2.5,1235,0011000082,TATA STEEL LTD,257540072,5000085065,4600000203,30,17-10-25,101,HRC,COIL,11513:2017,BIS,cr3,72083990,N,7.453,75426701,MATCHED
2000,R_HR_CO,Hot Rolled Black Coil,25K0240R00,27.45,2001,2.2,1235,0011000082,TATA STEEL LTD,257542044,5000085066,4600000203,20,17-10-25,101,HRC,COIL,11513:2017,BIS,cr3,72083990,N,7.453,75702023,MATCHED
2000,R_HR_CO,Hot Rolled Black Coil,25K0241R00,20.225,2001,2,1230,0011000123,JINDAL STEEL ODISHA LIMITED,2511030028,5000085114,4600000196,10,14-10-25,101,HRC,COIL,11513:2017,BIS,SAE1006,72083990,N,7.453,79045400,MATCHED
2000,R_HR_CO,Hot Rolled Black Coil,25K0242R00,20.295,2001,2.2,1235,0011000123,JINDAL STEEL ODISHA LIMITED,2511030019,5000085114,4600000196,20,14-10-25,101,HRC,COIL,11513:2017,BIS,SAE1006,72083990,N,7.453,62468926,MATCHED
2000,R_HR_CO,Hot Rolled Black Coil,25K0243R00,27.28,2001,2.2,1235,0011000082,TATA STEEL LTD,257540078,5000085154,4600000203,20,17-10-25,101,HRC,COIL,11513:2017,BIS,cr3,72083990,N,7.453,72953606,MATCHED
2000,R_HR_CO,Hot Rolled Black Coil,25K0244R00,27.63,2001,2.2,1235,0011000082,TATA STEEL LTD,257540079,5000085155,4600000203,20,17-10-25,101,HRC,COIL,11513:2017,BIS,cr3,72083990,N,7.453,68602142,MATCHED
2000,R_HR_CO,Hot Rolled Black Coil,25K0245R00,27.46,2001,2,1230,0011000082,TATA STEEL LTD,257538055,5000085158,4600000203,10,17-10-25,101,HRC,COIL,11513:2017,BIS,cr3,72083990,N,7.453,57238442,MATCHED
2000,R_HR_CO,Hot Rolled Black Coil,25K0246R00,27.37,2001,2,1230,0011000082,TATA STEEL LTD,257538072,5000085163,4600000203,10,17-10-25,101,HRC,COIL,11513:2017,BIS,cr3,72083990,N,7.453,46922830,MATCHED
2000,R_HR_CO,Hot Rolled Black Coil,25K0247R00,27.45,2001,2.2,1235,0011000082,TATA STEEL LTD,257537057,5000085167,4600000203,20,17-10-25,101,HRC,COIL,11513:2017,BIS,cr3,72083990,N,7.453,23394496,MATCHED
2000,R_HR_CO,Hot Rolled Black Coil,25K0248R00,27.3,2001,2,1230,0011000082,TATA STEEL LTD,257538075,5000085168,4600000203,10,17-10-25,101,HRC,COIL,11513:2017,BIS,cr3,72083990,N,7.453,65807584,MATCHED
2000,R_HR_CO,Hot Rolled Black Coil,25K0249R00,27.5,2001,2.2,1235,0011000082,TATA STEEL LTD,257538068,5000085169,4600000203,20,17-10-25,101,HRC,COIL,11513:2017,BIS,cr3,72083990,N,7.453,93966813,MATCHED
2000,R_HR_CO,Hot Rolled Black Coil,25K0250R00,27.33,2001,2,1230,0011000082,TATA STEEL LTD,257538074,5000085170,4600000203,10,17-10-25,101,HRC,COIL,11513:2017,BIS,cr3,72083990,N,7.453,83781672,MATCHED
2000,R_HR_CO,Hot Rolled Black Coil,25K0251R00,27.41,2001,2.5,1235,0011000082,TATA STEEL LTD,257538062,5000085171,4600000203,30,17-10-25,101,HRC,COIL,11513:2017,BIS,cr3,72083990,N,7.453,91851323,MATCHED
2000,R_HR_CO,Hot Rolled Black Coil,25K0252R00,27.35,2001,2,1230,0011000082,TATA STEEL LTD,257537060,5000085172,4600000203,10,17-10-25,101,HRC,COIL,11513:2017,BIS,cr3,72083990,N,7.453,38972174,MATCHED
2000,R_HR_CO,Hot Rolled Black Coil,25K0253R00,27.31,2001,2,1230,0011000082,TATA STEEL LTD,257538077,5000085173,4600000203,10,17-10-25,101,HRC,COIL,11513:2017,BIS,cr3,72083990,N,7.453,51131007,MATCHED
2000,R_HR_CO,Hot Rolled Black Coil,25K0254R00,27.31,2001,2,1230,0011000082,TATA STEEL LTD,257537061,5000085174,4600000203,10,17-10-25,101,HRC,COIL,11513:2017,BIS,cr3,72083990,N,7.453,16236470,MATCHED
2000,R_HR_CO,Hot Rolled Black Coil,25K0255R00,27.36,2001,2,1230,0011000082,TATA STEEL LTD,257537062,5000085175,4600000203,10,17-10-25,101,HRC,COIL,11513:2017,BIS,cr3,72083990,N,7.453,80457136,MATCHED
2000,R_HR_CO,Hot Rolled Black Coil,25K0256R00,27.42,2001,2.2,1235,0011000082,TATA STEEL LTD,257537059,5000085176,4600000203,20,17-10-25,101,HRC,COIL,11513:2017,BIS,cr3,72083990,N,7.453,16189479,MATCHED
2000,R_HR_CO,Hot Rolled Black Coil,25K0257R00,27.37,2001,2,1230,0011000082,TATA STEEL LTD,257537065,5000085178,4600000203,10,17-10-25,101,HRC,COIL,11513:2017,BIS,cr3,72083990,N,7.453,56629107,MATCHED
2000,R_HR_CO,Hot Rolled Black Coil,25K0258R00,27.43,2001,2.2,1235,0011000082,TATA STEEL LTD,257541072,5000085179,4600000203,20,17-10-25,101,HRC,COIL,11513:2017,BIS,cr3,72083990,N,7.453,60315317,MATCHED
2000,R_HR_CO,Hot Rolled Black Coil,25K0259R00,28.53,2001,2.2,1235,0011000082,TATA STEEL LTD,257540081,5000085180,4600000203,20,17-10-25,101,HRC,COIL,11513:2017,BIS,cr3,72083990,N,7.453,81566036,MATCHED
2000,R_HR_CO,Hot Rolled Black Coil,25K0260R00,27.46,2001,2.5,1235,0011000082,TATA STEEL LTD,257542045,5000085181,4600000203,30,17-10-25,101,HRC,COIL,11513:2017,BIS,cr3,72083990,N,7.453,32161239,MATCHED
2000,R_HR_CO,Hot Rolled Black Coil,25K0261R00,27.42,2001,2.2,1235,0011000082,TATA STEEL LTD,257538070,5000085182,4600000203,20,17-10-25,101,HRC,COIL,11513:2017,BIS,cr3,72083990,N,7.453,65819283,MATCHED
2000,R_HR_CO,Hot Rolled Black Coil,25K0262R00,27.36,2001,2.2,1235,0011000082,TATA STEEL LTD,257538066,5000085183,4600000203,20,17-10-25,101,HRC,COIL,11513:2017,BIS,cr3,72083990,N,7.453,38782594,MATCHED
2000,R_HR_CO,Hot Rolled Black Coil,25K0263R00,27.54,2001,2.2,1235,0011000082,TATA STEEL LTD,257541077,5000085184,4600000203,20,17-10-25,101,HRC,COIL,11513:2017,BIS,cr3,72083990,N,7.453,95304106,MATCHED
2000,R_HR_CO,Hot Rolled Black Coil,25K0264R00,27.32,2001,2.2,1235,0011000082,TATA STEEL LTD,257538067,5000085185,4600000203,20,17-10-25,101,HRC,COIL,11513:2017,BIS,cr3,72083990,N,7.453,50713675,MATCHED
2000,R_HR_CO,Hot Rolled Black Coil,25K0265R00,27.67,2001,2.2,1235,0011000082,TATA STEEL LTD,257540080,5000085186,4600000203,20,17-10-25,101,HRC,COIL,11513:2017,BIS,cr3,72083990,N,7.453,11168015,MATCHED
2000,R_HR_CO,Hot Rolled Black Coil,25K0266R00,27.48,2001,2,1230,0011000082,TATA STEEL LTD,257538058,5000085188,4600000203,10,17-10-25,101,HRC,COIL,11513:2017,BIS,cr3,72083990,N,7.453,53257480,MATCHED
2000,R_HR_CO,Hot Rolled Black Coil,25K0267R00,27.43,2001,2.5,1230,0011000082,TATA STEEL LTD,257538065,5000085193,4600000198,30,14-10-25,101,HRC,COIL,11513:2017,BIS,cr3,72083990,N,7.453,64612934,MATCHED
2000,R_HR_CO,Hot Rolled Black Coil,25K0268R00,27.39,2001,2,1230,0011000082,TATA STEEL LTD,257537068,5000085194,4600000203,10,17-10-25,101,HRC,COIL,11513:2017,BIS,cr3,72083990,N,7.453,62389294,MATCHED
2000,R_HR_CO,Hot Rolled Black Coil,25K0269R00,27.52,2001,2,1230,0011000082,TATA STEEL LTD,257538071,5000085195,4600000203,10,17-10-25,101,HRC,COIL,11513:2017,BIS,cr3,72083990,N,7.453,63874169,MATCHED
2000,R_HR_CO,Hot Rolled Black Coil,25K0270R00,27.44,2001,2,1230,0011000082,TATA STEEL LTD,257537066,5000085197,4600000203,10,17-10-25,101,HRC,COIL,11513:2017,BIS,cr3,72083990,N,7.453,91814393,MATCHED
2000,R_HR_CO,Hot Rolled Black Coil,25K0271R00,27.33,2001,2,1230,0011000082,TATA STEEL LTD,257538078,5000085198,4600000203,10,17-10-25,101,HRC,COIL,11513:2017,BIS,cr3,72083990,N,7.453,81873994,MATCHED
2000,R_HR_CO,Hot Rolled Black Coil,25K0272R00,27.38,2001,2,1230,0011000082,TATA STEEL LTD,257538073,5000085199,4600000203,10,17-10-25,101,HRC,COIL,11513:2017,BIS,cr3,72083990,N,7.453,38516115,MATCHED
2000,R_HR_CO,Hot Rolled Black Coil,25K0273R00,27.31,2001,2.2,1235,0011000082,TATA STEEL LTD,257542055,5000085202,4600000203,20,17-10-25,101,HRC,COIL,11513:2017,BIS,cr3,72083990,N,7.453,47623234,MATCHED
2000,R_HR_CO,Hot Rolled Black Coil,25K0274R00,27.37,2001,2.2,1235,0011000082,TATA STEEL LTD,257542056,5000085203,4600000203,20,17-10-25,101,HRC,COIL,11513:2017,BIS,cr3,72083990,N,7.453,89090777,MATCHED
2000,R_HR_CO,Hot Rolled Black Coil,25K0275R00,27.4,2001,2.5,1235,0011000082,TATA STEEL LTD,257538063,5000085205,4600000203,30,17-10-25,101,HRC,COIL,11513:2017,BIS,cr3,72083990,N,7.453,65963105,MATCHED
2000,R_HR_CO,Hot Rolled Black Coil,25K0276R00,27.28,2001,2,1230,0011000082,TATA STEEL LTD,257538076,5000085208,4600000203,10,17-10-25,101,HRC,COIL,11513:2017,BIS,cr3,72083990,N,7.453,27074005,MATCHED
2000,R_HR_CO,Hot Rolled Black Coil,25K0277R00,27.31,2001,2,1230,0011000082,TATA STEEL LTD,257537064,5000085210,4600000203,10,17-10-25,101,HRC,COIL,11513:2017,BIS,cr3,72083990,N,7.453,87181829,MATCHED
2000,R_HR_CO,Hot Rolled Black Coil,25K0278R00,27.54,2001,2.2,1235,0011000082,TATA STEEL LTD,257541079,5000085212,4600000203,20,17-10-25,101,HRC,COIL,11513:2017,BIS,cr3,72083990,N,7.453,83291669,MATCHED
2000,R_HR_CO,Hot Rolled Black Coil,25K0279R00,27.54,2001,2,1230,0011000082,TATA STEEL LTD,257541080,5000085214,4600000203,10,17-10-25,101,HRC,COIL,11513:2017,BIS,cr3,72083990,N,7.453,49321138,MATCHED
2000,R_HR_CO,Hot Rolled Black Coil,25K0280R00,27.46,2001,2.5,1235,0011000082,TATA STEEL LTD,257538064,5000085222,4600000203,30,17-10-25,101,HRC,COIL,11513:2017,BIS,cr3,72083990,N,7.453,60090243,MATCHED
2000,R_HR_CO,Hot Rolled Black Coil,25K0281R00,27.44,2001,2.2,1235,0011000082,TATA STEEL LTD,257541074,5000085224,4600000203,20,17-10-25,101,HRC,COIL,11513:2017,BIS,cr3,72083990,N,7.453,95399954,MATCHED
2000,R_HR_CO,Hot Rolled Black Coil,25K0282R00,27.48,2001,2.2,1235,0011000082,TATA STEEL LTD,257542039,5000085237,4600000203,20,17-10-25,101,HRC,COIL,11513:2017,BIS,cr3,72083990,N,7.453,65931896,MATCHED
2000,R_HR_CO,Hot Rolled Black Coil,25K0283R00,27.46,2001,2,1230,0011000082,TATA STEEL LTD,257541081,5000085240,4600000203,10,17-10-25,101,HRC,COIL,11513:2017,BIS,cr3,72083990,N,7.453,89983638,MATCHED
2000,R_HR_CO,Hot Rolled Black Coil,25K0284R00,27.3,2001,2.2,1235,0011000082,TATA STEEL LTD,257542041,5000085241,4600000203,20,17-10-25,101,HRC,COIL,11513:2017,BIS,cr3,72083990,N,7.453,67452468,MATCHED
2000,R_HR_CO,Hot Rolled Black Coil,25K0285R00,26.67,2001,2,1230,0011000082,TATA STEEL LTD,257537063,5000085242,4600000203,10,17-10-25,101,HRC,COIL,11513:2017,BIS,cr3,72083990,N,7.453,53500802,MATCHED
2000,R_HR_CO,Hot Rolled Black Coil,25K0286R00,27.38,2001,2,1230,0011000082,TATA STEEL LTD,257538060,5000085250,4600000203,10,17-10-25,101,HRC,COIL,11513:2017,BIS,cr3,72083990,N,7.453,76870374,MATCHED
2000,R_HR_CO,Hot Rolled Black Coil,25K0287R00,27.39,2001,2.2,1235,0011000082,TATA STEEL LTD,257542053,5000085251,4600000203,20,17-10-25,101,HRC,COIL,11513:2017,BIS,cr3,72083990,N,7.453,72388371,MATCHED
2000,R_HR_CO,Hot Rolled Black Coil,25K0288R00,27.39,2001,2,1230,0011000082,TATA STEEL LTD,257538061,5000085252,4600000203,10,17-10-25,101,HRC,COIL,11513:2017,BIS,cr3,72083990,N,7.453,28162417,MATCHED
2000,R_HR_CO,Hot Rolled Black Coil,25K0289R00,27.44,2001,2.2,1235,0011000082,TATA STEEL LTD,257542042,5000085253,4600000203,20,17-10-25,101,HRC,COIL,11513:2017,BIS,cr3,72083990,N,7.453,77075232,MATCHED
2000,R_HR_CO,Hot Rolled Black Coil,25K0290R00,27.34,2001,2,1230,0011000082,TATA STEEL LTD,257538080,5000085256,4600000203,10,17-10-25,101,HRC,COIL,11513:2017,BIS,cr3,72083990,N,7.453,48427970,MATCHED
2000,R_HR_CO,Hot Rolled Black Coil,25K0291R00,27.41,2001,2.5,1235,0011000082,TATA STEEL LTD,257542050,5000085259,4600000203,30,17-10-25,101,HRC,COIL,11513:2017,BIS,cr3,72083990,N,7.453,56206153,MATCHED
2000,R_HR_CO,Hot Rolled Black Coil,25K0292R00,27.35,2001,2.2,1235,0011000082,TATA STEEL LTD,257542054,5000085260,4600000203,20,17-10-25,101,HRC,COIL,11513:2017,BIS,cr3,72083990,N,7.453,98183568,MATCHED
2000,R_HR_CO,Hot Rolled Black Coil,25K0293R00,27.4,2001,2.2,1235,0011000082,TATA STEEL LTD,257542052,5000085261,4600000203,20,17-10-25,101,HRC,COIL,11513:2017,BIS,cr3,72083990,N,7.453,13731325,MATCHED
2000,R_HR_CO,Hot Rolled Black Coil,25K0294R00,27.43,2001,2.2,1235,0011000082,TATA STEEL LTD,257542051,5000085262,4600000203,20,17-10-25,101,HRC,COIL,11513:2017,BIS,cr3,72083990,N,7.453,53339583,MATCHED
2000,R_HR_CO,Hot Rolled Black Coil,25K0295R00,27.37,2001,2.5,1230,0011000082,TATA STEEL LTD,257538045,5000085265,4600000198,30,14-10-25,101,HRC,COIL,11513:2017,BIS,cr3,72083990,N,7.453,53791550,MATCHED
2000,R_HR_CO,Hot Rolled Black Coil,25K0296R00,27.4,2001,2,1230,0011000082,TATA STEEL LTD,257538052,5000085270,4600000203,10,17-10-25,101,HRC,COIL,11513:2017,BIS,cr3,72083990,N,7.453,81401700,MATCHED
2000,R_HR_CO,Hot Rolled Black Coil,25K0297R00,27.27,2001,2.5,1235,0011000082,TATA STEEL LTD,257539085,5000085273,4600000203,30,17-10-25,101,HRC,COIL,11513:2017,BIS,cr3,72083990,N,7.453,88311724,MATCHED
2000,R_HR_CO,Hot Rolled Black Coil,25K0298R00,27.29,2001,2,1230,0011000082,TATA STEEL LTD,257538053,5000085275,4600000203,10,17-10-25,101,HRC,COIL,11513:2017,BIS,cr3,72083990,N,7.453,35959465,MATCHED
2000,R_HR_CO,Hot Rolled Black Coil,25K0299R00,28.97,2001,2,1230,0011000082,TATA STEEL LTD,257475053,5000085284,4600000203,10,17-10-25,101,HRC,COIL,11513:2017,BIS,cr3,72083990,N,7.453,44482023,MATCHED
2000,R_HR_CO,Hot Rolled Black Coil,25K0300R00,27.38,2001,2,1230,0011000082,TATA STEEL LTD,257538057,5000085285,4600000203,10,17-10-25,101,HRC,COIL,11513:2017,BIS,cr3,72083990,N,7.453,99102883,MATCHED
2000,R_HR_CO,Hot Rolled Black Coil,25K0301R00,27.35,2001,2.2,1235,0011000082,TATA STEEL LTD,257538047,5000085304,4600000203,20,17-10-25,101,HRC,COIL,11513:2017,BIS,cr3,72083990,N,7.453,82242514,MATCHED
2000,R_HR_CO,Hot Rolled Black Coil,25K0302R00,27.38,2001,2.2,1235,0011000082,TATA STEEL LTD,257538051,5000085305,4600000203,20,17-10-25,101,HRC,COIL,11513:2017,BIS,cr3,72083990,N,7.453,43967417,MATCHED
2000,R_HR_CO,Hot Rolled Black Coil,25K0303R00,27.47,2001,2.2,1235,0011000082,TATA STEEL LTD,257542038,5000085306,4600000203,20,17-10-25,101,HRC,COIL,11513:2017,BIS,cr3,72083990,N,7.453,97545673,MATCHED
2000,R_HR_CO,Hot Rolled Black Coil,25K0304R00,27.38,2001,2.2,1235,0011000082,TATA STEEL LTD,257541075,5000085307,4600000203,20,17-10-25,101,HRC,COIL,11513:2017,BIS,cr3,72083990,N,7.453,33474869,MATCHED
2000,R_HR_CO,Hot Rolled Black Coil,25K0305R00,27.29,2001,2,1230,0011000082,TATA STEEL LTD,257538079,5000085310,4600000203,10,17-10-25,101,HRC,COIL,11513:2017,BIS,cr3,72083990,N,7.453,14109095,MATCHED
2000,R_HR_CO,Hot Rolled Black Coil,25K0306R00,23.87,2001,2.5,1235,0011000082,TATA STEEL LTD,257540043,5000085389,4600000203,30,17-10-25,101,HRC,COIL,11513:2017,BIS,cr3,72083990,N,7.453,60908179,MATCHED
2000,R_HR_CO,Hot Rolled Black Coil,25K0307R00,23.92,2001,2.5,1235,0011000082,TATA STEEL LTD,257540044,5000085389,4600000203,30,17-10-25,101,HRC,COIL,11513:2017,BIS,cr3,72083990,N,7.453,64810279,MATCHED
2000,R_HR_CO,Hot Rolled Black Coil,25K0308R00,27.38,2001,2.2,1235,0011000082,TATA STEEL LTD,257542040,5000085402,4600000203,20,17-10-25,101,HRC,COIL,11513:2017,BIS,cr3,72083990,N,7.453,93569050,MATCHED
2000,R_HR_CO,Hot Rolled Black Coil,25K0309R00,28.64,2001,2.5,1230,0011000082,TATA STEEL LTD,257485058,5000085584,4600000198,30,14-10-25,101,HRC,COIL,11513:2017,BIS,cr3,72083990,N,7.453,37114734,MATCHED
2000,R_HR_CO,Hot Rolled Black Coil,25K0310R00,28.71,2001,2.2,1230,0011000082,TATA STEEL LTD,257476072,5000085585,4600000198,20,14-10-25,101,HRC,COIL,11513:2017,BIS,cr3,72083990,N,7.453,56866760,MATCHED
2000,R_HR_CO,Hot Rolled Black Coil,25K0311R00,27.23,2001,2.5,1230,0011000144,JSW Vijayanagar Metallics Limited,25319051,5000085724,4600000206,60,14-11-25,101,HRC,COIL,11513:2017,BIS,cr3,72083990,N,7.453,55557857,MATCHED
2000,R_HR_CO,Hot Rolled Black Coil,25K0312R00,26.82,2001,2,1235,0011000144,JSW Vijayanagar Metallics Limited,25319084,5000085725,4600000206,30,14-11-25,101,HRC,COIL,11513:2017,BIS,cr3,72083990,N,7.453,98609762,MATCHED
2000,R_HR_CO,Hot Rolled Black Coil,25K0313R00,27.27,2001,2,1235,0011000144,JSW Vijayanagar Metallics Limited,25319065,5000085726,4600000206,30,14-11-25,101,HRC,COIL,11513:2017,BIS,cr3,72083990,N,7.453,19513647,MATCHED
2000,R_HR_CO,Hot Rolled Black Coil,25K0314R00,26.89,2001,2,1235,0011000144,JSW Vijayanagar Metallics Limited,25319053,5000085727,4600000206,30,14-11-25,101,HRC,COIL,11513:2017,BIS,cr3,72083990,N,7.453,40206015,MATCHED
2000,R_HR_CO,Hot Rolled Black Coil,25K0315R00,27.22,2001,2,1235,0011000144,JSW Vijayanagar Metallics Limited,25319060,5000085728,4600000206,30,14-11-25,101,HRC,COIL,11513:2017,BIS,cr3,72083990,N,7.453,97278308,MATCHED
2000,R_HR_CO,Hot Rolled Black Coil,25K0316R00,27.25,2001,2,1235,0011000144,JSW Vijayanagar Metallics Limited,25319056,5000085730,4600000206,30,14-11-25,101,HRC,COIL,11513:2017,BIS,cr3,72083990,N,7.453,35123762,MATCHED
2000,R_HR_CO,Hot Rolled Black Coil,25K0317R00,27.29,2001,2.8,1250,0011000144,JSW Vijayanagar Metallics Limited,25319432,5000085731,4600000206,110,14-11-25,101,HRC,COIL,11513:2017,BIS,cr2,72083990,N,7.453,96760993,MATCHED
2000,R_HR_CO,Hot Rolled Black Coil,25K0318R00,26.665,2001,2.8,1180,0011000144,JSW Vijayanagar Metallics Limited,25319220,5000085733,4600000206,90,14-11-25,101,HRC,COIL,11513:2017,BIS,cr2,72083990,N,7.453,53811362,MATCHED
2000,R_HR_CO,Hot Rolled Black Coil,25K0319R00,27.19,2001,2.5,1230,0011000144,JSW Vijayanagar Metallics Limited,25319177,5000085734,4600000206,60,14-11-25,101,HRC,COIL,11513:2017,BIS,cr3,72083990,N,7.453,27549384,MATCHED
2000,R_HR_CO,Hot Rolled Black Coil,25K0320R00,25.395,2001,2.2,1230,0011000144,JSW Vijayanagar Metallics Limited,25319581,5000085735,4600000206,40,14-11-25,101,HRC,COIL,11513:2017,BIS,cr3,72083990,N,7.453,85173678,MATCHED
2000,R_HR_CO,Hot Rolled Black Coil,25K0321R00,18.07,2001,2,1020,0011000144,JSW Vijayanagar Metallics Limited,25315011,5000085737,4600000206,10,14-11-25,101,HRC,COIL,11513:2017,BIS,cr3,72083990,N,7.453,39537962,MATCHED
2000,R_HR_CO,Hot Rolled Black Coil,25K0322R00,24.79,2001,2.8,1180,0011000144,JSW Vijayanagar Metallics Limited,25319222,5000085740,4600000206,90,14-11-25,101,HRC,COIL,11513:2017,BIS,cr2,72083990,N,7.453,80245899,MATCHED
2000,R_HR_CO,Hot Rolled Black Coil,25K0323R00,26.865,2001,2.5,1230,0011000144,JSW Vijayanagar Metallics Limited,25319047,5000085745,4600000206,60,14-11-25,101,HRC,COIL,11513:2017,BIS,cr3,72083990,N,7.453,80771866,MATCHED
2000,R_HR_CO,Hot Rolled Black Coil,25K0324R00,23.71,2001,2,1080,0011000144,JSW Vijayanagar Metallics Limited,25319361,5000085746,4600000206,20,14-11-25,101,HRC,COIL,11513:2017,BIS,cr3,72083990,N,7.453,18535960,MATCHED
2000,R_HR_CO,Hot Rolled Black Coil,25K0325R00,27.27,2001,2.5,1230,0011000144,JSW Vijayanagar Metallics Limited,25319567,5000085749,4600000206,60,14-11-25,101,HRC,COIL,11513:2017,BIS,cr3,72083990,N,7.453,19807089,MATCHED
2000,R_HR_CO,Hot Rolled Black Coil,25K0326R00,23.79,2001,2,1080,0011000144,JSW Vijayanagar Metallics Limited,25319370,5000085750,4600000206,20,14-11-25,101,HRC,COIL,11513:2017,BIS,cr3,72083990,N,7.453,65903804,MATCHED
2000,R_HR_CO,Hot Rolled Black Coil,25K0327R00,27.355,2001,2.5,1230,0011000144,JSW Vijayanagar Metallics Limited,25319588,5000085752,4600000206,60,14-11-25,101,HRC,COIL,11513:2017,BIS,cr3,72083990,N,7.453,20418489,MATCHED
2000,R_HR_CO,Hot Rolled Black Coil,25K0328R00,27.33,2001,2.5,1230,0011000144,JSW Vijayanagar Metallics Limited,25319586,5000085754,4600000206,60,14-11-25,101,HRC,COIL,11513:2017,BIS,cr3,72083990,N,7.453,40897405,MATCHED
2000,R_HR_CO,Hot Rolled Black Coil,25K0329R00,27.36,2001,2.5,1230,0011000144,JSW Vijayanagar Metallics Limited,25319570,5000085764,4600000206,60,14-11-25,101,HRC,COIL,11513:2017,BIS,cr3,72083990,N,7.453,25421054,MATCHED
2000,R_HR_CO,Hot Rolled Black Coil,25K0330R00,23.805,2001,2,1080,0011000144,JSW Vijayanagar Metallics Limited,25319369,5000085765,4600000206,20,14-11-25,101,HRC,COIL,11513:2017,BIS,cr3,72083990,N,7.453,12813658,MATCHED
2000,R_HR_CO,Hot Rolled Black Coil,25K0331R00,26.615,2001,2.8,1160,0011000144,JSW Vijayanagar Metallics Limited,25319848,5000085767,4600000206,80,14-11-25,101,HRC,COIL,11513:2017,BIS,cr2,72083990,N,7.453,57371854,MATCHED
2000,R_HR_CO,Hot Rolled Black Coil,25K0332R00,26.885,2001,2.5,1230,0011000144,JSW Vijayanagar Metallics Limited,25319178,5000085768,4600000206,60,14-11-25,101,HRC,COIL,11513:2017,BIS,cr3,72083990,N,7.453,15811624,MATCHED
2000,R_HR_CO,Hot Rolled Black Coil,25K0333R00,26.05,2001,2.8,1180,0011000144,JSW Vijayanagar Metallics Limited,25319221,5000085769,4600000206,90,14-11-25,101,HRC,COIL,11513:2017,BIS,cr2,72083990,N,7.453,24014479,MATCHED
2000,R_HR_CO,Hot Rolled Black Coil,25K0334R00,24.99,2001,2,1235,0011000144,JSW Vijayanagar Metallics Limited,25319054,5000085770,4600000206,30,14-11-25,101,HRC,COIL,11513:2017,BIS,cr3,72083990,N,7.453,54127522,MATCHED
2000,R_HR_CO,Hot Rolled Black Coil,25K0335R00,27.215,2001,2.8,1250,0011000144,JSW Vijayanagar Metallics Limited,25319431,5000085778,4600000206,110,14-11-25,101,HRC,COIL,11513:2017,BIS,cr2,72083990,N,7.453,79489846,MATCHED
2000,R_HR_CO,Hot Rolled Black Coil,25K0336R00,27.29,2001,2.2,1230,0011000144,JSW Vijayanagar Metallics Limited,25319067,5000085779,4600000206,40,14-11-25,101,HRC,COIL,11513:2017,BIS,cr3,72083990,N,7.453,22367163,MATCHED
2000,R_HR_CO,Hot Rolled Black Coil,25K0337R00,27.19,2001,2.2,1230,0011000144,JSW Vijayanagar Metallics Limited,25319080,5000085785,4600000206,40,14-11-25,101,HRC,COIL,11513:2017,BIS,cr3,72083990,N,7.453,64566558,MATCHED
2000,R_HR_CO,Hot Rolled Black Coil,25K0338R00,27.215,2001,2.5,1230,0011000144,JSW Vijayanagar Metallics Limited,25319029,5000085786,4600000206,60,14-11-25,101,HRC,COIL,11513:2017,BIS,cr3,72083990,N,7.453,37946534,MATCHED
2000,R_HR_CO,Hot Rolled Black Coil,25K0339R00,23.755,2001,2,1080,0011000144,JSW Vijayanagar Metallics Limited,25319359,5000085794,4600000206,20,14-11-25,101,HRC,COIL,11513:2017,BIS,cr3,72083990,N,7.453,19076128,MATCHED
2000,R_HR_CO,Hot Rolled Black Coil,25K0340R00,27.29,2001,2.5,1230,0011000144,JSW Vijayanagar Metallics Limited,25319030,5000085795,4600000206,60,14-11-25,101,HRC,COIL,11513:2017,BIS,cr3,72083990,N,7.453,53269094,MATCHED
2000,R_HR_CO,Hot Rolled Black Coil,25K0341R00,27.255,2001,2,1235,0011000144,JSW Vijayanagar Metallics Limited,25319064,5000085796,4600000206,30,14-11-25,101,HRC,COIL,11513:2017,BIS,cr3,72083990,N,7.453,59795732,MATCHED
2000,R_HR_CO,Hot Rolled Black Coil,25K0342R00,27.09,2001,2,1235,0011000144,JSW Vijayanagar Metallics Limited,25319069,5000085797,4600000206,30,14-11-25,101,HRC,COIL,11513:2017,BIS,cr3,72083990,N,7.453,70720272,MATCHED
2000,R_HR_CO,Hot Rolled Black Coil,25K0343R00,28.13,2001,2.8,1250,0011000144,JSW Vijayanagar Metallics Limited,25319434,5000085798,4600000206,110,14-11-25,101,HRC,COIL,11513:2017,BIS,cr2,72083990,N,7.453,34067440,MATCHED
2000,R_HR_CO,Hot Rolled Black Coil,25K0344R00,26.96,2001,2.5,1230,0011000144,JSW Vijayanagar Metallics Limited,25319026,5000085799,4600000206,60,14-11-25,101,HRC,COIL,11513:2017,BIS,cr3,72083990,N,7.453,51050807,MATCHED
2000,R_HR_CO,Hot Rolled Black Coil,25K0345R00,27.225,2001,2.2,1230,0011000144,JSW Vijayanagar Metallics Limited,25319078,5000085800,4600000206,40,14-11-25,101,HRC,COIL,11513:2017,BIS,cr3,72083990,N,7.453,72301072,MATCHED
2000,R_HR_CO,Hot Rolled Black Coil,25K0346R00,27.27,2001,2.5,1230,0011000144,JSW Vijayanagar Metallics Limited,25319049,5000085801,4600000206,60,14-11-25,101,HRC,COIL,11513:2017,BIS,cr3,72083990,N,7.453,10449340,MATCHED
2000,R_HR_CO,Hot Rolled Black Coil,25K0347R00,27.015,2001,2.2,1230,0011000144,JSW Vijayanagar Metallics Limited,25319079,5000085802,4600000206,40,14-11-25,101,HRC,COIL,11513:2017,BIS,cr3,72083990,N,7.453,21403573,MATCHED
2000,R_HR_CO,Hot Rolled Black Coil,25K0348R00,23.815,2001,2,1080,0011000144,JSW Vijayanagar Metallics Limited,25319358,5000085812,4600000206,20,14-11-25,101,HRC,COIL,11513:2017,BIS,cr3,72083990,N,7.453,10218617,MATCHED
2000,R_HR_CO,Hot Rolled Black Coil,25K0349R00,23.8,2001,2,1080,0011000144,JSW Vijayanagar Metallics Limited,25319367,5000085813,4600000206,20,14-11-25,101,HRC,COIL,11513:2017,BIS,cr3,72083990,N,7.453,41588917,MATCHED
2000,R_HR_CO,Hot Rolled Black Coil,25K0350R00,23.81,2001,2,1080,0011000144,JSW Vijayanagar Metallics Limited,25319368,5000085814,4600000206,20,14-11-25,101,HRC,COIL,11513:2017,BIS,cr3,72083990,N,7.453,50751489,MATCHED
2000,R_HR_CO,Hot Rolled Black Coil,25K0351R00,28.12,2001,2.8,1250,0011000144,JSW Vijayanagar Metallics Limited,25319437,5000085815,4600000206,110,14-11-25,101,HRC,COIL,11513:2017,BIS,cr2,72083990,N,7.453,97759766,MATCHED
2000,R_HR_CO,Hot Rolled Black Coil,25K0352R00,27.29,2001,2.5,1230,0011000144,JSW Vijayanagar Metallics Limited,25319025,5000085816,4600000206,60,14-11-25,101,HRC,COIL,11513:2017,BIS,cr3,72083990,N,7.453,49215727,MATCHED
2000,R_HR_CO,Hot Rolled Black Coil,25K0353R00,27.28,2001,2.5,1230,0011000144,JSW Vijayanagar Metallics Limited,25319033,5000085817,4600000206,60,14-11-25,101,HRC,COIL,11513:2017,BIS,cr3,72083990,N,7.453,91802219,MATCHED
2000,R_HR_CO,Hot Rolled Black Coil,25K0354R00,27.225,2001,2,1235,0011000144,JSW Vijayanagar Metallics Limited,25319068,5000085818,4600000206,30,14-11-25,101,HRC,COIL,11513:2017,BIS,cr3,72083990,N,7.453,88746776,MATCHED
2000,R_HR_CO,Hot Rolled Black Coil,25K0355R00,23.77,2001,2,1080,0011000144,JSW Vijayanagar Metallics Limited,25319366,5000085819,4600000206,20,14-11-25,101,HRC,COIL,11513:2017,BIS,cr3,72083990,N,7.453,68364467,MATCHED
2000,R_HR_CO,Hot Rolled Black Coil,25K0356R00,27.285,2001,2.2,1230,0011000144,JSW Vijayanagar Metallics Limited,25319074,5000085820,4600000206,40,14-11-25,101,HRC,COIL,11513:2017,BIS,cr3,72083990,N,7.453,71731342,MATCHED
2000,R_HR_CO,Hot Rolled Black Coil,25K0357R00,27.25,2001,2,1235,0011000144,JSW Vijayanagar Metallics Limited,25319073,5000085825,4600000206,30,14-11-25,101,HRC,COIL,11513:2017,BIS,cr3,72083990,N,7.453,19832339,MATCHED
2000,R_HR_CO,Hot Rolled Black Coil,25K0358R00,27.285,2001,2.2,1230,0011000144,JSW Vijayanagar Metallics Limited,25319059,5000085826,4600000206,40,14-11-25,101,HRC,COIL,11513:2017,BIS,cr3,72083990,N,7.453,70690317,MATCHED
2000,R_HR_CO,Hot Rolled Black Coil,25K0359R00,24.085,2001,2.2,1235,0011000144,JSW Vijayanagar Metallics Limited,25313933,5000085828,4600000206,50,14-11-25,101,HRC,COIL,11513:2017,BIS,cr3,72083990,N,7.453,80988479,MATCHED
2000,R_HR_CO,Hot Rolled Black Coil,25K0360R00,23.79,2001,2,1080,0011000144,JSW Vijayanagar Metallics Limited,25319360,5000085830,4600000206,20,14-11-25,101,HRC,COIL,11513:2017,BIS,cr3,72083990,N,7.453,30632913,MATCHED
2000,R_HR_CO,Hot Rolled Black Coil,25K0361R00,26.475,2001,2.8,1180,0011000144,JSW Vijayanagar Metallics Limited,25319214,5000085831,4600000206,90,14-11-25,101,HRC,COIL,11513:2017,BIS,cr2,72083990,N,7.453,39820069,MATCHED
2000,R_HR_CO,Hot Rolled Black Coil,25K0362R00,23.725,2001,2,1080,0011000144,JSW Vijayanagar Metallics Limited,25319362,5000085832,4600000206,20,14-11-25,101,HRC,COIL,11513:2017,BIS,cr3,72083990,N,7.453,30266492,MATCHED
2000,R_HR_CO,Hot Rolled Black Coil,25K0363R00,24.705,2001,2.8,1180,0011000144,JSW Vijayanagar Metallics Limited,25319223,5000085833,4600000206,90,14-11-25,101,HRC,COIL,11513:2017,BIS,cr2,72083990,N,7.453,23056070,MATCHED
2000,R_HR_CO,Hot Rolled Black Coil,25K0364R00,26.845,2001,2.5,1235,0011000144,JSW Vijayanagar Metallics Limited,25310883,5000085835,4600000206,70,14-11-25,101,HRC,COIL,11513:2017,BIS,cr3,72083990,N,7.453,10727971,MATCHED
2000,R_HR_CO,Hot Rolled Black Coil,25K0365R00,27.245,2001,2.2,1230,0011000144,JSW Vijayanagar Metallics Limited,25319083,5000085834,4600000206,40,14-11-25,101,HRC,COIL,11513:2017,BIS,cr3,72083990,N,7.453,99230068,MATCHED
2000,R_HR_CO,Hot Rolled Black Coil,25K0366R00,27.22,2001,2,1235,0011000144,JSW Vijayanagar Metallics Limited,25319086,5000085836,4600000206,30,14-11-25,101,HRC,COIL,11513:2017,BIS,cr3,72083990,N,7.453,13214755,MATCHED
2000,R_HR_CO,Hot Rolled Black Coil,25K0367R00,20.7,2001,2,1020,0011000144,JSW Vijayanagar Metallics Limited,25314801,5000085837,4600000206,10,14-11-25,101,HRC,COIL,11513:2017,BIS,cr3,72083990,N,7.453,57494965,MATCHED
2000,R_HR_CO,Hot Rolled Black Coil,25K0368R00,27.25,2001,2.5,1230,0011000144,JSW Vijayanagar Metallics Limited,25319032,5000085838,4600000206,60,14-11-25,101,HRC,COIL,11513:2017,BIS,cr3,72083990,N,7.453,98070821,MATCHED
2000,R_HR_CO,Hot Rolled Black Coil,25K0369R00,27.205,2001,2.8,1220,0011000144,JSW Vijayanagar Metallics Limited,25319959,5000085839,4600000206,100,14-11-25,101,HRC,COIL,11513:2017,BIS,cr2,72083990,N,7.453,15526893,MATCHED
2000,R_HR_CO,Hot Rolled Black Coil,25K0370R00,25.025,2001,2,1235,0011000144,JSW Vijayanagar Metallics Limited,25319055,5000085841,4600000206,30,14-11-25,101,HRC,COIL,11513:2017,BIS,cr3,72083990,N,7.453,40124500,MATCHED
2000,R_HR_CO,Hot Rolled Black Coil,25K0371R00,26.73,2001,2.8,1180,0011000144,JSW Vijayanagar Metallics Limited,25319218,5000085842,4600000206,90,14-11-25,101,HRC,COIL,11513:2017,BIS,cr2,72083990,N,7.453,27123840,MATCHED
2000,R_HR_CO,Hot Rolled Black Coil,25K0372R00,27.195,2001,2.5,1230,0011000144,JSW Vijayanagar Metallics Limited,25319028,5000085843,4600000206,60,14-11-25,101,HRC,COIL,11513:2017,BIS,cr3,72083990,N,7.453,44393344,MATCHED
2000,R_HR_CO,Hot Rolled Black Coil,25K0373R00,27.255,2001,2,1235,0011000144,JSW Vijayanagar Metallics Limited,25319085,5000085844,4600000206,30,14-11-25,101,HRC,COIL,11513:2017,BIS,cr3,72083990,N,7.453,19110492,MATCHED
2000,R_HR_CO,Hot Rolled Black Coil,25K0374R00,26.92,2001,2,1235,0011000144,JSW Vijayanagar Metallics Limited,25319072,5000085846,4600000206,30,14-11-25,101,HRC,COIL,11513:2017,BIS,cr3,72083990,N,7.453,28033118,MATCHED
2000,R_HR_CO,Hot Rolled Black Coil,25K0375R00,27.34,2001,2.8,1220,0011000144,JSW Vijayanagar Metallics Limited,25319803,5000085847,4600000206,100,14-11-25,101,HRC,COIL,11513:2017,BIS,cr2,72083990,N,7.453,95874144,MATCHED
2000,R_HR_CO,Hot Rolled Black Coil,25K0376R00,27.205,2001,2,1235,0011000144,JSW Vijayanagar Metallics Limited,25319070,5000085848,4600000206,30,14-11-25,101,HRC,COIL,11513:2017,BIS,cr3,72083990,N,7.453,23331170,MATCHED
2000,R_HR_CO,Hot Rolled Black Coil,25K0377R00,27.14,2001,2,1235,0011000144,JSW Vijayanagar Metallics Limited,25319052,5000085850,4600000206,30,14-11-25,101,HRC,COIL,11513:2017,BIS,cr3,72083990,N,7.453,44924110,MATCHED
2000,R_HR_CO,Hot Rolled Black Coil,25K0378R00,27.235,2001,2.8,1220,0011000144,JSW Vijayanagar Metallics Limited,25319958,5000085855,4600000206,100,14-11-25,101,HRC,COIL,11513:2017,BIS,cr2,72083990,N,7.453,58513505,MATCHED
2000,R_HR_CO,Hot Rolled Black Coil,25K0379R00,27.25,2001,2,1235,0011000144,JSW Vijayanagar Metallics Limited,25319061,5000085863,4600000206,30,14-11-25,101,HRC,COIL,11513:2017,BIS,cr3,72083990,N,7.453,34630456,MATCHED
2000,R_HR_CO,Hot Rolled Black Coil,25K0380R00,27.36,2001,2.8,1250,0011000144,JSW Vijayanagar Metallics Limited,25319801,5000085864,4600000206,110,14-11-25,101,HRC,COIL,11513:2017,BIS,cr2,72083990,N,7.453,72228763,MATCHED
2000,R_HR_CO,Hot Rolled Black Coil,25K0381R00,27.275,2001,2.2,1230,0011000144,JSW Vijayanagar Metallics Limited,25319077,5000085865,4600000206,40,14-11-25,101,HRC,COIL,11513:2017,BIS,cr3,72083990,N,7.453,59436886,MATCHED
2000,R_HR_CO,Hot Rolled Black Coil,25K0382R00,27.15,2001,2.5,1230,0011000144,JSW Vijayanagar Metallics Limited,25319034,5000085866,4600000206,60,14-11-25,101,HRC,COIL,11513:2017,BIS,cr3,72083990,N,7.453,85733543,MATCHED
2000,R_HR_CO,Hot Rolled Black Coil,25K0383R00,26.965,2001,2.2,1230,0011000144,JSW Vijayanagar Metallics Limited,25319058,5000085867,4600000206,40,14-11-25,101,HRC,COIL,11513:2017,BIS,cr3,72083990,N,7.453,36437085,MATCHED
2000,R_HR_CO,Hot Rolled Black Coil,25K0384R00,27.135,2001,2.8,1180,0011000144,JSW Vijayanagar Metallics Limited,25319216,5000085868,4600000206,90,14-11-25,101,HRC,COIL,11513:2017,BIS,cr2,72083990,N,7.453,17777599,MATCHED
2000,R_HR_CO,Hot Rolled Black Coil,25K0385R00,23.735,2001,2,1080,0011000144,JSW Vijayanagar Metallics Limited,25319365,5000085872,4600000206,20,14-11-25,101,HRC,COIL,11513:2017,BIS,cr3,72083990,N,7.453,79306438,MATCHED
2000,R_HR_CO,Hot Rolled Black Coil,25K0386R00,27.29,2001,2.5,1230,0011000144,JSW Vijayanagar Metallics Limited,25319569,5000085873,4600000206,60,14-11-25,101,HRC,COIL,11513:2017,BIS,cr3,72083990,N,7.453,90582435,MATCHED
2000,R_HR_CO,Hot Rolled Black Coil,25K0387R00,26.15,2001,2.8,1180,0011000144,JSW Vijayanagar Metallics Limited,25319215,5000085876,4600000206,90,14-11-25,101,HRC,COIL,11513:2017,BIS,cr2,72083990,N,7.453,79988323,MATCHED
2000,R_HR_CO,Hot Rolled Black Coil,25K0388R00,27.34,2001,2.5,1230,0011000144,JSW Vijayanagar Metallics Limited,25319568,5000085878,4600000206,60,14-11-25,101,HRC,COIL,11513:2017,BIS,cr3,72083990,N,7.453,60958093,MATCHED
2000,R_HR_CO,Hot Rolled Black Coil,25K0389R00,27.25,2001,2.5,1230,0011000144,JSW Vijayanagar Metallics Limited,25319048,5000085879,4600000206,60,14-11-25,101,HRC,COIL,11513:2017,BIS,cr3,72083990,N,7.453,81013871,MATCHED
2000,R_HR_CO,Hot Rolled Black Coil,25K0390R00,27.225,2001,2.8,1220,0011000144,JSW Vijayanagar Metallics Limited,25319957,5000085881,4600000206,100,14-11-25,101,HRC,COIL,11513:2017,BIS,cr2,72083990,N,7.453,32558437,MATCHED
2000,R_HR_CO,Hot Rolled Black Coil,25K0391R00,27.335,2001,2.8,1220,0011000144,JSW Vijayanagar Metallics Limited,25319802,5000085883,4600000206,100,14-11-25,101,HRC,COIL,11513:2017,BIS,cr2,72083990,N,7.453,21425227,MATCHED
2000,R_HR_CO,Hot Rolled Black Coil,25K0392R00,27.33,2001,2.2,1230,0011000144,JSW Vijayanagar Metallics Limited,25319585,5000085886,4600000206,40,14-11-25,101,HRC,COIL,11513:2017,BIS,cr3,72083990,N,7.453,59537876,MATCHED
2000,R_HR_CO,Hot Rolled Black Coil,25K0393R00,27.335,2001,2.5,1230,0011000144,JSW Vijayanagar Metallics Limited,25319587,5000085888,4600000206,60,14-11-25,101,HRC,COIL,11513:2017,BIS,cr3,72083990,N,7.453,92263977,MATCHED
2000,R_HR_CO,Hot Rolled Black Coil,25K0394R00,23.69,2001,2,1080,0011000144,JSW Vijayanagar Metallics Limited,25319364,5000085890,4600000206,20,14-11-25,101,HRC,COIL,11513:2017,BIS,cr3,72083990,N,7.453,36662780,MATCHED
2000,R_HR_CO,Hot Rolled Black Coil,25K0395R00,23.815,2001,2,1080,0011000144,JSW Vijayanagar Metallics Limited,25319859,5000085889,4600000206,20,14-11-25,101,HRC,COIL,11513:2017,BIS,cr3,72083990,N,7.453,88907476,MATCHED
2000,R_HR_CO,Hot Rolled Black Coil,25K0396R00,24.795,2001,2.8,1160,0011000144,JSW Vijayanagar Metallics Limited,25319849,5000085891,4600000206,80,14-11-25,101,HRC,COIL,11513:2017,BIS,cr2,72083990,N,7.453,92501564,MATCHED
2000,R_HR_CO,Hot Rolled Black Coil,25K0397R00,27.235,2001,2.2,1230,0011000144,JSW Vijayanagar Metallics Limited,25319082,5000085892,4600000206,40,14-11-25,101,HRC,COIL,11513:2017,BIS,cr3,72083990,N,7.453,53624287,MATCHED
2000,R_HR_CO,Hot Rolled Black Coil,25K0398R00,20.58,2001,2,1020,0011000144,JSW Vijayanagar Metallics Limited,25315010,5000085893,4600000206,10,14-11-25,101,HRC,COIL,11513:2017,BIS,cr3,72083990,N,7.453,83302701,MATCHED
2000,R_HR_CO,Hot Rolled Black Coil,25K0399R00,27.295,2001,2.5,1230,0011000144,JSW Vijayanagar Metallics Limited,25319031,5000085894,4600000206,60,14-11-25,101,HRC,COIL,11513:2017,BIS,cr3,72083990,N,7.453,57204185,MATCHED
2000,R_HR_CO,Hot Rolled Black Coil,25K0400R00,27.275,2001,2.2,1230,0011000144,JSW Vijayanagar Metallics Limited,25319088,5000085895,4600000206,40,14-11-25,101,HRC,COIL,11513:2017,BIS,cr3,72083990,N,7.453,90296543,MATCHED
2000,R_HR_CO,Hot Rolled Black Coil,25K0401R00,23.675,2001,2,1080,0011000144,JSW Vijayanagar Metallics Limited,25319858,5000085898,4600000206,20,14-11-25,101,HRC,COIL,11513:2017,BIS,cr3,72083990,N,7.453,98071728,MATCHED
2000,R_HR_CO,Hot Rolled Black Coil,25K0402R00,27.26,2001,2,1235,0011000144,JSW Vijayanagar Metallics Limited,25319063,5000085918,4600000206,30,14-11-25,101,HRC,COIL,11513:2017,BIS,cr3,72083990,N,7.453,64966161,MATCHED
2000,R_HR_CO,Hot Rolled Black Coil,25K0403R00,27.24,2001,2,1235,0011000144,JSW Vijayanagar Metallics Limited,25319057,5000085919,4600000206,30,14-11-25,101,HRC,COIL,11513:2017,BIS,cr3,72083990,N,7.453,72715917,MATCHED
2000,R_HR_CO,Hot Rolled Black Coil,25K0404R00,27.3,2001,2.8,1250,0011000144,JSW Vijayanagar Metallics Limited,25319435,5000085920,4600000206,110,14-11-25,101,HRC,COIL,11513:2017,BIS,cr2,72083990,N,7.453,57081163,MATCHED
2000,R_HR_CO,Hot Rolled Black Coil,25K0405R00,27.27,2001,2.8,1250,0011000144,JSW Vijayanagar Metallics Limited,25319433,5000085925,4600000206,110,14-11-25,101,HRC,COIL,11513:2017,BIS,cr2,72083990,N,7.453,87872199,MATCHED
2000,R_HR_CO,Hot Rolled Black Coil,25K0406R00,27.085,2001,2,1235,0011000144,JSW Vijayanagar Metallics Limited,25319087,5000085926,4600000206,30,14-11-25,101,HRC,COIL,11513:2017,BIS,cr3,72083990,N,7.453,29369391,MATCHED
2000,R_HR_CO,Hot Rolled Black Coil,25K0407R00,27.2,2001,2.2,1230,0011000144,JSW Vijayanagar Metallics Limited,25319081,5000085927,4600000206,40,14-11-25,101,HRC,COIL,11513:2017,BIS,cr3,72083990,N,7.453,58680676,MATCHED
2000,R_HR_CO,Hot Rolled Black Coil,25K0408R00,27.24,2001,2.2,1230,0011000144,JSW Vijayanagar Metallics Limited,25319076,5000085929,4600000206,40,14-11-25,101,HRC,COIL,11513:2017,BIS,cr3,72083990,N,7.453,32249741,MATCHED
2000,R_HR_CO,Hot Rolled Black Coil,25K0409R00,27.2,2001,2.2,1230,0011000144,JSW Vijayanagar Metallics Limited,25319066,5000085930,4600000206,40,14-11-25,101,HRC,COIL,11513:2017,BIS,cr3,72083990,N,7.453,87269628,MATCHED
2000,R_HR_CO,Hot Rolled Black Coil,25K0410R00,27.28,2001,2,1235,0011000144,JSW Vijayanagar Metallics Limited,25319071,5000085931,4600000206,30,14-11-25,101,HRC,COIL,11513:2017,BIS,cr3,72083990,N,7.453,91345323,MATCHED
2000,R_HR_CO,Hot Rolled Black Coil,25K0411R00,27.255,2001,2.5,1230,0011000144,JSW Vijayanagar Metallics Limited,25319176,5000085932,4600000206,60,14-11-25,101,HRC,COIL,11513:2017,BIS,cr3,72083990,N,7.453,79725749,MATCHED
2000,R_HR_CO,Hot Rolled Black Coil,25K0412R00,27.18,2001,2.2,1230,0011000144,JSW Vijayanagar Metallics Limited,25319075,5000085933,4600000206,40,14-11-25,101,HRC,COIL,11513:2017,BIS,cr3,72083990,N,7.453,79129240,MATCHED
2000,R_HR_CO,Hot Rolled Black Coil,25K0413R00,27.175,2001,2.8,1250,0011000144,JSW Vijayanagar Metallics Limited,25319436,5000085935,4600000206,110,14-11-25,101,HRC,COIL,11513:2017,BIS,cr2,72083990,N,7.453,73906576,MATCHED
2000,R_HR_CO,Hot Rolled Black Coil,25K0414R00,25.055,2001,2.8,1250,0011000144,JSW Vijayanagar Metallics Limited,25319800,5000085937,4600000206,110,14-11-25,101,HRC,COIL,11513:2017,BIS,cr2,72083990,N,7.453,41743131,MATCHED
2000,R_HR_CO,Hot Rolled Black Coil,25K0415R00,19.52,2001,2,1020,0011000144,JSW Vijayanagar Metallics Limited,25313243,5000085940,4600000206,10,14-11-25,101,HRC,COIL,11513:2017,BIS,cr3,72083990,N,7.453,83533985,MATCHED
2000,R_HR_CO,Hot Rolled Black Coil,25K0416R00,19.74,2001,2,1020,0011000144,JSW Vijayanagar Metallics Limited,25316974,5000085941,4600000206,10,14-11-25,101,HRC,COIL,11513:2017,BIS,cr3,72083990,N,7.453,98754089,MATCHED
2000,R_HR_CO,Hot Rolled Black Coil,25K0417R00,25.435,2001,2.2,1230,0011000144,JSW Vijayanagar Metallics Limited,25319582,5000085943,4600000206,40,14-11-25,101,HRC,COIL,11513:2017,BIS,cr3,72083990,N,7.453,75309550,MATCHED
2000,R_HR_CO,Hot Rolled Black Coil,25K0418R00,27.325,2001,2.2,1230,0011000144,JSW Vijayanagar Metallics Limited,25319583,5000085944,4600000206,40,14-11-25,101,HRC,COIL,11513:2017,BIS,cr3,72083990,N,7.453,46762893,MATCHED
2000,R_HR_CO,Hot Rolled Black Coil,25K0419R00,27.225,2001,2.5,1230,0011000144,JSW Vijayanagar Metallics Limited,25319027,5000085945,4600000206,60,14-11-25,101,HRC,COIL,11513:2017,BIS,cr3,72083990,N,7.453,38122575,MATCHED
2000,R_HR_CO,Hot Rolled Black Coil,25K0420R00,27.24,2001,2.5,1230,0011000144,JSW Vijayanagar Metallics Limited,25319175,5000085946,4600000206,60,14-11-25,101,HRC,COIL,11513:2017,BIS,cr3,72083990,N,7.453,10252975,MATCHED
2000,R_HR_CO,Hot Rolled Black Coil,25K0421R00,26.695,2001,2.8,1180,0011000144,JSW Vijayanagar Metallics Limited,25319217,5000085947,4600000206,90,14-11-25,101,HRC,COIL,11513:2017,BIS,cr2,72083990,N,7.453,71656187,MATCHED
2000,R_HR_CO,Hot Rolled Black Coil,25K0422R00,27.24,2001,2.5,1230,0011000144,JSW Vijayanagar Metallics Limited,25319050,5000085948,4600000206,60,14-11-25,101,HRC,COIL,11513:2017,BIS,cr3,72083990,N,7.453,30155523,MATCHED
2000,R_HR_CO,Hot Rolled Black Coil,25K0423R00,26.665,2001,2.8,1180,0011000144,JSW Vijayanagar Metallics Limited,25319847,5000085981,4600000206,90,14-11-25,101,HRC,COIL,11513:2017,BIS,cr2,72083990,N,7.453,64550527,MATCHED
2000,R_HR_CO,Hot Rolled Black Coil,25K0424R00,24.74,2001,2.2,1260,0011000082,TATA STEEL LTD,257568094,5000086215,4600000207,40,15-11-25,101,HRC,COIL,11513:2017,BIS,cr3,72083990,N,7.453,28837413,MATCHED
2000,R_HR_CO,Hot Rolled Black Coil,25K0446R00,28.74,2001,2,1235,0011000082,TATA STEEL LTD,257621078,5000086341,4600000207,10,15-11-25,101,HRC,COIL,11513:2017,BIS,cr3,72083990,N,7.453,17613536,MATCHED
2000,R_HR_CO,Hot Rolled Black Coil,25K0447R00,28.67,2001,2.5,1230,0011000082,TATA STEEL LTD,257618016,5000086343,4600000207,30,15-11-25,101,HRC,COIL,11513:2017,BIS,cr3,72083990,N,7.453,10655094,MATCHED
2000,R_HR_CO,Hot Rolled Black Coil,25K0448R00,28.64,2001,2.2,1230,0011000082,TATA STEEL LTD,257621079,5000086345,4600000207,20,15-11-25,101,HRC,COIL,11513:2017,BIS,cr3,72083990,N,7.453,42034322,MATCHED
2000,R_HR_CO,Hot Rolled Black Coil,25K0449R00,28.69,2001,2,1235,0011000082,TATA STEEL LTD,257621077,5000086363,4600000207,10,15-11-25,101,HRC,COIL,11513:2017,BIS,cr3,72083990,N,7.453,56403069,MATCHED
2000,R_HR_CO,Hot Rolled Black Coil,25K0450R00,27.3,2001,2.5,1230,0011000082,TATA STEEL LTD,257612022,5000086365,4600000207,30,15-11-25,101,HRC,COIL,11513:2017,BIS,cr3,72083990,N,7.453,84967548,MATCHED
2000,R_HR_CO,Hot Rolled Black Coil,25K0453R00,27.46,2001,2.5,1230,0011000082,TATA STEEL LTD,257606032,5000086375,4600000207,30,15-11-25,101,HRC,COIL,11513:2017,BIS,cr3,72083990,N,7.453,39598721,MATCHED
2000,R_HR_CO,Hot Rolled Black Coil,25K0454R00,27.52,2001,2.5,1230,0011000082,TATA STEEL LTD,257606033,5000086377,4600000207,30,15-11-25,101,HRC,COIL,11513:2017,BIS,cr3,72083990,N,7.453,46624299,MATCHED
2000,R_HR_CO,Hot Rolled Black Coil,25K0455R00,27.5,2001,2.5,1230,0011000082,TATA STEEL LTD,257606029,5000086378,4600000207,30,15-11-25,101,HRC,COIL,11513:2017,BIS,cr3,72083990,N,7.453,93859933,MATCHED
2000,R_HR_CO,Hot Rolled Black Coil,25K0456R00,27.54,2001,2.5,1230,0011000082,TATA STEEL LTD,257606030,5000086379,4600000207,30,15-11-25,101,HRC,COIL,11513:2017,BIS,cr3,72083990,N,7.453,30325021,MATCHED
2000,R_HR_CO,Hot Rolled Black Coil,25K0457R00,27.54,2001,2.5,1230,0011000082,TATA STEEL LTD,257606035,5000086381,4600000207,30,15-11-25,101,HRC,COIL,11513:2017,BIS,cr3,72083990,N,7.453,82717584,MATCHED
2000,R_HR_CO,Hot Rolled Black Coil,25K0458R00,27.42,2001,2.8,1250,0011000082,TATA STEEL LTD,257605013,5000086391,4600000207,90,15-11-25,101,HRC,COIL,11513:2017,BIS,cr3,72083990,N,7.453,67490828,MATCHED
2000,R_HR_CO,Hot Rolled Black Coil,25K0459R00,28.64,2001,2,1235,0011000082,TATA STEEL LTD,257616090,5000086396,4600000207,10,15-11-25,101,HRC,COIL,11513:2017,BIS,cr3,72083990,N,7.453,94950084,MATCHED
2000,R_HR_CO,Hot Rolled Black Coil,25K0460R00,28.65,2001,2.2,1230,0011000082,TATA STEEL LTD,257606041,5000086397,4600000207,20,15-11-25,101,HRC,COIL,11513:2017,BIS,cr3,72083990,N,7.453,97278799,MATCHED
2000,R_HR_CO,Hot Rolled Black Coil,25K0461R00,28.66,2001,2.8,1250,0011000082,TATA STEEL LTD,257620013,5000086398,4600000207,90,15-11-25,101,HRC,COIL,11513:2017,BIS,cr3,72083990,N,7.453,19460997,MATCHED
2000,R_HR_CO,Hot Rolled Black Coil,25K0462R00,27.6,2001,2.2,1230,0011000082,TATA STEEL LTD,257606036,5000086403,4600000207,20,15-11-25,101,HRC,COIL,11513:2017,BIS,cr3,72083990,N,7.453,18570529,MATCHED
2000,R_HR_CO,Hot Rolled Black Coil,25K0463R00,27.53,2001,2.2,1230,0011000082,TATA STEEL LTD,257606049,5000086407,4600000207,20,15-11-25,101,HRC,COIL,11513:2017,BIS,cr3,72083990,N,7.453,80047789,MATCHED
2000,R_HR_CO,Hot Rolled Black Coil,25K0464R00,27.53,2001,2.8,1250,0011000082,TATA STEEL LTD,257605011,5000086409,4600000207,90,15-11-25,101,HRC,COIL,11513:2017,BIS,cr3,72083990,N,7.453,26221245,MATCHED
2000,R_HR_CO,Hot Rolled Black Coil,25K0465R00,27.61,2001,2.5,1230,0011000082,TATA STEEL LTD,257605034,5000086410,4600000207,30,15-11-25,101,HRC,COIL,11513:2017,BIS,cr3,72083990,N,7.453,58665480,MATCHED
2000,R_HR_CO,Hot Rolled Black Coil,25K0466R00,27.63,2001,2.8,1250,0011000082,TATA STEEL LTD,257605012,5000086411,4600000207,90,15-11-25,101,HRC,COIL,11513:2017,BIS,cr3,72083990,N,7.453,43330731,MATCHED
2000,R_HR_CO,Hot Rolled Black Coil,25K0467R00,28.69,2001,2.5,1230,0011000082,TATA STEEL LTD,257607037,5000086412,4600000207,30,15-11-25,101,HRC,COIL,11513:2017,BIS,cr3,72083990,N,7.453,39721856,MATCHED
2000,R_HR_CO,Hot Rolled Black Coil,25K0468R00,27.38,2001,2.5,1230,0011000082,TATA STEEL LTD,257613065,5000086441,4600000207,30,15-11-25,101,HRC,COIL,11513:2017,BIS,cr3,72083990,N,7.453,85128957,MATCHED
2000,R_HR_CO,Hot Rolled Black Coil,25K0469R00,27.55,2001,2.2,1230,0011000082,TATA STEEL LTD,257605047,5000086443,4600000207,20,15-11-25,101,HRC,COIL,11513:2017,BIS,cr3,72083990,N,7.453,48387970,MATCHED
2000,R_HR_CO,Hot Rolled Black Coil,25K0470R00,27.45,2001,2.2,1230,0011000082,TATA STEEL LTD,257605046,5000086444,4600000207,20,15-11-25,101,HRC,COIL,11513:2017,BIS,cr3,72083990,N,7.453,69946460,MATCHED
2000,R_HR_CO,Hot Rolled Black Coil,25K0471R00,27.4,2001,2.5,1230,0011000082,TATA STEEL LTD,257613064,5000086446,4600000207,30,15-11-25,101,HRC,COIL,11513:2017,BIS,cr3,72083990,N,7.453,16403114,MATCHED
2000,R_HR_CO,Hot Rolled Black Coil,25K0472R00,27.39,2001,2.5,1230,0011000082,TATA STEEL LTD,257614088,5000086448,4600000207,30,15-11-25,101,HRC,COIL,11513:2017,BIS,cr3,72083990,N,7.453,38957488,MATCHED
2000,R_HR_CO,Hot Rolled Black Coil,25K0473R00,28.73,2001,2.2,1230,0011000082,TATA STEEL LTD,257618042,5000086452,4600000207,20,15-11-25,101,HRC,COIL,11513:2017,BIS,cr3,72083990,N,7.453,86574340,MATCHED
2000,R_HR_CO,Hot Rolled Black Coil,25K0474R00,27.33,2001,2.5,1230,0011000082,TATA STEEL LTD,257614090,5000086454,4600000207,30,15-11-25,101,HRC,COIL,11513:2017,BIS,cr3,72083990,N,7.453,45685717,MATCHED
2000,R_HR_CO,Hot Rolled Black Coil,25K0475R00,28.65,2001,2.2,1230,0011000082,TATA STEEL LTD,257616088,5000086455,4600000207,20,15-11-25,101,HRC,COIL,11513:2017,BIS,cr3,72083990,N,7.453,55408421,MATCHED
2000,R_HR_CO,Hot Rolled Black Coil,25K0476R00,27.52,2001,2.5,1230,0011000082,TATA STEEL LTD,257616076,5000086457,4600000207,30,15-11-25,101,HRC,COIL,11513:2017,BIS,cr3,72083990,N,7.453,91964309,MATCHED
2000,R_HR_CO,Hot Rolled Black Coil,25K0477R00,27.66,2001,2.5,1230,0011000082,TATA STEEL LTD,257605036,5000086467,4600000207,30,15-11-25,101,HRC,COIL,11513:2017,BIS,cr3,72083990,N,7.453,65013326,MATCHED
2000,R_HR_CO,Hot Rolled Black Coil,25K0478R00,28.73,2001,2.5,1230,0011000082,TATA STEEL LTD,257607022,5000086469,4600000207,30,15-11-25,101,HRC,COIL,11513:2017,BIS,cr3,72083990,N,7.453,50124085,MATCHED
2000,R_HR_CO,Hot Rolled Black Coil,25K0479R00,27.48,2001,2.5,1230,0011000082,TATA STEEL LTD,257614026,5000086471,4600000207,30,15-11-25,101,HRC,COIL,11513:2017,BIS,cr3,72083990,N,7.453,98252306,MATCHED
2000,R_HR_CO,Hot Rolled Black Coil,25K0480R00,28.64,2001,2.8,1250,0011000082,TATA STEEL LTD,257620012,5000086472,4600000207,90,15-11-25,101,HRC,COIL,11513:2017,BIS,cr3,72083990,N,7.453,46431328,MATCHED
2000,R_HR_CO,Hot Rolled Black Coil,25K0481R00,27.59,2001,2.2,1230,0011000082,TATA STEEL LTD,257605050,5000086473,4600000207,20,15-11-25,101,HRC,COIL,11513:2017,BIS,cr3,72083990,N,7.453,68545895,MATCHED
2000,R_HR_CO,Hot Rolled Black Coil,25K0482R00,28.66,2001,2,1235,0011000082,TATA STEEL LTD,257616089,5000086477,4600000207,10,15-11-25,101,HRC,COIL,11513:2017,BIS,cr3,72083990,N,7.453,92393689,MATCHED
2000,R_HR_CO,Hot Rolled Black Coil,25K0483R00,27.62,2001,2.5,1230,0011000082,TATA STEEL LTD,257606046,5000086480,4600000207,30,15-11-25,101,HRC,COIL,11513:2017,BIS,cr3,72083990,N,7.453,89698332,MATCHED
2000,R_HR_CO,Hot Rolled Black Coil,25K0484R00,28.67,2001,2.5,1230,0011000082,TATA STEEL LTD,257607031,5000086483,4600000207,30,15-11-25,101,HRC,COIL,11513:2017,BIS,cr3,72083990,N,7.453,74082481,MATCHED
2000,R_HR_CO,Hot Rolled Black Coil,25K0485R00,27.39,2001,2.5,1230,0011000082,TATA STEEL LTD,257614087,5000086484,4600000207,30,15-11-25,101,HRC,COIL,11513:2017,BIS,cr3,72083990,N,7.453,60299838,MATCHED
2000,R_HR_CO,Hot Rolled Black Coil,25K0486R00,28.62,2001,2,1235,0011000082,TATA STEEL LTD,257616081,5000086485,4600000207,10,15-11-25,101,HRC,COIL,11513:2017,BIS,cr3,72083990,N,7.453,64848378,MATCHED
2000,R_HR_CO,Hot Rolled Black Coil,25K0487R00,27.59,2001,2.5,1230,0011000082,TATA STEEL LTD,257606040,5000086493,4600000207,30,15-11-25,101,HRC,COIL,11513:2017,BIS,cr3,72083990,N,7.453,42669588,MATCHED
2000,R_HR_CO,Hot Rolled Black Coil,25K0488R00,28.6,2001,2,1235,0011000082,TATA STEEL LTD,257616084,5000086494,4600000207,10,15-11-25,101,HRC,COIL,11513:2017,BIS,cr3,72083990,N,7.453,23298147,MATCHED
2000,R_HR_CO,Hot Rolled Black Coil,25K0489R00,28.69,2001,2,1235,0011000082,TATA STEEL LTD,257616087,5000086495,4600000207,10,15-11-25,101,HRC,COIL,11513:2017,BIS,cr3,72083990,N,7.453,81792822,MATCHED
2000,R_HR_CO,Hot Rolled Black Coil,25K0490R00,27.38,2001,2.5,1230,0011000082,TATA STEEL LTD,257614038,5000086497,4600000207,30,15-11-25,101,HRC,COIL,11513:2017,BIS,cr3,72083990,N,7.453,71434879,MATCHED
2000,R_HR_CO,Hot Rolled Black Coil,25K0491R00,27.63,2001,2.5,1230,0011000082,TATA STEEL LTD,257606074,5000086498,4600000207,30,15-11-25,101,HRC,COIL,11513:2017,BIS,cr3,72083990,N,7.453,26161818,MATCHED
2000,R_HR_CO,Hot Rolled Black Coil,25K0492R00,28.62,2001,2.5,1230,0011000082,TATA STEEL LTD,257616079,5000086503,4600000207,30,15-11-25,101,HRC,COIL,11513:2017,BIS,cr3,72083990,N,7.453,17206362,MATCHED
2000,R_HR_CO,Hot Rolled Black Coil,25K0493R00,27.55,2001,2.2,1230,0011000082,TATA STEEL LTD,257606062,5000086504,4600000207,20,15-11-25,101,HRC,COIL,11513:2017,BIS,cr3,72083990,N,7.453,60779677,MATCHED
2000,R_HR_CO,Hot Rolled Black Coil,25K0494R00,27.45,2001,2.5,1230,0011000082,TATA STEEL LTD,257606073,5000086505,4600000207,30,15-11-25,101,HRC,COIL,11513:2017,BIS,cr3,72083990,N,7.453,74629194,MATCHED
2000,R_HR_CO,Hot Rolled Black Coil,25K0495R00,27.63,2001,2.5,1230,0011000082,TATA STEEL LTD,257605037,5000086513,4600000207,30,15-11-25,101,HRC,COIL,11513:2017,BIS,cr3,72083990,N,7.453,17193198,MATCHED
2000,R_HR_CO,Hot Rolled Black Coil,25K0496R00,27.57,2001,2.5,1230,0011000082,TATA STEEL LTD,257605042,5000086514,4600000207,30,15-11-25,101,HRC,COIL,11513:2017,BIS,cr3,72083990,N,7.453,71322853,MATCHED
2000,R_HR_CO,Hot Rolled Black Coil,25K0497R00,27.63,2001,2.2,1230,0011000082,TATA STEEL LTD,257606054,5000086516,4600000207,20,15-11-25,101,HRC,COIL,11513:2017,BIS,cr3,72083990,N,7.453,84296017,MATCHED
2000,R_HR_CO,Hot Rolled Black Coil,25K0499R00,27.5,2001,2.5,1230,0011000082,TATA STEEL LTD,257606051,5000086521,4600000207,30,15-11-25,101,HRC,COIL,11513:2017,BIS,cr3,72083990,N,7.453,32111890,MATCHED
2000,R_HR_CO,Hot Rolled Black Coil,25K0500R00,27.48,2001,2.2,1230,0011000082,TATA STEEL LTD,257606038,5000086524,4600000207,20,15-11-25,101,HRC,COIL,11513:2017,BIS,cr3,72083990,N,7.453,85820534,MATCHED
2000,R_HR_CO,Hot Rolled Black Coil,25K0501R00,27.51,2001,2.2,1230,0011000082,TATA STEEL LTD,257605048,5000086525,4600000207,20,15-11-25,101,HRC,COIL,11513:2017,BIS,cr3,72083990,N,7.453,69606384,MATCHED
2000,R_HR_CO,Hot Rolled Black Coil,25K0502R00,27.6,2001,2.2,1230,0011000082,TATA STEEL LTD,257606057,5000086527,4600000207,20,15-11-25,101,HRC,COIL,11513:2017,BIS,cr3,72083990,N,7.453,71859617,MATCHED
2000,R_HR_CO,Hot Rolled Black Coil,25K0503R00,27.58,2001,2.8,1250,0011000082,TATA STEEL LTD,257605010,5000086529,4600000207,90,15-11-25,101,HRC,COIL,11513:2017,BIS,cr3,72083990,N,7.453,26084931,MATCHED
2000,R_HR_CO,Hot Rolled Black Coil,25K0504R00,28.52,2001,2,1235,0011000082,TATA STEEL LTD,257616083,5000086530,4600000207,10,15-11-25,101,HRC,COIL,11513:2017,BIS,cr3,72083990,N,7.453,77176104,MATCHED
2000,R_HR_CO,Hot Rolled Black Coil,25K0505R00,21.635,2001,2.8,1160,0011000144,JSW Vijayanagar Metallics Limited,25320872,5000086585,4600000208,250,27-11-25,101,HRC,COIL,11513:2017,BIS,cr2,72083990,N,7.453,41949530,MATCHED
2000,R_HR_CO,Hot Rolled Black Coil,25K0506R00,21.36,2001,2.8,1160,0011000144,JSW Vijayanagar Metallics Limited,25320868,5000086586,4600000208,250,27-11-25,101,HRC,COIL,11513:2017,BIS,cr2,72083990,N,7.453,23861702,MATCHED
2000,R_HR_CO,Hot Rolled Black Coil,25K0507R00,27.905,2001,2,1235,0011000144,JSW Vijayanagar Metallics Limited,25325972,5000086587,4600000208,120,27-11-25,101,HRC,COIL,11513:2017,BIS,cr3,72083990,N,7.453,46135258,MATCHED
2000,R_HR>3MM_CO,Hot Rolled Black Coil 3mm & Above,25K0508R00,26.775,2001,3.6,1250,0011000144,JSW Vijayanagar Metallics Limited,25326210,5000086588,4600000208,290,27-11-25,101,HRC,COIL,11513:2017,BIS,cr3,72083890,N,7.453,62999201,MATCHED
2000,R_HR_CO,Hot Rolled Black Coil,25K0509R00,27.91,2001,2.2,1230,0011000144,JSW Vijayanagar Metallics Limited,25325978,5000086589,4600000208,130,27-11-25,101,HRC,COIL,11513:2017,BIS,cr3,72083990,N,7.453,99548459,MATCHED
2000,R_HR_CO,Hot Rolled Black Coil,25K0510R00,27.795,2001,2.8,1250,0011000144,JSW Vijayanagar Metallics Limited,25325846,5000086590,4600000208,200,27-11-25,101,HRC,COIL,11513:2017,BIS,cr3,72083990,N,7.453,50844276,MATCHED
2000,R_HR_CO,Hot Rolled Black Coil,25K0511R00,27.76,2001,2.5,1230,0011000144,JSW Vijayanagar Metallics Limited,25326121,5000086592,4600000208,150,27-11-25,101,HRC,COIL,11513:2017,BIS,cr3,72083990,N,7.453,15906112,MATCHED
2000,R_HR_CO,Hot Rolled Black Coil,25K0512R00,27.725,2001,2.8,1250,0011000144,JSW Vijayanagar Metallics Limited,25325974,5000086593,4600000208,200,27-11-25,101,HRC,COIL,11513:2017,BIS,cr3,72083990,N,7.453,46377664,MATCHED
2000,R_HR_CO,Hot Rolled Black Coil,25K0513R00,28.03,2001,2.8,1250,0011000144,JSW Vijayanagar Metallics Limited,25325961,5000086594,4600000208,200,27-11-25,101,HRC,COIL,11513:2017,BIS,cr3,72083990,N,7.453,79882785,MATCHED
2000,R_HR_CO,Hot Rolled Black Coil,25K0514R00,27.73,2001,2.8,1250,0011000144,JSW Vijayanagar Metallics Limited,25325976,5000086596,4600000208,200,27-11-25,101,HRC,COIL,11513:2017,BIS,cr3,72083990,N,7.453,51743712,MATCHED
2000,R_HR_CO,Hot Rolled Black Coil,25K0515R00,27.715,2001,2.8,1160,0011000144,JSW Vijayanagar Metallics Limited,25326975,5000086597,4600000208,170,27-11-25,101,HRC,COIL,11513:2017,BIS,cr2,72083990,N,7.453,46809487,MATCHED
2000,R_HR_CO,Hot Rolled Black Coil,25K0516R00,27.815,2001,2.8,1160,0011000144,JSW Vijayanagar Metallics Limited,25326973,5000086598,4600000208,170,27-11-25,101,HRC,COIL,11513:2017,BIS,cr2,72083990,N,7.453,57322658,MATCHED
2000,R_HR_CO,Hot Rolled Black Coil,25K0517R00,27.835,2001,2.2,1230,0011000144,JSW Vijayanagar Metallics Limited,25325984,5000086599,4600000208,130,27-11-25,101,HRC,COIL,11513:2017,BIS,cr3,72083990,N,7.453,99450772,MATCHED
2000,R_HR_CO,Hot Rolled Black Coil,25K0518R00,27.795,2001,2.5,1230,0011000144,JSW Vijayanagar Metallics Limited,25326131,5000086600,4600000208,150,27-11-25,101,HRC,COIL,11513:2017,BIS,cr3,72083990,N,7.453,35660223,MATCHED
2000,R_HR_CO,Hot Rolled Black Coil,25K0519R00,28.135,2001,2.5,1230,0011000144,JSW Vijayanagar Metallics Limited,25326800,5000086602,4600000208,150,27-11-25,101,HRC,COIL,11513:2017,BIS,cr3,72083990,N,7.453,36288725,MATCHED
2000,R_HR_CO,Hot Rolled Black Coil,25K0520R00,27.855,2001,2.8,1250,0011000144,JSW Vijayanagar Metallics Limited,25325842,5000086603,4600000208,200,27-11-25,101,HRC,COIL,11513:2017,BIS,cr3,72083990,N,7.453,69816550,MATCHED
2000,R_HR_CO,Hot Rolled Black Coil,25K0521R00,27.895,2001,2.8,1260,0011000144,JSW Vijayanagar Metallics Limited,25325834,5000086604,4600000208,210,27-11-25,101,HRC,COIL,11513:2017,BIS,cr3,72083990,N,7.453,78153904,MATCHED
2000,R_HR>3MM_CO,Hot Rolled Black Coil 3mm & Above,25K0522R00,23.725,2001,3,1220,0011000144,JSW Vijayanagar Metallics Limited,25326269,5000086606,4600000208,230,27-11-25,101,HRC,COIL,11513:2017,BIS,cr2,72083890,N,7.453,28798621,MATCHED
2000,R_HR_CO,Hot Rolled Black Coil,25K0523R00,27.84,2001,2.8,1250,0011000144,JSW Vijayanagar Metallics Limited,25325843,5000086607,4600000208,200,27-11-25,101,HRC,COIL,11513:2017,BIS,cr3,72083990,N,7.453,20688922,MATCHED
2000,R_HR_CO,Hot Rolled Black Coil,25K0524R00,27.795,2001,2.8,1220,0011000144,JSW Vijayanagar Metallics Limited,25326153,5000086608,4600000208,280,27-11-25,101,HRC,COIL,11513:2017,BIS,cr2,72083990,N,7.453,96123633,MATCHED
2000,R_HR_CO,Hot Rolled Black Coil,25K0525R00,27.735,2001,2.8,1160,0011000144,JSW Vijayanagar Metallics Limited,25326972,5000086609,4600000208,170,27-11-25,101,HRC,COIL,11513:2017,BIS,cr2,72083990,N,7.453,57932214,MATCHED
2000,R_HR_CO,Hot Rolled Black Coil,25K0526R00,27.67,2001,2.8,1160,0011000144,JSW Vijayanagar Metallics Limited,25326850,5000086610,4600000208,170,27-11-25,101,HRC,COIL,11513:2017,BIS,cr2,72083990,N,7.453,33795694,MATCHED
2000,R_HR_CO,Hot Rolled Black Coil,25K0527R00,27.815,2001,2.8,1160,0011000144,JSW Vijayanagar Metallics Limited,25326974,5000086614,4600000208,170,27-11-25,101,HRC,COIL,11513:2017,BIS,cr2,72083990,N,7.453,21276239,MATCHED
2000,R_HR_CO,Hot Rolled Black Coil,25K0528R00,28.385,2001,2.5,1230,0011000144,JSW Vijayanagar Metallics Limited,25326807,5000086617,4600000208,150,27-11-25,101,HRC,COIL,11513:2017,BIS,cr3,72083990,N,7.453,36803794,MATCHED
2000,R_HR_CO,Hot Rolled Black Coil,25K0529R00,27.955,2001,2.5,1230,0011000144,JSW Vijayanagar Metallics Limited,25326808,5000086618,4600000208,150,27-11-25,101,HRC,COIL,11513:2017,BIS,cr3,72083990,N,7.453,37895779,MATCHED
2000,R_HR_CO,Hot Rolled Black Coil,25K0530R00,27.92,2001,2.2,1230,0011000144,JSW Vijayanagar Metallics Limited,25325980,5000086619,4600000208,130,27-11-25,101,HRC,COIL,11513:2017,BIS,cr3,72083990,N,7.453,33759683,MATCHED
2000,R_HR_CO,Hot Rolled Black Coil,25K0531R00,27.915,2001,2.2,1230,0011000144,JSW Vijayanagar Metallics Limited,25325865,5000086620,4600000208,130,27-11-25,101,HRC,COIL,11513:2017,BIS,cr3,72083990,N,7.453,17741329,MATCHED
2000,R_HR_CO,Hot Rolled Black Coil,25K0532R00,27.62,2001,2.8,1260,0011000144,JSW Vijayanagar Metallics Limited,25325839,5000086621,4600000208,210,27-11-25,101,HRC,COIL,11513:2017,BIS,cr3,72083990,N,7.453,11442000,MATCHED
2000,R_HR_CO,Hot Rolled Black Coil,25K0533R00,27.85,2001,2.8,1180,0011000144,JSW Vijayanagar Metallics Limited,25326848,5000086622,4600000208,180,27-11-25,101,HRC,COIL,11513:2017,BIS,cr2,72083990,N,7.453,60149819,MATCHED
2000,R_HR_CO,Hot Rolled Black Coil,25K0534R00,21.515,2001,2.8,1160,0011000144,JSW Vijayanagar Metallics Limited,25320871,5000086623,4600000208,250,27-11-25,101,HRC,COIL,11513:2017,BIS,cr2,72083990,N,7.453,89330904,MATCHED
2000,R_HR_CO,Hot Rolled Black Coil,25K0535R00,27.825,2001,2.8,1260,0011000144,JSW Vijayanagar Metallics Limited,25325840,5000086624,4600000208,210,27-11-25,101,HRC,COIL,11513:2017,BIS,cr3,72083990,N,7.453,46167921,MATCHED
2000,R_HR_CO,Hot Rolled Black Coil,25K0536R00,27.875,2001,2.8,1220,0011000144,JSW Vijayanagar Metallics Limited,25326149,5000086625,4600000208,280,27-11-25,101,HRC,COIL,11513:2017,BIS,cr2,72083990,N,7.453,98267395,MATCHED
2000,R_HR_CO,Hot Rolled Black Coil,25K0537R00,27.955,2001,2.2,1230,0011000144,JSW Vijayanagar Metallics Limited,25325964,5000086626,4600000208,130,27-11-25,101,HRC,COIL,11513:2017,BIS,cr3,72083990,N,7.453,86528846,MATCHED
2000,R_HR>3MM_CO,Hot Rolled Black Coil 3mm & Above,25K0538R00,27.795,2001,3,1220,0011000144,JSW Vijayanagar Metallics Limited,25326142,5000086627,4600000208,230,27-11-25,101,HRC,COIL,11513:2017,BIS,cr2,72083890,N,7.453,73512774,MATCHED
2000,R_HR_CO,Hot Rolled Black Coil,25K0539R00,28.205,2001,2.5,1230,0011000144,JSW Vijayanagar Metallics Limited,25326798,5000086628,4600000208,150,27-11-25,101,HRC,COIL,11513:2017,BIS,cr3,72083990,N,7.453,93372717,MATCHED
2000,R_HR_CO,Hot Rolled Black Coil,25K0540R00,28.595,2001,2.5,1230,0011000144,JSW Vijayanagar Metallics Limited,25326805,5000086629,4600000208,150,27-11-25,101,HRC,COIL,11513:2017,BIS,cr3,72083990,N,7.453,79750327,MATCHED
2000,R_HR_CO,Hot Rolled Black Coil,25K0541R00,28.34,2001,2.5,1230,0011000144,JSW Vijayanagar Metallics Limited,25326799,5000086630,4600000208,150,27-11-25,101,HRC,COIL,11513:2017,BIS,cr3,72083990,N,7.453,33175247,MATCHED
2000,R_HR_CO,Hot Rolled Black Coil,25K0542R00,28.015,2001,2.8,1250,0011000144,JSW Vijayanagar Metallics Limited,25325960,5000086631,4600000208,200,27-11-25,101,HRC,COIL,11513:2017,BIS,cr3,72083990,N,7.453,27736126,MATCHED
2000,R_HR_CO,Hot Rolled Black Coil,25K0543R00,28.155,2001,2.5,1230,0011000144,JSW Vijayanagar Metallics Limited,25326793,5000086632,4600000208,150,27-11-25,101,HRC,COIL,11513:2017,BIS,cr3,72083990,N,7.453,26757498,MATCHED
2000,R_HR_CO,Hot Rolled Black Coil,25K0544R00,27.56,2001,2.5,1230,0011000082,TATA STEEL LTD,257605035,5000086633,4600000207,30,15-11-25,101,HRC,COIL,11513:2017,BIS,cr3,72083990,N,7.453,40659838,MATCHED
2000,R_HR_CO,Hot Rolled Black Coil,25K0545R00,27.43,2001,2.5,1230,0011000082,TATA STEEL LTD,257613068,5000086636,4600000207,30,15-11-25,101,HRC,COIL,11513:2017,BIS,cr3,72083990,N,7.453,63289631,MATCHED
2000,R_HR_CO,Hot Rolled Black Coil,25K0546R00,27.48,2001,2.5,1230,0011000082,TATA STEEL LTD,257606075,5000086645,4600000207,30,15-11-25,101,HRC,COIL,11513:2017,BIS,cr3,72083990,N,7.453,14187639,MATCHED
2000,R_HR_CO,Hot Rolled Black Coil,25K0547R00,27.59,2001,2.2,1230,0011000082,TATA STEEL LTD,257606052,5000086646,4600000207,20,15-11-25,101,HRC,COIL,11513:2017,BIS,cr3,72083990,N,7.453,20333293,MATCHED
2000,R_HR_CO,Hot Rolled Black Coil,25K0548R00,28.55,2001,2.5,1230,0011000082,TATA STEEL LTD,257606086,5000086647,4600000207,30,15-11-25,101,HRC,COIL,11513:2017,BIS,cr3,72083990,N,7.453,77405733,MATCHED
2000,R_HR_CO,Hot Rolled Black Coil,25K0549R00,28.68,2001,2.2,1230,0011000082,TATA STEEL LTD,257618045,5000086648,4600000207,20,15-11-25,101,HRC,COIL,11513:2017,BIS,cr3,72083990,N,7.453,21031227,MATCHED
2000,R_HR_CO,Hot Rolled Black Coil,25K0550R00,27.65,2001,2.2,1230,0011000082,TATA STEEL LTD,257606042,5000086649,4600000207,20,15-11-25,101,HRC,COIL,11513:2017,BIS,cr3,72083990,N,7.453,85568896,MATCHED
2000,R_HR_CO,Hot Rolled Black Coil,25K0551R00,28.62,2001,2.5,1230,0011000082,TATA STEEL LTD,257618039,5000086652,4600000207,30,15-11-25,101,HRC,COIL,11513:2017,BIS,cr3,72083990,N,7.453,95007304,MATCHED
2000,R_HR_CO,Hot Rolled Black Coil,25K0552R00,27.43,2001,2.5,1230,0011000082,TATA STEEL LTD,257613077,5000086653,4600000207,30,15-11-25,101,HRC,COIL,11513:2017,BIS,cr3,72083990,N,7.453,86150175,MATCHED
2000,R_HR_CO,Hot Rolled Black Coil,25K0553R00,27.54,2001,2.5,1230,0011000082,TATA STEEL LTD,257606043,5000086658,4600000207,30,15-11-25,101,HRC,COIL,11513:2017,BIS,cr3,72083990,N,7.453,24946133,MATCHED
2000,R_HR_CO,Hot Rolled Black Coil,25K0554R00,28.71,2001,2.2,1230,0011000082,TATA STEEL LTD,257606044,5000086659,4600000207,20,15-11-25,101,HRC,COIL,11513:2017,BIS,cr3,72083990,N,7.453,74325392,MATCHED
2000,R_HR_CO,Hot Rolled Black Coil,25K0555R00,28.63,2001,2.2,1230,0011000082,TATA STEEL LTD,257618057,5000086660,4600000207,20,15-11-25,101,HRC,COIL,11513:2017,BIS,cr3,72083990,N,7.453,75575513,MATCHED
2000,R_HR_CO,Hot Rolled Black Coil,25K0556R00,28.61,2001,2.5,1230,0011000082,TATA STEEL LTD,257606084,5000086661,4600000207,30,15-11-25,101,HRC,COIL,11513:2017,BIS,cr3,72083990,N,7.453,81807493,MATCHED
2000,R_HR_CO,Hot Rolled Black Coil,25K0557R00,27.54,2001,2.2,1230,0011000082,TATA STEEL LTD,257606048,5000086662,4600000207,20,15-11-25,101,HRC,COIL,11513:2017,BIS,cr3,72083990,N,7.453,65735358,MATCHED
2000,R_HR_CO,Hot Rolled Black Coil,25K0558R00,27.57,2001,2.5,1230,0011000082,TATA STEEL LTD,257606076,5000086663,4600000207,30,15-11-25,101,HRC,COIL,11513:2017,BIS,cr3,72083990,N,7.453,93407630,MATCHED
2000,R_HR_CO,Hot Rolled Black Coil,25K0559R00,27.56,2001,2.5,1230,0011000082,TATA STEEL LTD,257616061,5000086669,4600000207,30,15-11-25,101,HRC,COIL,11513:2017,BIS,cr3,72083990,N,7.453,51018040,MATCHED
2000,R_HR_CO,Hot Rolled Black Coil,25K0560R00,28.69,2001,2.2,1230,0011000082,TATA STEEL LTD,257618051,5000086672,4600000207,20,15-11-25,101,HRC,COIL,11513:2017,BIS,cr3,72083990,N,7.453,62168421,MATCHED
2000,R_HR_CO,Hot Rolled Black Coil,25K0561R00,28.56,2001,2.5,1230,0011000082,TATA STEEL LTD,257606085,5000086673,4600000207,30,15-11-25,101,HRC,COIL,11513:2017,BIS,cr3,72083990,N,7.453,78516744,MATCHED
2000,R_HR_CO,Hot Rolled Black Coil,25K0562R00,27.92,2001,2.8,1250,0011000144,JSW Vijayanagar Metallics Limited,25325845,5000086674,4600000208,200,27-11-25,101,HRC,COIL,11513:2017,BIS,cr3,72083990,N,7.453,84009510,MATCHED
2000,R_HR_CO,Hot Rolled Black Coil,25K0563R00,27.88,2001,2.8,1220,0011000144,JSW Vijayanagar Metallics Limited,25326148,5000086676,4600000208,280,27-11-25,101,HRC,COIL,11513:2017,BIS,cr2,72083990,N,7.453,85393361,MATCHED
2000,R_HR>3MM_CO,Hot Rolled Black Coil 3mm & Above,25K0564R00,27.75,2001,3,1220,0011000144,JSW Vijayanagar Metallics Limited,25326209,5000086677,4600000208,230,27-11-25,101,HRC,COIL,11513:2017,BIS,cr2,72083890,N,7.453,19762146,MATCHED
2000,R_HR_CO,Hot Rolled Black Coil,25K0565R00,27.86,2001,2.8,1180,0011000144,JSW Vijayanagar Metallics Limited,25326847,5000086678,4600000208,180,27-11-25,101,HRC,COIL,11513:2017,BIS,cr2,72083990,N,7.453,56603402,MATCHED
2000,R_HR>3MM_CO,Hot Rolled Black Coil 3mm & Above,25K0566R00,26.89,2001,3,1220,0011000144,JSW Vijayanagar Metallics Limited,25326140,5000086679,4600000208,230,27-11-25,101,HRC,COIL,11513:2017,BIS,cr2,72083890,N,7.453,98964668,MATCHED
2000,R_HR_CO,Hot Rolled Black Coil,25K0567R00,27.31,2001,2.8,1220,0011000144,JSW Vijayanagar Metallics Limited,72083940,5000086683,4600000208,270,27-11-25,101,HRC,COIL,11513:2017,BIS,cr2,72083990,N,7.453,51368087,MATCHED
2000,R_HR_CO,Hot Rolled Black Coil,25K0568R00,27.41,2001,2.5,1230,0011000082,TATA STEEL LTD,257613066,5000086685,4600000207,30,15-11-25,101,HRC,COIL,11513:2017,BIS,cr3,72083990,N,7.453,38078448,MATCHED
2000,R_HR_CO,Hot Rolled Black Coil,25K0569R00,27.48,2001,2.2,1230,0011000082,TATA STEEL LTD,257606056,5000086686,4600000207,60,15-11-25,101,HRC,COIL,11513:2017,BIS,cr3,72083990,N,7.453,87113843,MATCHED
2000,R_HR_CO,Hot Rolled Black Coil,25K0570R00,27.65,2001,2.2,1230,0011000082,TATA STEEL LTD,257606055,5000086688,4600000207,60,15-11-25,101,HRC,COIL,11513:2017,BIS,cr3,72083990,N,7.453,24501873,MATCHED
2000,R_HR_CO,Hot Rolled Black Coil,25K0571R00,27.43,2001,2.5,1230,0011000082,TATA STEEL LTD,257612045,5000086692,4600000207,30,15-11-25,101,HRC,COIL,11513:2017,BIS,cr3,72083990,N,7.453,71046812,MATCHED
2000,R_HR_CO,Hot Rolled Black Coil,25K0572R00,27.53,2001,2.2,1230,0011000082,TATA STEEL LTD,257606060,5000086693,4600000207,60,15-11-25,101,HRC,COIL,11513:2017,BIS,cr3,72083990,N,7.453,48908024,MATCHED
2000,R_HR_CO,Hot Rolled Black Coil,25K0573R00,27.66,2001,2.2,1230,0011000082,TATA STEEL LTD,257606045,5000086694,4600000207,60,15-11-25,101,HRC,COIL,11513:2017,BIS,cr3,72083990,N,7.453,37351711,MATCHED
2000,R_HR_CO,Hot Rolled Black Coil,25K0574R00,27.6,2001,2.5,1230,0011000082,TATA STEEL LTD,257605038,5000086695,4600000207,30,15-11-25,101,HRC,COIL,11513:2017,BIS,cr3,72083990,N,7.453,85753374,MATCHED
2000,R_HR_CO,Hot Rolled Black Coil,25K0575R00,27.39,2001,2.5,1230,11000082,TATA STEEL LIMITED,257613071,5000086702,4600000207,30,28-11-25,101,HRC,COIL,11513:2017,BIS,cr3,72083990,N,7.453,28647805,MATCHED
2000,R_HR_CO,Hot Rolled Black Coil,25K0576R00,27.55,2001,2.5,1230,0011000082,TATA STEEL LTD,257605040,5000086703,4600000207,30,15-11-25,101,HRC,COIL,11513:2017,BIS,cr3,72083990,N,7.453,22915701,MATCHED
2000,R_HR_CO,Hot Rolled Black Coil,25K0577R00,27.52,2001,2.5,1230,0011000082,TATA STEEL LTD,257616063,5000086705,4600000207,30,15-11-25,101,HRC,COIL,11513:2017,BIS,cr3,72083990,N,7.453,35189742,MATCHED
2000,R_HR_CO,Hot Rolled Black Coil,25K0578R00,27.51,2001,2.2,1230,0011000082,TATA STEEL LTD,257606047,5000086706,4600000207,20,15-11-25,101,HRC,COIL,11513:2017,BIS,cr3,72083990,N,7.453,39414189,MATCHED
2000,R_HR_CO,Hot Rolled Black Coil,25K0579R00,27.32,2001,2.8,1220,0011000144,JSW Vijayanagar Metallics Limited,25320493,5000086709,4600000208,270,27-11-25,101,HRC,COIL,11513:2017,BIS,cr2,72083990,N,7.453,12328148,MATCHED
2000,R_HR_CO,Hot Rolled Black Coil,25K0580R00,26.875,2001,2.8,1220,0011000144,JSW Vijayanagar Metallics Limited,25326150,5000086713,4600000208,280,27-11-25,101,HRC,COIL,11513:2017,BIS,cr2,72083990,N,7.453,96590907,MATCHED
2000,R_HR_CO,Hot Rolled Black Coil,25K0581R00,24.55,2001,2.8,1180,0011000144,JSW Vijayanagar Metallics Limited,25320612,5000086714,4600000208,260,27-11-25,101,HRC,COIL,11513:2017,BIS,cr2,72083990,N,7.453,98018083,MATCHED
2000,R_HR_CO,Hot Rolled Black Coil,25K0582R00,27.84,2001,2.8,1260,0011000144,JSW Vijayanagar Metallics Limited,25325841,5000086722,4600000208,210,27-11-25,101,HRC,COIL,11513:2017,BIS,cr3,72083990,N,7.453,83528347,MATCHED
2000,R_HR_CO,Hot Rolled Black Coil,25K0583R00,27.56,2001,2.2,1230,0011000082,TATA STEEL LTD,257606059,5000086723,4600000207,20,15-11-25,101,HRC,COIL,11513:2017,BIS,cr3,72083990,N,7.453,86933941,MATCHED
2000,R_HR_CO,Hot Rolled Black Coil,25K0584R00,27.44,2001,2.2,1230,0011000082,TATA STEEL LTD,257605045,5000086724,4600000207,20,15-11-25,101,HRC,COIL,11513:2017,BIS,cr3,72083990,N,7.453,40730643,MATCHED
2000,R_HR_CO,Hot Rolled Black Coil,25K0585R00,27.67,2001,2.5,1230,0011000082,TATA STEEL LTD,257605041,5000086725,4600000207,30,15-11-25,101,HRC,COIL,11513:2017,BIS,cr3,72083990,N,7.453,97237000,MATCHED
2000,R_HR_CO,Hot Rolled Black Coil,25K0586R00,27.61,2001,2.2,1230,0011000082,TATA STEEL LTD,257606058,5000086726,4600000207,20,15-11-25,101,HRC,COIL,11513:2017,BIS,cr3,72083990,N,7.453,18174055,MATCHED
2000,R_HR_CO,Hot Rolled Black Coil,25K0587R00,27.5,2001,2.5,1230,0011000082,TATA STEEL LTD,257606072,5000086727,4600000207,70,15-11-25,101,HRC,COIL,11513:2017,BIS,cr3,72083990,N,7.453,35014249,MATCHED
2000,R_HR_CO,Hot Rolled Black Coil,25K0588R00,27.39,2001,2.5,1230,0011000082,TATA STEEL LTD,257612015,5000086728,4600000207,70,15-11-25,101,HRC,COIL,11513:2017,BIS,cr3,72083990,N,7.453,64430599,MATCHED
2000,R_HR_CO,Hot Rolled Black Coil,25K0589R00,27.61,2001,2.5,1230,0011000082,TATA STEEL LTD,257605039,5000086729,4600000207,70,15-11-25,101,HRC,COIL,11513:2017,BIS,cr3,72083990,N,7.453,97660234,MATCHED
2000,R_HR_CO,Hot Rolled Black Coil,25K0590R00,28.58,2001,2.5,1230,0011000082,TATA STEEL LTD,257606082,5000086730,4600000207,70,15-11-25,101,HRC,COIL,11513:2017,BIS,cr3,72083990,N,7.453,84007170,MATCHED
2000,R_HR_CO,Hot Rolled Black Coil,25K0591R00,24.62,2001,2.8,1180,0011000144,JSW Vijayanagar Metallics Limited,25320611,5000086731,4600000208,260,27-11-25,101,HRC,COIL,11513:2017,BIS,cr2,72083990,N,7.453,36807521,MATCHED
2000,R_HR_CO,Hot Rolled Black Coil,25K0592R00,27.985,2001,2.8,1250,0011000144,JSW Vijayanagar Metallics Limited,25325959,5000086732,4600000208,200,27-11-25,101,HRC,COIL,11513:2017,BIS,cr3,72083990,N,7.453,97284437,MATCHED
2000,R_HR_CO,Hot Rolled Black Coil,25K0593R00,27.245,2001,2.5,1230,0011000144,JSW Vijayanagar Metallics Limited,25326809,5000086733,4600000208,150,27-11-25,101,HRC,COIL,11513:2017,BIS,cr3,72083990,N,7.453,83829802,MATCHED
2000,R_HR_CO,Hot Rolled Black Coil,25K0594R00,27.69,2001,2.2,1230,0011000082,TATA STEEL LTD,257606053,5000086734,4600000207,20,15-11-25,101,HRC,COIL,11513:2017,BIS,cr3,72083990,N,7.453,93881333,MATCHED
2000,R_HR_CO,Hot Rolled Black Coil,25K0595R00,28.57,2001,2.5,1230,0011000082,TATA STEEL LTD,257606079,5000086735,4600000207,70,15-11-25,101,HRC,COIL,11513:2017,BIS,cr3,72083990,N,7.453,60878247,MATCHED
2000,R_HR_CO,Hot Rolled Black Coil,25K0596R00,27.66,2001,2.5,1230,0011000082,TATA STEEL LTD,257605033,5000086736,4600000207,70,15-11-25,101,HRC,COIL,11513:2017,BIS,cr3,72083990,N,7.453,29222295,MATCHED
2000,R_HR_CO,Hot Rolled Black Coil,25K0597R00,28.58,2001,2.5,1230,0011000082,TATA STEEL LTD,257606080,5000086737,4600000207,70,15-11-25,101,HRC,COIL,11513:2017,BIS,cr3,72083990,N,7.453,51996604,MATCHED
2000,R_HR_CO,Hot Rolled Black Coil,25K0598R00,28.55,2001,2.5,1230,0011000082,TATA STEEL LTD,257606081,5000086738,4600000207,70,15-11-25,101,HRC,COIL,11513:2017,BIS,cr3,72083990,N,7.453,49457980,MATCHED
2000,R_HR_CO,Hot Rolled Black Coil,25K0599R00,28.43,2001,2.2,1230,0011000082,TATA STEEL LTD,257616085,5000086739,4600000207,20,15-11-25,101,HRC,COIL,11513:2017,BIS,cr3,72083990,N,7.453,99291608,MATCHED
2000,R_HR_CO,Hot Rolled Black Coil,25K0600R00,28.22,2001,2.8,1250,0011000082,TATA STEEL LTD,257617048,5000086740,4600000207,90,15-11-25,101,HRC,COIL,11513:2017,BIS,cr3,72083990,N,7.453,88455567,MATCHED
2000,R_HR_CO,Hot Rolled Black Coil,25K0601R00,27.41,2001,2.8,1250,0011000082,TATA STEEL LTD,257605014,5000086741,4600000207,90,15-11-25,101,HRC,COIL,11513:2017,BIS,cr3,72083990,N,7.453,28005302,MATCHED
2000,R_HR>3MM_CO,Hot Rolled Black Coil 3mm & Above,25K0602R00,27.89,2001,3,1220,0011000144,JSW Vijayanagar Metallics Limited,25326208,5000086743,4600000208,230,27-11-25,101,HRC,COIL,11513:2017,BIS,cr2,72083890,N,7.453,72210899,MATCHED
2000,R_HR_CO,Hot Rolled Black Coil,25K0603R00,28.59,2001,2.5,1230,0011000144,JSW Vijayanagar Metallics Limited,25326806,5000086744,4600000208,150,27-11-25,101,HRC,COIL,11513:2017,BIS,cr3,72083990,N,7.453,23546710,MATCHED
2000,R_HR_CO,Hot Rolled Black Coil,25K0604R00,23.31,2001,2,1080,0011000144,JSW Vijayanagar Metallics Limited,25322758,5000086745,4600000208,110,27-11-25,101,HRC,COIL,11513:2017,BIS,cr3,72083990,N,7.453,75183751,MATCHED
2000,R_HR>3MM_CO,Hot Rolled Black Coil 3mm & Above,25K0605R00,23.645,2001,3.6,1250,0011000144,JSW Vijayanagar Metallics Limited,25326213,5000086746,4600000208,290,27-11-25,101,HRC,COIL,11513:2017,BIS,cr3,72083890,N,7.453,31608044,MATCHED
2000,R_HR_CO,Hot Rolled Black Coil,25K0606R00,27.785,2001,2.5,1230,0011000144,JSW Vijayanagar Metallics Limited,25326128,5000086747,4600000208,150,27-11-25,101,HRC,COIL,11513:2017,BIS,cr3,72083990,N,7.453,78182960,MATCHED
2000,R_HR_CO,Hot Rolled Black Coil,25K0607R00,27.9,2001,2.8,1260,0011000144,JSW Vijayanagar Metallics Limited,25325836,5000086748,4600000208,220,27-11-25,101,HRC,COIL,11513:2017,BIS,cr3,72083990,N,7.453,31576610,MATCHED
2000,R_HR_CO,Hot Rolled Black Coil,25K0608R00,27.935,2001,2.8,1180,0011000144,JSW Vijayanagar Metallics Limited,25326825,5000086749,4600000208,180,27-11-25,101,HRC,COIL,11513:2017,BIS,cr2,72083990,N,7.453,88341555,MATCHED
2000,R_HR_CO,Hot Rolled Black Coil,25K0609R00,23.54,2001,2,1080,0011000144,JSW Vijayanagar Metallics Limited,25322759,5000086750,4600000208,110,27-11-25,101,HRC,COIL,11513:2017,BIS,cr3,72083990,N,7.453,10467990,MATCHED
2000,R_HR_CO,Hot Rolled Black Coil,25K0610R00,27.52,2001,2.2,1230,0011000082,TATA STEEL LTD,257605052,5000086751,4600000207,20,15-11-25,101,HRC,COIL,11513:2017,BIS,cr3,72083990,N,7.453,12500018,MATCHED
2000,R_HR_CO,Hot Rolled Black Coil,25K0611R00,27.79,2001,2.2,1230,0011000144,JSW Vijayanagar Metallics Limited,25325981,5000086752,4600000208,130,27-11-25,101,HRC,COIL,11513:2017,BIS,cr3,72083990,N,7.453,80281036,MATCHED
2000,R_HR_CO,Hot Rolled Black Coil,25K0612R00,27.59,2001,2.2,1230,0011000082,TATA STEEL LTD,257606039,5000086753,4600000207,20,15-11-25,101,HRC,COIL,11513:2017,BIS,cr3,72083990,N,7.453,58988127,MATCHED
2000,R_HR_CO,Hot Rolled Black Coil,25K0613R00,27.47,2001,2.2,1230,0011000082,TATA STEEL LTD,257606061,5000086754,4600000207,20,15-11-25,101,HRC,COIL,11513:2017,BIS,cr3,72083990,N,7.453,96464601,MATCHED
2000,R_HR_CO,Hot Rolled Black Coil,25K0614R00,27.45,2001,2.5,1230,0011000082,TATA STEEL LTD,257612016,5000086755,4600000207,70,15-11-25,101,HRC,COIL,11513:2017,BIS,cr3,72083990,N,7.453,20887326,MATCHED
2000,R_HR_CO,Hot Rolled Black Coil,25K0615R00,27.57,2001,2.5,1230,0011000082,TATA STEEL LTD,257616073,5000086756,4600000207,70,15-11-25,101,HRC,COIL,11513:2017,BIS,cr3,72083990,N,7.453,82574854,MATCHED
2000,R_HR_CO,Hot Rolled Black Coil,25K0616R00,27.46,2001,2.5,1230,0011000082,TATA STEEL LTD,257613073,5000086759,4600000207,70,15-11-25,101,HRC,COIL,11513:2017,BIS,cr3,72083990,N,7.453,51021268,MATCHED
2000,R_HR_CO,Hot Rolled Black Coil,25K0617R00,28.15,2001,2.5,1230,0011000144,JSW Vijayanagar Metallics Limited,25326815,5000086764,4600000208,150,27-11-25,101,HRC,COIL,11513:2017,BIS,cr3,72083990,N,7.453,87080135,MATCHED
2000,R_HR_CO,Hot Rolled Black Coil,25K0618R00,27.83,2001,2.8,1260,0011000144,JSW Vijayanagar Metallics Limited,25325835,5000086765,4600000208,210,27-11-25,101,HRC,COIL,11513:2017,BIS,cr3,72083990,N,7.453,79675567,MATCHED
2000,R_HR_CO,Hot Rolled Black Coil,25K0619R00,27.92,2001,2.8,1160,0011000144,JSW Vijayanagar Metallics Limited,25326852,5000086767,4600000208,170,27-11-25,101,HRC,COIL,11513:2017,BIS,cr2,72083990,N,7.453,61716403,MATCHED
2000,R_HR_CO,Hot Rolled Black Coil,25K0620R00,28.035,2001,2.5,1230,0011000144,JSW Vijayanagar Metallics Limited,25326812,5000086769,4600000208,150,27-11-25,101,HRC,COIL,11513:2017,BIS,cr3,72083990,N,7.453,16908538,MATCHED
2000,R_HR_CO,Hot Rolled Black Coil,25K0621R00,27.4,2001,2.2,1230,0011000082,TATA STEEL LTD,257605049,5000086772,4600000207,20,15-11-25,101,HRC,COIL,11513:2017,BIS,cr3,72083990,N,7.453,84746226,MATCHED
2000,R_HR_CO,Hot Rolled Black Coil,25K0622R00,27.4,2001,2.5,1230,0011000082,TATA STEEL LTD,257612018,5000086779,4600000207,70,15-11-25,101,HRC,COIL,11513:2017,BIS,cr3,72083990,N,7.453,49942787,MATCHED
2000,R_HR_CO,Hot Rolled Black Coil,25K0623R00,27.5,2001,2.5,1230,0011000082,TATA STEEL LTD,257606071,5000086780,4600000207,70,15-11-25,101,HRC,COIL,11513:2017,BIS,cr3,72083990,N,7.453,40563114,MATCHED
2000,R_HR_CO,Hot Rolled Black Coil,25K0624R00,27.29,2001,2.5,1230,0011000082,TATA STEEL LTD,257612020,5000086783,4600000207,70,15-11-25,101,HRC,COIL,11513:2017,BIS,cr3,72083990,N,7.453,45155045,MATCHED
2000,R_HR_CO,Hot Rolled Black Coil,25K0625R00,27.47,2001,2.2,1230,0011000082,TATA STEEL LTD,257605051,5000086785,4600000207,20,15-11-25,101,HRC,COIL,11513:2017,BIS,cr3,72083990,N,7.453,31516557,MATCHED
2000,R_HR_CO,Hot Rolled Black Coil,25K0626R00,27.96,2001,2.5,1230,0011000144,JSW Vijayanagar Metallics Limited,25326130,5000086787,4600000208,150,27-11-25,101,HRC,COIL,11513:2017,BIS,cr3,72083990,N,7.453,69888556,MATCHED
2000,R_HR>3MM_CO,Hot Rolled Black Coil 3mm & Above,25K0627R00,27.865,2001,3,1220,0011000144,JSW Vijayanagar Metallics Limited,25326207,5000086789,4600000208,230,27-11-25,101,HRC,COIL,11513:2017,BIS,cr2,72083890,N,7.453,89684570,MATCHED
2000,R_HR_CO,Hot Rolled Black Coil,25K0628R00,27.835,2001,2.8,1220,0011000144,JSW Vijayanagar Metallics Limited,25326147,5000086790,4600000208,280,27-11-25,101,HRC,COIL,11513:2017,BIS,cr2,72083990,N,7.453,88224185,MATCHED
2000,R_HR_CO,Hot Rolled Black Coil,25K0629R00,27.75,2001,2.5,1230,0011000144,JSW Vijayanagar Metallics Limited,25326122,5000086793,4600000208,150,27-11-25,101,HRC,COIL,11513:2017,BIS,cr3,72083990,N,7.453,56178163,MATCHED
2000,R_HR_CO,Hot Rolled Black Coil,25K0630R00,27.415,2001,2.5,1230,0011000144,JSW Vijayanagar Metallics Limited,25326804,5000086802,4600000208,150,27-11-25,101,HRC,COIL,11513:2017,BIS,cr3,72083990,N,7.453,80164977,MATCHED
2000,R_HR>3MM_CO,Hot Rolled Black Coil 3mm & Above,25K0631R00,26.835,2001,3.6,1250,0011000144,JSW Vijayanagar Metallics Limited,25327307,5000086803,4600000208,290,27-11-25,101,HRC,COIL,11513:2017,BIS,cr3,72083890,N,7.453,21150447,MATCHED
2000,R_HR_CO,Hot Rolled Black Coil,25K0632R00,27.78,2001,2.8,1220,0011000144,JSW Vijayanagar Metallics Limited,25326151,5000086805,4600000208,280,27-11-25,101,HRC,COIL,11513:2017,BIS,cr2,72083990,N,7.453,53768644,MATCHED
2000,R_HR_CO,Hot Rolled Black Coil,25K0633R00,27.775,2001,2.8,1260,0011000144,JSW Vijayanagar Metallics Limited,25325837,5000086806,4600000208,210,27-11-25,101,HRC,COIL,11513:2017,BIS,cr3,72083990,N,7.453,91483039,MATCHED
2000,R_HR>3MM_CO,Hot Rolled Black Coil 3mm & Above,25K0634R00,27.645,2001,3.6,1250,0011000144,JSW Vijayanagar Metallics Limited,25327302,5000086808,4600000208,290,27-11-25,101,HRC,COIL,11513:2017,BIS,cr3,72083890,N,7.453,60601991,MATCHED
2000,R_HR_CO,Hot Rolled Black Coil,25K0635R00,27.31,2001,2.5,1230,0011000082,TATA STEEL LTD,257612019,5000086812,4600000207,70,15-11-25,101,HRC,COIL,11513:2017,BIS,cr3,72083990,N,7.453,23770630,MATCHED
2000,R_HR_CO,Hot Rolled Black Coil,25K0636R00,27.57,2001,2.5,1230,0011000082,TATA STEEL LTD,257607063,5000086815,4600000207,70,15-11-25,101,HRC,COIL,11513:2017,BIS,cr3,72083990,N,7.453,45486098,MATCHED
2000,R_HR_CO,Hot Rolled Black Coil,25K0637R00,23.7,2001,2,1080,0011000144,JSW Vijayanagar Metallics Limited,25322757,5000086827,4600000208,110,27-11-25,101,HRC,COIL,11513:2017,BIS,cr3,72083990,N,7.453,47798350,MATCHED
2000,R_HR_CO,Hot Rolled Black Coil,25K0638R00,23.435,2001,2,1080,0011000144,JSW Vijayanagar Metallics Limited,25320514,5000086828,4600000208,110,27-11-25,101,HRC,COIL,11513:2017,BIS,cr3,72083990,N,7.453,43357654,MATCHED
2000,R_HR_CO,Hot Rolled Black Coil,25K0639R00,27.85,2001,2.2,1230,0011000144,JSW Vijayanagar Metallics Limited,25325967,5000086829,4600000208,130,27-11-25,101,HRC,COIL,11513:2017,BIS,cr3,72083990,N,7.453,57958984,MATCHED
2000,R_HR_CO,Hot Rolled Black Coil,25K0640R00,27.895,2001,2,1235,0011000144,JSW Vijayanagar Metallics Limited,25325973,5000086833,4600000208,120,27-11-25,101,HRC,COIL,11513:2017,BIS,cr3,72083990,N,7.453,64613118,MATCHED
2000,R_HR>3MM_CO,Hot Rolled Black Coil 3mm & Above,25K0641R00,24.125,2001,3.6,1250,0011000144,JSW Vijayanagar Metallics Limited,25326211,5000086834,4600000208,290,27-11-25,101,HRC,COIL,11513:2017,BIS,cr3,72083890,N,7.453,19087422,MATCHED
2000,R_HR>3MM_CO,Hot Rolled Black Coil 3mm & Above,25K0642R00,26.91,2001,3,1220,0011000144,JSW Vijayanagar Metallics Limited,25326139,5000086835,4600000208,230,27-11-25,101,HRC,COIL,11513:2017,BIS,cr2,72083890,N,7.453,63335343,MATCHED
2000,R_HR_CO,Hot Rolled Black Coil,25K0643R00,28.01,2001,2.5,1230,0011000144,JSW Vijayanagar Metallics Limited,25326802,5000086848,4600000208,150,27-11-25,101,HRC,COIL,11513:2017,BIS,cr3,72083990,N,7.453,54644997,MATCHED
2000,R_HR_CO,Hot Rolled Black Coil,25K0644R00,27.8,2001,2.8,1220,0011000144,JSW Vijayanagar Metallics Limited,25326146,5000086849,4600000208,280,27-11-25,101,HRC,COIL,11513:2017,BIS,cr2,72083990,N,7.453,97992786,MATCHED
2000,R_HR_CO,Hot Rolled Black Coil,25K0645R00,28.59,2001,2.5,1230,0011000144,JSW Vijayanagar Metallics Limited,25326811,5000086850,4600000208,150,27-11-25,101,HRC,COIL,11513:2017,BIS,cr3,72083990,N,7.453,81452911,MATCHED
2000,R_HR_CO,Hot Rolled Black Coil,25K0646R00,25.22,2001,2.8,1220,0011000144,JSW Vijayanagar Metallics Limited,25320583,5000086851,4600000208,270,27-11-25,101,HRC,COIL,11513:2017,BIS,cr2,72083990,N,7.453,26859862,MATCHED
2000,R_HR_CO,Hot Rolled Black Coil,25K0647R00,23.705,2001,2,1080,0011000144,JSW Vijayanagar Metallics Limited,25319857,5000086852,4600000208,110,27-11-25,101,HRC,COIL,11513:2017,BIS,cr3,72083990,N,7.453,79277145,MATCHED
2000,R_HR_CO,Hot Rolled Black Coil,25K0648R00,27.97,2001,2.5,1230,0011000144,JSW Vijayanagar Metallics Limited,25326801,5000086857,4600000208,150,27-11-25,101,HRC,COIL,11513:2017,BIS,cr3,72083990,N,7.453,28290162,MATCHED
2000,R_HR_CO,Hot Rolled Black Coil,25K0649R00,28.24,2001,2.5,1230,0011000144,JSW Vijayanagar Metallics Limited,25326813,5000086858,4600000208,150,27-11-25,101,HRC,COIL,11513:2017,BIS,cr3,72083990,N,7.453,80272087,MATCHED
2000,R_HR>3MM_CO,Hot Rolled Black Coil 3mm & Above,25K0650R00,26.915,2001,3,1220,0011000144,JSW Vijayanagar Metallics Limited,25326138,5000086859,4600000208,230,27-11-25,101,HRC,COIL,11513:2017,BIS,cr2,72083890,N,7.453,36513858,MATCHED
2000,R_HR_CO,Hot Rolled Black Coil,25K0651R00,27.725,2001,2.2,1230,0011000144,JSW Vijayanagar Metallics Limited,25325983,5000086860,4600000208,130,27-11-25,101,HRC,COIL,11513:2017,BIS,cr3,72083990,N,7.453,79029839,MATCHED
2000,R_HR_CO,Hot Rolled Black Coil,25K0652R00,27.96,2001,2.5,1230,0011000144,JSW Vijayanagar Metallics Limited,25326129,5000086865,4600000208,150,27-11-25,101,HRC,COIL,11513:2017,BIS,cr3,72083990,N,7.453,17682672,MATCHED
2000,R_HR_CO,Hot Rolled Black Coil,25K0653R00,21.735,2001,2.8,1160,0011000144,JSW Vijayanagar Metallics Limited,25320869,5000086866,4600000208,250,27-11-25,101,HRC,COIL,11513:2017,BIS,cr2,72083990,N,7.453,46846638,MATCHED
2000,R_HR>3MM_CO,Hot Rolled Black Coil 3mm & Above,25K0654R00,27.68,2001,3,1220,0011000144,JSW Vijayanagar Metallics Limited,25326266,5000086867,4600000208,230,27-11-25,101,HRC,COIL,11513:2017,BIS,cr2,72083890,N,7.453,64328405,MATCHED
2000,R_HR_CO,Hot Rolled Black Coil,25K0655R00,24.52,2001,2.8,1180,0011000144,JSW Vijayanagar Metallics Limited,25320614,5000086876,4600000208,260,27-11-25,101,HRC,COIL,11513:2017,BIS,cr2,72083990,N,7.453,51988077,MATCHED
2000,R_HR_CO,Hot Rolled Black Coil,25K0656R00,27.795,2001,2.8,1250,0011000144,JSW Vijayanagar Metallics Limited,25325847,5000086879,4600000208,200,27-11-25,101,HRC,COIL,11513:2017,BIS,cr3,72083990,N,7.453,70790419,MATCHED
2000,R_HR>3MM_CO,Hot Rolled Black Coil 3mm & Above,25K0657R00,27.72,2001,3,1220,0011000144,JSW Vijayanagar Metallics Limited,25326265,5000086880,4600000208,230,27-11-25,101,HRC,COIL,11513:2017,BIS,cr2,72083890,N,7.453,18444508,MATCHED
2000,R_HR_CO,Hot Rolled Black Coil,25K0658R00,27.83,2001,2.8,1260,0011000144,JSW Vijayanagar Metallics Limited,25325838,5000086882,4600000208,210,27-11-25,101,HRC,COIL,11513:2017,BIS,cr3,72083990,N,7.453,79056811,MATCHED
2000,R_HR_CO,Hot Rolled Black Coil,25K0659R00,27.875,2001,2.5,1230,0011000144,JSW Vijayanagar Metallics Limited,25326120,5000086888,4600000208,150,27-11-25,101,HRC,COIL,11513:2017,BIS,cr3,72083990,N,7.453,67277526,MATCHED
2000,R_HR_CO,Hot Rolled Black Coil,25K0660R00,27.88,2001,2.8,1220,0011000144,JSW Vijayanagar Metallics Limited,25326145,5000086889,4600000208,280,27-11-25,101,HRC,COIL,11513:2017,BIS,cr2,72083990,N,7.453,17279658,MATCHED
2000,R_HR_CO,Hot Rolled Black Coil,25K0661R00,27.695,2001,2,1235,0011000144,JSW Vijayanagar Metallics Limited,25325869,5000086890,4600000208,120,27-11-25,101,HRC,COIL,11513:2017,BIS,cr3,72083990,N,7.453,13357438,MATCHED
2000,R_HR_CO,Hot Rolled Black Coil,25K0662R00,27.785,2001,2.8,1220,0011000144,JSW Vijayanagar Metallics Limited,25326144,5000086891,4600000208,280,27-11-25,101,HRC,COIL,11513:2017,BIS,cr2,72083990,N,7.453,76577610,MATCHED
2000,R_HR_CO,Hot Rolled Black Coil,25K0663R00,27.79,2001,2.8,1220,0011000144,JSW Vijayanagar Metallics Limited,25326152,5000086892,4600000208,280,27-11-25,101,HRC,COIL,11513:2017,BIS,cr2,72083990,N,7.453,53924006,MATCHED
2000,R_HR_CO,Hot Rolled Black Coil,25K0664R00,26.675,2001,2.5,1230,0011000144,JSW Vijayanagar Metallics Limited,25324407,5000086893,4600000208,150,27-11-25,101,HRC,COIL,11513:2017,BIS,cr3,72083990,N,7.453,34268002,MATCHED
2000,R_HR_CO,Hot Rolled Black Coil,25K0665R00,28.365,2001,2.5,1230,0011000144,JSW Vijayanagar Metallics Limited,25326797,5000086895,4600000208,150,27-11-25,101,HRC,COIL,11513:2017,BIS,cr3,72083990,N,7.453,13265208,MATCHED
2000,R_HR_CO,Hot Rolled Black Coil,25K0666R00,24.035,2001,2.8,1180,0011000144,JSW Vijayanagar Metallics Limited,25320613,5000086901,4600000208,260,27-11-25,101,HRC,COIL,11513:2017,BIS,cr2,72083990,N,7.453,89297908,MATCHED
2000,R_HR_CO,Hot Rolled Black Coil,25K0667R00,24.62,2001,2.8,1180,0011000144,JSW Vijayanagar Metallics Limited,25320615,5000086902,4600000208,260,27-11-25,101,HRC,COIL,11513:2017,BIS,cr2,72083990,N,7.453,23453797,MATCHED
2000,R_HR_CO,Hot Rolled Black Coil,25K0668R00,27.835,2001,2,1235,0011000144,JSW Vijayanagar Metallics Limited,25325968,5000086903,4600000208,120,27-11-25,101,HRC,COIL,11513:2017,BIS,cr3,72083990,N,7.453,96888627,MATCHED
2000,R_HR_CO,Hot Rolled Black Coil,25K0669R00,27.86,2001,2.8,1220,0011000144,JSW Vijayanagar Metallics Limited,25326143,5000086904,4600000208,280,27-11-25,101,HRC,COIL,11513:2017,BIS,cr2,72083990,N,7.453,52181601,MATCHED
2000,R_HR_CO,Hot Rolled Black Coil,25K0670R00,26.73,2001,2.8,1220,0011000144,JSW Vijayanagar Metallics Limited,25320490,5000086905,4600000208,270,27-11-25,101,HRC,COIL,11513:2017,BIS,cr2,72083990,N,7.453,68686082,MATCHED
2000,R_HR_CO,Hot Rolled Black Coil,25L0002R00,27.255,2001,2.8,1220,0011000144,JSW Vijayanagar Metallics Limited,25320492,5000086909,4600000208,270,27-11-25,101,HRC,COIL,11513:2017,BIS,cr2,72083990,N,7.453,36334141,MATCHED
2000,R_HR_CO,Hot Rolled Black Coil,25L0004R00,24.35,2001,2.5,1235,0011000082,TATA STEEL LTD,257632054,5000086910,4600000209,10,29-11-25,101,HRC,COIL,11513:2017,BIS,cr3,72083990,N,7.453,75753053,MATCHED
2000,R_HR_CO,Hot Rolled Black Coil,25L0005R00,24.26,2001,2.5,1235,0011000082,TATA STEEL LTD,257632063,5000086910,4600000209,10,29-11-25,101,HRC,COIL,11513:2017,BIS,cr3,72083990,N,7.453,22441625,MATCHED
2000,R_HR_CO,Hot Rolled Black Coil,25L0007R00,28.68,2001,2.5,1230,0011000082,TATA STEEL LTD,257607028,5000086932,4600000207,70,15-11-25,101,HRC,COIL,11513:2017,BIS,cr3,72083990,N,7.453,95085522,MATCHED
2000,R_HR_CO,Hot Rolled Black Coil,25L0008R00,28.56,2001,2.8,1250,0011000082,TATA STEEL LTD,257625013,5000086933,4600000207,90,15-11-25,101,HRC,COIL,11513:2017,BIS,cr3,72083990,N,7.453,75522004,MATCHED
2000,R_HR>3MM_CO,Hot Rolled Black Coil 3mm & Above,25L0009R00,27.83,2001,3,1220,0011000144,JSW Vijayanagar Metallics Limited,25326141,5000086936,4600000208,230,27-11-25,101,HRC,COIL,11513:2017,BIS,cr2,72083890,N,7.453,52197314,MATCHED
2000,R_HR_CO,Hot Rolled Black Coil,25L0010R00,27.915,2001,2.2,1230,0011000144,JSW Vijayanagar Metallics Limited,25325979,5000086937,4600000208,130,27-11-25,101,HRC,COIL,11513:2017,BIS,cr3,72083990,N,7.453,63484336,MATCHED
2000,R_HR>3MM_CO,Hot Rolled Black Coil 3mm & Above,25L0011R00,21.83,2001,3.6,1250,0011000144,JSW Vijayanagar Metallics Limited,25326212,5000086939,4600000211,50,01-12-25,101,HRC,COIL,11513:2017,BIS,cr3,72083890,N,7.453,85896630,MATCHED
2000,R_HR_CO,Hot Rolled Black Coil,25L0012R00,27.895,2001,2.8,1180,0011000144,JSW Vijayanagar Metallics Limited,25326851,5000086940,4600000211,20,01-12-25,101,HRC,COIL,11513:2017,BIS,cr2,72083990,N,7.453,60568775,MATCHED
2000,R_HR>3MM_CO,Hot Rolled Black Coil 3mm & Above,25L0013R00,27.705,2001,3.6,1250,0011000144,JSW Vijayanagar Metallics Limited,25327299,5000086941,4600000211,50,01-12-25,101,HRC,COIL,11513:2017,BIS,cr3,72083890,N,7.453,97232640,MATCHED
2000,R_HR>3MM_CO,Hot Rolled Black Coil 3mm & Above,25L0014R00,24.63,2001,3.6,1250,0011000144,JSW Vijayanagar Metallics Limited,25326906,5000086942,4600000211,50,01-12-25,101,HRC,COIL,11513:2017,BIS,cr3,72083890,N,7.453,50573499,MATCHED
2000,R_HR>3MM_CO,Hot Rolled Black Coil 3mm & Above,25L0015R00,25.035,2001,3.6,1250,0011000144,JSW Vijayanagar Metallics Limited,25326905,5000086943,4600000211,50,01-12-25,101,HRC,COIL,11513:2017,BIS,cr3,72083890,N,7.453,91972416,MATCHED
2000,R_HR>3MM_CO,Hot Rolled Black Coil 3mm & Above,25L0016R00,27.825,2001,3.6,1250,0011000144,JSW Vijayanagar Metallics Limited,25327300,5000086944,4600000211,50,01-12-25,101,HRC,COIL,11513:2017,BIS,cr3,72083890,N,7.453,43185436,MATCHED
2000,R_HR_CO,Hot Rolled Black Coil,25L0017R00,27.73,2001,2.8,1250,0011000144,JSW Vijayanagar Metallics Limited,25325844,5000086945,4600000211,30,01-12-25,101,HRC,COIL,11513:2017,BIS,cr3,72083990,N,7.453,86301051,MATCHED
2000,R_HR_CO,Hot Rolled Black Coil,25L0018R00,27.735,2001,2.8,1250,0011000144,JSW Vijayanagar Metallics Limited,25325975,5000086946,4600000211,30,01-12-25,101,HRC,COIL,11513:2017,BIS,cr3,72083990,N,7.453,44863700,MATCHED
2000,R_HR_CO,Hot Rolled Black Coil,25L0019R00,29.11,2001,2.8,1250,0011000082,TATA STEEL LTD,257617051,5000086955,4600000207,90,15-11-25,101,HRC,COIL,11513:2017,BIS,cr3,72083990,N,7.453,88740321,MATCHED
2000,R_HR_CO,Hot Rolled Black Coil,25L0020R00,28.68,2001,2,1235,0011000082,TATA STEEL LTD,257621080,5000086957,4600000207,10,15-11-25,101,HRC,COIL,11513:2017,BIS,cr3,72083990,N,7.453,58763502,MATCHED
2000,R_HR_CO,Hot Rolled Black Coil,25L0021R00,27.54,2001,2.2,1230,0011000082,TATA STEEL LTD,257605044,5000086960,4600000207,20,15-11-25,101,HRC,COIL,11513:2017,BIS,cr3,72083990,N,7.453,86160030,MATCHED
2000,R_HR_CO,Hot Rolled Black Coil,25L0023R00,28.55,2001,2.5,1230,0011000082,TATA STEEL LTD,257607058,5000086997,4600000207,70,15-11-25,101,HRC,COIL,11513:2017,BIS,cr3,72083990,N,7.453,11658342,MATCHED
2000,R_HR_CO,Hot Rolled Black Coil,25L0024R00,28.56,2001,2.5,1230,0011000082,TATA STEEL LTD,257607055,5000086998,4600000207,70,15-11-25,101,HRC,COIL,11513:2017,BIS,cr3,72083990,N,7.453,39698578,MATCHED
2000,R_HR_CO,Hot Rolled Black Coil,25L0025R00,28.74,2001,2.5,1230,0011000082,TATA STEEL LTD,257607025,5000086999,4600000207,70,15-11-25,101,HRC,COIL,11513:2017,BIS,cr3,72083990,N,7.453,15553377,MATCHED
2000,R_HR_CO,Hot Rolled Black Coil,25L0026R00,28.74,2001,2.5,1230,0011000082,TATA STEEL LTD,257607046,5000087000,4600000207,70,15-11-25,101,HRC,COIL,11513:2017,BIS,cr3,72083990,N,7.453,42566320,MATCHED
2000,R_HR_CO,Hot Rolled Black Coil,25L0027R00,28.64,2001,2.5,1230,0011000082,TATA STEEL LTD,257607049,5000087001,4600000207,70,15-11-25,101,HRC,COIL,11513:2017,BIS,cr3,72083990,N,7.453,83479490,MATCHED
2000,R_HR_CO,Hot Rolled Black Coil,25L0028R00,24.65,2001,2.15,1235,0011000082,TATA STEEL LTD,257657084,5000087017,4600000212,10,02-12-25,101,HRC,COIL,11513:2017,BIS,cr3,72083990,N,7.453,39771559,MATCHED
2000,R_HR_CO,Hot Rolled Black Coil,25L0029R00,24.65,2001,2.15,1235,0011000082,TATA STEEL LTD,257664054,5000087033,4600000212,10,02-12-25,101,HRC,COIL,11513:2017,BIS,cr3,72083990,N,7.453,91805875,MATCHED
2000,R_HR_CO,Hot Rolled Black Coil,25L0030R00,24.72,2001,2.15,1235,0011000082,TATA STEEL LTD,257673088,5000087041,4600000212,10,02-12-25,101,HRC,COIL,11513:2017,BIS,cr3,72083990,N,7.453,51876618,MATCHED
2000,R_HR_CO,Hot Rolled Black Coil,25L0031R00,24.54,2001,2.15,1235,0011000082,TATA STEEL LTD,257657078,5000087046,4600000212,10,02-12-25,101,HRC,COIL,11513:2017,BIS,cr3,72083990,N,7.453,52924809,MATCHED
2000,R_HR_CO,Hot Rolled Black Coil,25L0032R00,28.61,2001,2.5,1230,0011000082,TATA STEEL LTD,257667024,5000087056,4600000207,70,15-11-25,101,HRC,COIL,11513:2017,BIS,cr3,72083990,N,7.453,24052093,MATCHED
2000,R_HR_CO,Hot Rolled Black Coil,25L0033R00,28.81,2001,2.2,1230,0011000082,TATA STEEL LTD,257668073,5000087059,4600000207,20,15-11-25,101,HRC,COIL,11513:2017,BIS,cr3,72083990,N,7.453,89250804,MATCHED
2000,R_HR_CO,Hot Rolled Black Coil,25L0034R00,28.7,2001,2.5,1230,0011000082,TATA STEEL LTD,257666083,5000087062,4600000207,70,15-11-25,101,HRC,COIL,11513:2017,BIS,cr3,72083990,N,7.453,95180315,MATCHED
2000,R_HR_CO,Hot Rolled Black Coil,25L0036R00,24.62,2001,2.15,1235,0011000082,TATA STEEL LTD,257657048,5000087065,4600000212,10,02-12-25,101,HRC,COIL,11513:2017,BIS,cr3,72083990,N,7.453,65168317,MATCHED
2000,R_HR_CO,Hot Rolled Black Coil,25L0037R00,28.69,2001,2.5,1230,0011000082,TATA STEEL LTD,257666084,5000087068,4600000207,70,15-11-25,101,HRC,COIL,11513:2017,BIS,cr3,72083990,N,7.453,89308387,MATCHED
2000,R_HR_CO,Hot Rolled Black Coil,25L0038R00,28.7,2001,2.2,1230,0011000082,TATA STEEL LTD,257666085,5000087070,4600000207,20,15-11-25,101,HRC,COIL,11513:2017,BIS,cr3,72083990,N,7.453,36754686,MATCHED
2000,R_HR_CO,Hot Rolled Black Coil,25L0039R00,28.76,2001,2,1235,0011000082,TATA STEEL LTD,257667065,5000087071,4600000207,10,15-11-25,101,HRC,COIL,11513:2017,BIS,cr3,72083990,N,7.453,89890101,MATCHED
2000,R_HR_CO,Hot Rolled Black Coil,25L0040R00,28.68,2001,2.2,1230,0011000082,TATA STEEL LTD,257667030,5000087072,4600000207,20,15-11-25,101,HRC,COIL,11513:2017,BIS,cr3,72083990,N,7.453,54129862,MATCHED
2000,R_HR_CO,Hot Rolled Black Coil,25L0041R00,28.57,2001,2.8,1250,0011000082,TATA STEEL LTD,257667021,5000087074,4600000207,90,15-11-25,101,HRC,COIL,11513:2017,BIS,cr3,72083990,N,7.453,76285369,MATCHED
2000,R_HR_CO,Hot Rolled Black Coil,25L0042R00,28.63,2001,2.8,1250,0011000082,TATA STEEL LTD,257667022,5000087075,4600000207,90,15-11-25,101,HRC,COIL,11513:2017,BIS,cr3,72083990,N,7.453,76056379,MATCHED
2000,R_HR_CO,Hot Rolled Black Coil,25L0043R00,28.64,2001,2,1235,0011000082,TATA STEEL LTD,257667062,5000087078,4600000207,10,15-11-25,101,HRC,COIL,11513:2017,BIS,cr3,72083990,N,7.453,22512082,MATCHED
2000,R_HR_CO,Hot Rolled Black Coil,25L0044R00,29.33,2001,2.2,1260,0011000082,TATA STEEL LTD,257625085,5000087081,4600000207,40,15-11-25,101,HRC,COIL,11513:2017,BIS,cr3,72083990,N,7.453,67667751,MATCHED
2000,R_HR_CO,Hot Rolled Black Coil,25L0045R00,28.65,2001,2.2,1230,0011000082,TATA STEEL LTD,257666087,5000087090,4600000207,20,15-11-25,101,HRC,COIL,11513:2017,BIS,cr3,72083990,N,7.453,79686648,MATCHED
2000,R_HR_CO,Hot Rolled Black Coil,25L0046R00,28.82,2001,2.5,1230,0011000082,TATA STEEL LTD,257668066,5000087092,4600000207,70,15-11-25,101,HRC,COIL,11513:2017,BIS,cr3,72083990,N,7.453,81807897,MATCHED
2000,R_HR_CO,Hot Rolled Black Coil,25L0047R00,28.78,2001,2.2,1230,0011000082,TATA STEEL LTD,257668071,5000087094,4600000207,20,15-11-25,101,HRC,COIL,11513:2017,BIS,cr3,72083990,N,7.453,86242615,MATCHED
2000,R_HR_CO,Hot Rolled Black Coil,25L0048R00,24.69,2001,2.15,1235,0011000082,TATA STEEL LTD,257673090,5000087095,4600000212,10,02-12-25,101,HRC,COIL,11513:2017,BIS,cr3,72083990,N,7.453,90089446,MATCHED
2000,R_HR_CO,Hot Rolled Black Coil,25L0049R00,22.45,2001,2.15,1235,0011000082,TATA STEEL LTD,257674099,5000087097,4600000212,10,02-12-25,101,HRC,COIL,11513:2017,BIS,cr3,72083990,N,7.453,66861973,MATCHED
2000,R_HR_CO,Hot Rolled Black Coil,25L0050R00,20.86,2001,2.15,1235,0011000082,TATA STEEL LTD,257593100,5000087097,4600000212,10,02-12-25,101,HRC,COIL,11513:2017,BIS,cr3,72083990,N,7.453,72378387,MATCHED
2000,R_HR_CO,Hot Rolled Black Coil,25L0051R00,28.89,2001,2.2,1230,0011000082,TATA STEEL LTD,257668079,5000087146,4600000207,20,15-11-25,101,HRC,COIL,11513:2017,BIS,cr3,72083990,N,7.453,67286561,MATCHED
2000,R_HR_CO,Hot Rolled Black Coil,25L0052R00,28.62,2001,2.2,1230,0011000082,TATA STEEL LTD,257667026,5000087152,4600000207,60,15-11-25,101,HRC,COIL,11513:2017,BIS,cr3,72083990,N,7.453,76662662,MATCHED
2000,R_HR_CO,Hot Rolled Black Coil,25L0053R00,28.74,2001,2.2,1230,0011000082,TATA STEEL LTD,257668075,5000087155,4600000207,20,15-11-25,101,HRC,COIL,11513:2017,BIS,cr3,72083990,N,7.453,72049820,MATCHED
2000,R_HR_CO,Hot Rolled Black Coil,25L0054R00,28.59,2001,2.5,1230,0011000082,TATA STEEL LTD,257667023,5000087156,4600000207,70,15-11-25,101,HRC,COIL,11513:2017,BIS,cr3,72083990,N,7.453,53286753,MATCHED
2000,R_HR_CO,Hot Rolled Black Coil,25L0055R00,29.1,2001,2.2,1260,0011000082,TATA STEEL LTD,257625064,5000087157,4600000207,40,15-11-25,101,HRC,COIL,11513:2017,BIS,cr3,72083990,N,7.453,79534283,MATCHED
2000,R_HR_CO,Hot Rolled Black Coil,25L0056R00,22.38,2001,2.15,1235,0011000082,TATA STEEL LTD,257674100,5000087159,4600000212,10,02-12-25,101,HRC,COIL,11513:2017,BIS,cr3,72083990,N,7.453,98073136,MATCHED
2000,R_HR_CO,Hot Rolled Black Coil,25L0057R00,21.63,2001,2.15,1235,0011000082,TATA STEEL LTD,257647106B,5000087160,4600000212,10,02-12-25,101,HRC,COIL,11513:2017,BIS,cr3,72083990,N,7.453,65389502,MATCHED
2000,R_HR_CO,Hot Rolled Black Coil,25L0058R00,28.77,2001,2.8,1250,0011000082,TATA STEEL LTD,257667054,5000087161,4600000207,90,15-11-25,101,HRC,COIL,11513:2017,BIS,cr3,72083990,N,7.453,98198092,MATCHED
2000,R_HR_CO,Hot Rolled Black Coil,25L0059R00,28.65,2001,2.2,1230,0011000082,TATA STEEL LTD,257667027,5000087163,4600000207,60,15-11-25,101,HRC,COIL,11513:2017,BIS,cr3,72083990,N,7.453,32323670,MATCHED
2000,R_HR_CO,Hot Rolled Black Coil,25L0060R00,28.88,2001,2.2,1230,0011000082,TATA STEEL LTD,257668068,5000087168,4600000207,60,15-11-25,101,HRC,COIL,11513:2017,BIS,cr3,72083990,N,7.453,30638301,MATCHED
2000,R_HR_CO,Hot Rolled Black Coil,25L0061R00,28.68,2001,2.2,1230,0011000082,TATA STEEL LTD,257667029,5000087169,4600000207,60,15-11-25,101,HRC,COIL,11513:2017,BIS,cr3,72083990,N,7.453,69876961,MATCHED
2000,R_HR_CO,Hot Rolled Black Coil,25L0062R00,28.53,2001,2.2,1230,0011000082,TATA STEEL LTD,257667028,5000087170,4600000207,20,15-11-25,101,HRC,COIL,11513:2017,BIS,cr3,72083990,N,7.453,96614735,MATCHED
2000,R_HR_CO,Hot Rolled Black Coil,25L0063R00,28.64,2001,2,1235,0011000082,TATA STEEL LTD,257667061,5000087176,4600000207,10,15-11-25,101,HRC,COIL,11513:2017,BIS,cr3,72083990,N,7.453,33286829,MATCHED
2000,R_HR_CO,Hot Rolled Black Coil,25L0064R00,28.67,2001,2.2,1230,0011000082,TATA STEEL LTD,257667036,5000087177,4600000207,20,15-11-25,101,HRC,COIL,11513:2017,BIS,cr3,72083990,N,7.453,88513853,MATCHED
2000,R_HR_CO,Hot Rolled Black Coil,25L0065R00,28.66,2001,2.2,1230,0011000082,TATA STEEL LTD,257667037,5000087178,4600000207,60,15-11-25,101,HRC,COIL,11513:2017,BIS,cr3,72083990,N,7.453,58687361,MATCHED
2000,R_HR_CO,Hot Rolled Black Coil,25L0066R00,28.8,2001,2.5,1230,0011000082,TATA STEEL LTD,257667055,5000087179,4600000207,70,15-11-25,101,HRC,COIL,11513:2017,BIS,cr3,72083990,N,7.453,89141376,MATCHED
2000,R_HR_CO,Hot Rolled Black Coil,25L0067R00,28.84,2001,2.5,1230,0011000082,TATA STEEL LTD,257667056,5000087180,4600000207,70,15-11-25,101,HRC,COIL,11513:2017,BIS,cr3,72083990,N,7.453,59207895,MATCHED
2000,R_HR_CO,Hot Rolled Black Coil,25L0068R00,24.61,2001,2.15,1235,0011000082,TATA STEEL LTD,257659090,5000087187,4600000212,10,02-12-25,101,HRC,COIL,11513:2017,BIS,cr3,72083990,N,7.453,33574860,MATCHED
2000,R_HR_CO,Hot Rolled Black Coil,25L0069R00,28.59,2001,2.2,1230,0011000082,TATA STEEL LTD,257667033,5000087188,4600000207,60,15-11-25,101,HRC,COIL,11513:2017,BIS,cr3,72083990,N,7.453,13306743,MATCHED
2000,R_HR_CO,Hot Rolled Black Coil,25L0070R00,28.79,2001,2.2,1230,0011000082,TATA STEEL LTD,257667057,5000087189,4600000207,60,15-11-25,101,HRC,COIL,11513:2017,BIS,cr3,72083990,N,7.453,53229498,MATCHED
2000,R_HR_CO,Hot Rolled Black Coil,25L0071R00,28.57,2001,2.2,1230,0011000082,TATA STEEL LTD,257667035,5000087190,4600000207,60,15-11-25,101,HRC,COIL,11513:2017,BIS,cr3,72083990,N,7.453,23639016,MATCHED
2000,R_HR_CO,Hot Rolled Black Coil,25L0072R00,28.67,2001,2,1235,0011000082,TATA STEEL LTD,257667064,5000087191,4600000207,10,15-11-25,101,HRC,COIL,11513:2017,BIS,cr3,72083990,N,7.453,90405621,MATCHED
2000,R_HR_CO,Hot Rolled Black Coil,25L0073R00,28.84,2001,2.2,1230,0011000082,TATA STEEL LTD,257668077,5000087200,4600000207,60,15-11-25,101,HRC,COIL,11513:2017,BIS,cr3,72083990,N,7.453,43856870,MATCHED
2000,R_HR_CO,Hot Rolled Black Coil,25L0074R00,28.48,2001,2.2,1230,0011000082,TATA STEEL LTD,257667025,5000087201,4600000207,60,15-11-25,101,HRC,COIL,11513:2017,BIS,cr3,72083990,N,7.453,66648718,MATCHED
2000,R_HR_CO,Hot Rolled Black Coil,25L0075R00,28.53,2001,2.2,1230,0011000082,TATA STEEL LTD,257667058,5000087202,4600000207,60,15-11-25,101,HRC,COIL,11513:2017,BIS,cr3,72083990,N,7.453,11255092,MATCHED
2000,R_HR_CO,Hot Rolled Black Coil,25L0076R00,28.73,2001,2,1235,0011000082,TATA STEEL LTD,257667067,5000087205,4600000207,10,15-11-25,101,HRC,COIL,11513:2017,BIS,cr3,72083990,N,7.453,26936958,MATCHED
2000,R_HR_CO,Hot Rolled Black Coil,25L0077R00,24.53,2001,2.15,1235,0011000082,TATA STEEL LTD,257659088,5000087206,4600000212,10,02-12-25,101,HRC,COIL,11513:2017,BIS,cr3,72083990,N,7.453,78646128,MATCHED
2000,R_HR_CO,Hot Rolled Black Coil,25L0078R00,21.46,2001,2.15,1235,0011000082,TATA STEEL LTD,257629068,5000087212,4600000212,10,02-12-25,101,HRC,COIL,11513:2017,BIS,cr3,72083990,N,7.453,69194839,MATCHED
2000,R_HR_CO,Hot Rolled Black Coil,25L0079R00,20.61,2001,2.15,1235,0011000082,TATA STEEL LTD,257585136,5000087212,4600000212,10,02-12-25,101,HRC,COIL,11513:2017,BIS,cr3,72083990,N,7.453,22540817,MATCHED
2000,R_HR_CO,Hot Rolled Black Coil,25L0080R00,28.71,2001,2.2,1230,0011000082,TATA STEEL LTD,257668076,5000087214,4600000207,60,15-11-25,101,HRC,COIL,11513:2017,BIS,cr3,72083990,N,7.453,89348220,MATCHED
2000,R_HR_CO,Hot Rolled Black Coil,25L0081R00,28.83,2001,2.2,1230,0011000082,TATA STEEL LTD,257668080,5000087215,4600000207,60,15-11-25,101,HRC,COIL,11513:2017,BIS,cr3,72083990,N,7.453,95513288,MATCHED
2000,R_HR_CO,Hot Rolled Black Coil,25L0082R00,28.79,2001,2.2,1230,0011000082,TATA STEEL LTD,257668072,5000087218,4600000207,60,15-11-25,101,HRC,COIL,11513:2017,BIS,cr3,72083990,N,7.453,68533428,MATCHED
2000,R_HR_CO,Hot Rolled Black Coil,25L0083R00,28.86,2001,2.2,1230,0011000082,TATA STEEL LTD,257668078,5000087219,4600000207,60,15-11-25,101,HRC,COIL,11513:2017,BIS,cr3,72083990,N,7.453,24466943,MATCHED
2000,R_HR_CO,Hot Rolled Black Coil,25L0084R00,28.67,2001,2.2,1230,0011000082,TATA STEEL LTD,257666086,5000087238,4600000207,60,15-11-25,101,HRC,COIL,11513:2017,BIS,cr3,72083990,N,7.453,33881493,MATCHED
2000,R_HR_CO,Hot Rolled Black Coil,25L0085R00,28.68,2001,2.2,1230,0011000082,TATA STEEL LTD,257666088,5000087239,4600000207,60,15-11-25,101,HRC,COIL,11513:2017,BIS,cr3,72083990,N,7.453,30400264,MATCHED
2000,R_HR_CO,Hot Rolled Black Coil,25L0086R00,28.69,2001,2.5,1230,0011000082,TATA STEEL LTD,257666082,5000087245,4600000207,70,15-11-25,101,HRC,COIL,11513:2017,BIS,cr3,72083990,N,7.453,22259837,MATCHED
2000,R_HR_CO,Hot Rolled Black Coil,25L0087R00,28.73,2001,2.8,1250,0011000082,TATA STEEL LTD,257620014,5000087248,4600000207,90,15-11-25,101,HRC,COIL,11513:2017,BIS,cr3,72083990,N,7.453,29101722,MATCHED
2000,R_HR_CO,Hot Rolled Black Coil,25L0088R00,28.6,2001,2.8,1250,0011000082,TATA STEEL LTD,257620011,5000087249,4600000207,90,15-11-25,101,HRC,COIL,11513:2017,BIS,cr3,72083990,N,7.453,73370385,MATCHED
2000,R_HR_CO,Hot Rolled Black Coil,25L0089R00,28.62,2001,2.8,1250,0011000082,TATA STEEL LTD,257625011,5000087310,4600000207,90,15-11-25,101,HRC,COIL,11513:2017,BIS,cr3,72083990,N,7.453,26134770,MATCHED
2000,R_HR_CO,Hot Rolled Black Coil,25L0090R00,28.69,2001,2.8,1250,0011000082,TATA STEEL LTD,257625012,5000087311,4600000207,90,15-11-25,101,HRC,COIL,11513:2017,BIS,cr3,72083990,N,7.453,60732484,MATCHED
2000,R_HR_CO,Hot Rolled Black Coil,25L0091R00,28.57,2001,2.5,1230,0011000082,TATA STEEL LTD,257606083,5000087314,4600000207,70,15-11-25,101,HRC,COIL,11513:2017,BIS,cr3,72083990,N,7.453,96868517,MATCHED
2000,R_HR_CO,Hot Rolled Black Coil,25L0092R00,28.67,2001,2.5,1230,0011000082,TATA STEEL LTD,257606078,5000087316,4600000207,70,15-11-25,101,HRC,COIL,11513:2017,BIS,cr3,72083990,N,7.453,33785021,MATCHED
2000,R_HR_CO,Hot Rolled Black Coil,25L0093R00,28.66,2001,2.5,1230,0011000082,TATA STEEL LTD,257618030,5000087317,4600000207,70,15-11-25,101,HRC,COIL,11513:2017,BIS,cr3,72083990,N,7.453,19511983,MATCHED
2000,R_HR_CO,Hot Rolled Black Coil,25L0094R00,28.67,2001,2.5,1230,0011000082,TATA STEEL LTD,257618019,5000087318,4600000207,70,15-11-25,101,HRC,COIL,11513:2017,BIS,cr3,72083990,N,7.453,25998801,MATCHED
2000,R_HR_CO,Hot Rolled Black Coil,25L0095R00,28.62,2001,2.5,1230,0011000082,TATA STEEL LTD,257606077,5000087319,4600000207,70,15-11-25,101,HRC,COIL,11513:2017,BIS,cr3,72083990,N,7.453,66653998,MATCHED
2000,R_HR_CO,Hot Rolled Black Coil,25L0096R00,28.65,2001,2,1235,0011000082,TATA STEEL LTD,257667059,5000087327,4600000207,10,15-11-25,101,HRC,COIL,11513:2017,BIS,cr3,72083990,N,7.453,31671999,MATCHED
2000,R_HR_CO,Hot Rolled Black Coil,25L0097R00,28.68,2001,2.5,1230,0011000082,TATA STEEL LTD,257618025,5000087331,4600000207,70,15-11-25,101,HRC,COIL,11513:2017,BIS,cr3,72083990,N,7.453,65043980,MATCHED
2000,R_HR_CO,Hot Rolled Black Coil,25L0098R00,28.69,2001,2.5,1230,0011000082,TATA STEEL LTD,257618022,5000087334,4600000207,70,15-11-25,101,HRC,COIL,11513:2017,BIS,cr3,72083990,N,7.453,91719078,MATCHED
2000,R_HR_CO,Hot Rolled Black Coil,25L0099R00,29.28,2001,2.2,1260,0011000082,TATA STEEL LTD,257625076,5000087337,4600000207,40,15-11-25,101,HRC,COIL,11513:2017,BIS,cr3,72083990,N,7.453,64997653,MATCHED
2000,R_HR_CO,Hot Rolled Black Coil,25L0100R00,29.15,2001,2.2,1260,0011000082,TATA STEEL LTD,257625073,5000087338,4600000207,40,15-11-25,101,HRC,COIL,11513:2017,BIS,cr3,72083990,N,7.453,42556228,MATCHED
2000,R_HR_CO,Hot Rolled Black Coil,25L0101R00,29.21,2001,2.2,1260,0011000082,TATA STEEL LTD,257625070,5000087339,4600000207,40,15-11-25,101,HRC,COIL,11513:2017,BIS,cr3,72083990,N,7.453,39021391,MATCHED
2000,R_HR_CO,Hot Rolled Black Coil,25L0102R00,28.87,2001,2.2,1230,0011000082,TATA STEEL LTD,257668074,5000087342,4600000215,10,06-12-25,101,HRC,COIL,11513:2017,BIS,cr3,72083990,N,7.453,10310457,MATCHED
2000,R_HR_CO,Hot Rolled Black Coil,25L0103R00,28.69,2001,2.2,1230,0011000082,TATA STEEL LTD,257668069,5000087343,4600000215,10,06-12-25,101,HRC,COIL,11513:2017,BIS,cr3,72083990,N,7.453,67698876,MATCHED
2000,R_HR_CO,Hot Rolled Black Coil,25L0104R00,28.79,2001,2.2,1230,0011000082,TATA STEEL LTD,257668070,5000087344,4600000215,10,06-12-25,101,HRC,COIL,11513:2017,BIS,cr3,72083990,N,7.453,45257298,MATCHED
2000,R_HR_CO,Hot Rolled Black Coil,25L0105R00,28.62,2001,2.5,1230,0011000082,TATA STEEL LTD,257616082,5000087393,4600000207,70,15-11-25,101,HRC,COIL,11513:2017,BIS,cr3,72083990,N,7.453,67146487,MATCHED
2000,R_HR_CO,Hot Rolled Black Coil,25L0106R00,28.71,2001,2.5,1230,0011000082,TATA STEEL LTD,257607034,5000087394,4600000207,70,15-11-25,101,HRC,COIL,11513:2017,BIS,cr3,72083990,N,7.453,44863733,MATCHED
2000,R_HR_CO,Hot Rolled Black Coil,25L0107R00,28.7,2001,2.5,1230,0011000082,TATA STEEL LTD,257607040,5000087395,4600000207,70,15-11-25,101,HRC,COIL,11513:2017,BIS,cr3,72083990,N,7.453,16549731,MATCHED
2000,R_HR_CO,Hot Rolled Black Coil,25L0108R00,28.62,2001,2,1235,0011000082,TATA STEEL LTD,257616086,5000087396,4600000207,10,15-11-25,101,HRC,COIL,11513:2017,BIS,cr3,72083990,N,7.453,79629302,MATCHED
2000,R_HR_CO,Hot Rolled Black Coil,25L0109R00,28.63,2001,2,1235,0011000082,TATA STEEL LTD,257621081,5000087397,4600000207,10,15-11-25,101,HRC,COIL,11513:2017,BIS,cr3,72083990,N,7.453,10424056,MATCHED
2000,R_HR_CO,Hot Rolled Black Coil,25L0110R00,28.68,2001,2.2,1230,0011000082,TATA STEEL LTD,257618054,5000087436,4600000216,10,07-12-25,101,HRC,COIL,11513:2017,BIS,cr3,72083990,N,7.453,62562161,MATCHED
2000,R_HR_CO,Hot Rolled Black Coil,25L0111R00,27.54,2001,2.2,1230,0011000082,TATA STEEL LTD,257605043,5000087437,4600000216,10,07-12-25,101,HRC,COIL,11513:2017,BIS,cr3,72083990,N,7.453,65863539,MATCHED
2000,R_HR_CO,Hot Rolled Black Coil,25L0112R00,28.68,2001,2.2,1230,0011000082,TATA STEEL LTD,257618048,5000087439,4600000216,10,07-12-25,101,HRC,COIL,11513:2017,BIS,cr3,72083990,N,7.453,57978795,MATCHED
2000,R_HR>3MM_CO,Hot Rolled Black Coil 3mm & Above,25L0113R00,24.84,2001,3.6,1250,0011000145,JSW STEEL LIMITED,2510530701,5000087440,4600000218,30,08-12-25,101,HRC,COIL,11513:2017,BIS,cr3,72083890,N,7.453,31909135,MATCHED
2000,R_HR_CO,Hot Rolled Black Coil,25L0114R00,24.645,2001,2.2,1230,0011000145,JSW STEEL LIMITED,2520528803,5000087441,4600000217,20,15-11-25,101,HRC,COIL,11513:2017,BIS,cr3,72083990,N,7.453,97950730,MATCHED
2000,R_HR>3MM_CO,Hot Rolled Black Coil 3mm & Above,25L0115R00,25.165,2001,3.6,1250,0011000145,JSW STEEL LIMITED,2510530703,5000087442,4600000218,30,08-12-25,101,HRC,COIL,11513:2017,BIS,cr3,72083890,N,7.453,62063427,MATCHED
2000,R_HR_CO,Hot Rolled Black Coil,25L0116R00,25.03,2001,2,1235,0011000145,JSW STEEL LIMITED,2520528604,5000087444,4600000217,10,15-11-25,101,HRC,COIL,11513:2017,BIS,cr3,72083990,N,7.453,29624169,MATCHED
2000,R_HR>3MM_CO,Hot Rolled Black Coil 3mm & Above,25L0117R00,25.105,2001,3.6,1250,0011000145,JSW STEEL LIMITED,2510530705,5000087443,4600000218,30,08-12-25,101,HRC,COIL,11513:2017,BIS,cr3,72083890,N,7.453,12488204,MATCHED
2000,R_HR_CO,Hot Rolled Black Coil,25L0118R00,25.6,2001,2,1260,0011000145,JSW STEEL LIMITED,2520528205,5000087445,4600000218,20,08-12-25,101,HRC,COIL,11513:2017,BIS,cr3,72083990,N,7.453,57263212,MATCHED
2000,R_HR_CO,Hot Rolled Black Coil,25L0119R00,24.875,2001,2.5,1230,0011000145,JSW STEEL LIMITED,2520528607,5000087446,4600000217,30,15-11-25,101,HRC,COIL,11513:2017,BIS,cr3,72083990,N,7.453,73887133,MATCHED
2000,R_HR>3MM_CO,Hot Rolled Black Coil 3mm & Above,25L0120R00,24.795,2001,3.6,1250,0011000145,JSW STEEL LIMITED,2510530702,5000087447,4600000218,30,08-12-25,101,HRC,COIL,11513:2017,BIS,cr3,72083890,N,7.453,10929274,MATCHED
2000,R_HR_CO,Hot Rolled Black Coil,25L0121R00,25.04,2001,2,1260,0011000145,JSW STEEL LIMITED,2520528307,5000087448,4600000218,20,08-12-25,101,HRC,COIL,11513:2017,BIS,cr3,72083990,N,7.453,16758292,MATCHED
2000,R_HR_CO,Hot Rolled Black Coil,25L0122R00,24.84,2001,2.2,1230,0011000145,JSW STEEL LIMITED,2530541605,5000087450,4600000217,20,15-11-25,101,HRC,COIL,11513:2017,BIS,cr3,72083990,N,7.453,13666668,MATCHED
2000,R_HR>3MM_CO,Hot Rolled Black Coil 3mm & Above,25L0123R00,25.09,2001,3.6,1250,0011000145,JSW STEEL LIMITED,2510530707,5000087449,4600000218,30,08-12-25,101,HRC,COIL,11513:2017,BIS,cr3,72083890,N,7.453,59281030,MATCHED
2000,R_HR>3MM_CO,Hot Rolled Black Coil 3mm & Above,25L0124R00,25.075,2001,3.6,1250,0011000145,JSW STEEL LIMITED,2510530706,5000087451,4600000218,30,08-12-25,101,HRC,COIL,11513:2017,BIS,cr3,72083890,N,7.453,73692884,MATCHED
2000,R_HR_CO,Hot Rolled Black Coil,25L0125R00,24.955,2001,2.2,1230,0011000145,JSW STEEL LIMITED,2510531104,5000087452,4600000217,20,15-11-25,101,HRC,COIL,11513:2017,BIS,cr3,72083990,N,7.453,68526727,MATCHED
2000,R_HR>3MM_CO,Hot Rolled Black Coil 3mm & Above,25L0126R00,25.175,2001,3.6,1250,0011000145,JSW STEEL LIMITED,2510530704,5000087453,4600000218,30,08-12-25,101,HRC,COIL,11513:2017,BIS,cr3,72083890,N,7.453,17080641,MATCHED
2000,R_HR_CO,Hot Rolled Black Coil,25L0127R00,24.635,2001,2.5,1230,0011000145,JSW STEEL LIMITED,2520528702,5000087454,4600000217,30,15-11-25,101,HRC,COIL,11513:2017,BIS,cr3,72083990,N,7.453,92049339,MATCHED
2000,R_HR_CO,Hot Rolled Black Coil,25L0128R00,24.845,2001,2.2,1230,0011000145,JSW STEEL LIMITED,2530541603,5000087455,4600000217,20,15-11-25,101,HRC,COIL,11513:2017,BIS,cr3,72083990,N,7.453,48732679,MATCHED
2000,R_HR_CO,Hot Rolled Black Coil,25L0129R00,24.78,2001,2.2,1230,0011000145,JSW STEEL LIMITED,2520528802,5000087456,4600000217,20,15-11-25,101,HRC,COIL,11513:2017,BIS,cr3,72083990,N,7.453,51660709,MATCHED
2000,R_HR_CO,Hot Rolled Black Coil,25L0130R00,25.095,2001,2,1235,0011000145,JSW STEEL LIMITED,2510530905,5000087457,4600000217,10,15-11-25,101,HRC,COIL,11513:2017,BIS,cr3,72083990,N,7.453,45960480,MATCHED
2000,R_HR_CO,Hot Rolled Black Coil,25L0131R00,24.86,2001,2.2,1230,0011000145,JSW STEEL LIMITED,2530541606,5000087459,4600000217,20,15-11-25,101,HRC,COIL,11513:2017,BIS,cr3,72083990,N,7.453,84226469,MATCHED
2000,R_HR>3MM_CO,Hot Rolled Black Coil 3mm & Above,25L0132R00,25.105,2001,3.6,1250,0011000145,JSW STEEL LIMITED,2510530708,5000087460,4600000218,30,08-12-25,101,HRC,COIL,11513:2017,BIS,cr3,72083890,N,7.453,66168126,MATCHED
2000,R_HR>3MM_CO,Hot Rolled Black Coil 3mm & Above,25L0133R00,25.215,2001,3,1250,0011000145,JSW STEEL LIMITED,2530541208,5000087461,4600000217,90,15-11-25,101,HRC,COIL,11513:2017,BIS,cr2,72083890,N,7.453,31185765,MATCHED
2000,R_HR_CO,Hot Rolled Black Coil,25L0134R00,24.81,2001,2.2,1230,0011000145,JSW STEEL LIMITED,2520528608,5000087462,4600000217,20,15-11-25,101,HRC,COIL,11513:2017,BIS,cr3,72083990,N,7.453,25574097,MATCHED
2000,R_HR>3MM_CO,Hot Rolled Black Coil 3mm & Above,25L0135R00,24.59,2001,3,1220,0011000145,JSW STEEL LIMITED,2530541501,5000087463,4600000217,80,15-11-25,101,HRC,COIL,11513:2017,BIS,cr2,72083890,N,7.453,34110430,MATCHED
2000,R_HR>3MM_CO,Hot Rolled Black Coil 3mm & Above,25L0136R00,25.24,2001,3,1250,0011000145,JSW STEEL LIMITED,2530541205,5000087464,4600000217,90,15-11-25,101,HRC,COIL,11513:2017,BIS,cr2,72083890,N,7.453,43930320,MATCHED
2000,R_HR_CO,Hot Rolled Black Coil,25L0137R00,24.781,2001,2.5,1230,0011000145,JSW STEEL LIMITED,2510530807,5000087465,4600000217,30,15-11-25,101,HRC,COIL,11513:2017,BIS,cr3,72083990,N,7.453,18414954,MATCHED
2000,R_HR_CO,Hot Rolled Black Coil,25L0138R00,24.69,2001,2.5,1230,0011000145,JSW STEEL LIMITED,2530541503,5000087466,4600000217,30,15-11-25,101,HRC,COIL,11513:2017,BIS,cr3,72083990,N,7.453,63878158,MATCHED
2000,R_HR>3MM_CO,Hot Rolled Black Coil 3mm & Above,25L0139R00,25.21,2001,3,1250,0011000145,JSW STEEL LIMITED,2530541201,5000087467,4600000217,90,15-11-25,101,HRC,COIL,11513:2017,BIS,cr2,72083890,N,7.453,64936081,MATCHED
2000,R_HR_CO,Hot Rolled Black Coil,25L0140R00,24.815,2001,2,1235,0011000145,JSW STEEL LIMITED,2520528603,5000087468,4600000217,10,15-11-25,101,HRC,COIL,11513:2017,BIS,cr3,72083990,N,7.453,65490456,MATCHED
2000,R_HR_CO,Hot Rolled Black Coil,25L0141R00,24.83,2001,2.5,1230,0011000145,JSW STEEL LIMITED,2510530801,5000087469,4600000217,30,15-11-25,101,HRC,COIL,11513:2017,BIS,cr3,72083990,N,7.453,85479146,MATCHED
2000,R_HR_CO,Hot Rolled Black Coil,25L0142R00,24.745,2001,2.5,1230,0011000145,JSW STEEL LIMITED,2510530806,5000087470,4600000217,30,15-11-25,101,HRC,COIL,11513:2017,BIS,cr3,72083990,N,7.453,67680302,MATCHED
2000,R_HR_CO,Hot Rolled Black Coil,25L0143R00,25.035,2001,2,1235,0011000145,JSW STEEL LIMITED,2520528601,5000087471,4600000217,10,15-11-25,101,HRC,COIL,11513:2017,BIS,cr3,72083990,N,7.453,71067849,MATCHED
2000,R_HR_CO,Hot Rolled Black Coil,25L0144R00,24.85,2001,2.2,1230,0011000145,JSW STEEL LIMITED,2540537203,5000087472,4600000217,20,15-11-25,101,HRC,COIL,11513:2017,BIS,cr3,72083990,N,7.453,38078557,MATCHED
2000,R_HR_CO,Hot Rolled Black Coil,25L0145R00,24.83,2001,2.2,1230,0011000145,JSW STEEL LIMITED,2530541604,5000087473,4600000217,20,15-11-25,101,HRC,COIL,11513:2017,BIS,cr3,72083990,N,7.453,38084378,MATCHED
2000,R_HR_CO,Hot Rolled Black Coil,25L0146R00,25.08,2001,2,1235,0011000145,JSW STEEL LIMITED,2510530904,5000087474,4600000217,10,15-11-25,101,HRC,COIL,11513:2017,BIS,cr3,72083990,N,7.453,28998114,MATCHED
2000,R_HR_CO,Hot Rolled Black Coil,25L0147R00,25.13,2001,2.8,1250,0011000145,JSW STEEL LIMITED,2530541303,5000087475,4600000217,60,15-11-25,101,HRC,COIL,11513:2017,BIS,cr2,72083990,N,7.453,93664354,MATCHED
2000,R_HR_CO,Hot Rolled Black Coil,25L0148R00,25.085,2001,2,1235,0011000145,JSW STEEL LIMITED,2520528602,5000087476,4600000217,10,15-11-25,101,HRC,COIL,11513:2017,BIS,cr3,72083990,N,7.453,93113100,MATCHED
2000,R_HR_CO,Hot Rolled Black Coil,25L0149R00,24.61,2001,2.8,1220,0011000145,JSW STEEL LIMITED,2540537003,5000087477,4600000217,150,15-11-25,101,HRC,COIL,11513:2017,BIS,cr2,72083990,N,7.453,44715501,MATCHED
2000,R_HR_CO,Hot Rolled Black Coil,25L0150R00,25.045,2001,2,1235,0011000145,JSW STEEL LIMITED,2520528606,5000087478,4600000217,10,15-11-25,101,HRC,COIL,11513:2017,BIS,cr3,72083990,N,7.453,63219465,MATCHED
2000,R_HR_CO,Hot Rolled Black Coil,25L0151R00,24.89,2001,2.2,1230,0011000145,JSW STEEL LIMITED,2530541607,5000087479,4600000217,20,15-11-25,101,HRC,COIL,11513:2017,BIS,cr3,72083990,N,7.453,62554213,MATCHED
2000,R_HR_CO,Hot Rolled Black Coil,25L0152R00,24.705,2001,2.2,1230,0011000145,JSW STEEL LIMITED,2530541504,5000087480,4600000217,20,15-11-25,101,HRC,COIL,11513:2017,BIS,cr3,72083990,N,7.453,74121895,MATCHED
2000,R_HR_CO,Hot Rolled Black Coil,25L0153R00,25.02,2001,2.2,1230,0011000145,JSW STEEL LIMITED,2510531101,5000087482,4600000217,20,15-11-25,101,HRC,COIL,11513:2017,BIS,cr3,72083990,N,7.453,56456346,MATCHED
2000,R_HR_CO,Hot Rolled Black Coil,25L0154R00,24.91,2001,2.2,1230,0011000145,JSW STEEL LIMITED,2530541601,5000087484,4600000217,20,15-11-25,101,HRC,COIL,11513:2017,BIS,cr3,72083990,N,7.453,21868440,MATCHED
2000,R_HR_CO,Hot Rolled Black Coil,25L0155R00,24.975,2001,2.2,1230,0011000145,JSW STEEL LIMITED,2510531103,5000087489,4600000217,20,15-11-25,101,HRC,COIL,11513:2017,BIS,cr3,72083990,N,7.453,64544839,MATCHED
2000,R_HR_CO,Hot Rolled Black Coil,25L0156R00,25.015,2001,2,1235,0011000145,JSW STEEL LIMITED,2510530908,5000087490,4600000217,10,15-11-25,101,HRC,COIL,11513:2017,BIS,cr3,72083990,N,7.453,69016060,MATCHED
2000,R_HR_CO,Hot Rolled Black Coil,25L0157R00,25.1,2001,2,1235,0011000145,JSW STEEL LIMITED,2510530906,5000087491,4600000217,10,15-11-25,101,HRC,COIL,11513:2017,BIS,cr3,72083990,N,7.453,67256993,MATCHED
2000,R_HR_CO,Hot Rolled Black Coil,25L0158R00,24.69,2001,2.2,1230,0011000145,JSW STEEL LIMITED,2530541703,5000087492,4600000217,20,15-11-25,101,HRC,COIL,11513:2017,BIS,cr3,72083990,N,7.453,15455098,MATCHED
2000,R_HR_CO,Hot Rolled Black Coil,25L0159R00,25.6,2001,2.5,1260,0011000145,JSW STEEL LIMITED,2520528204,5000087493,4600000217,130,15-11-25,101,HRC,COIL,11513:2017,BIS,cr3,72083990,N,7.453,30671173,MATCHED
2000,R_HR>3MM_CO,Hot Rolled Black Coil 3mm & Above,25L0160R00,25.295,2001,3,1250,0011000145,JSW STEEL LIMITED,2530541102,5000087494,4600000217,90,15-11-25,101,HRC,COIL,11513:2017,BIS,cr2,72083890,N,7.453,59537071,MATCHED
2000,R_HR_CO,Hot Rolled Black Coil,25L0161R00,24.87,2001,2.2,1230,0011000145,JSW STEEL LIMITED,2510531102,5000087495,4600000217,20,15-11-25,101,HRC,COIL,11513:2017,BIS,cr3,72083990,N,7.453,85755100,MATCHED
2000,R_HR_CO,Hot Rolled Black Coil,25L0162R00,24.93,2001,2.2,1230,0011000145,JSW STEEL LIMITED,2510531106,5000087505,4600000217,20,15-11-25,101,HRC,COIL,11513:2017,BIS,cr3,72083990,N,7.453,50914385,MATCHED
2000,R_HR_CO,Hot Rolled Black Coil,25L0163R00,24.705,2001,2.2,1230,0011000145,JSW STEEL LIMITED,2520528801,5000087511,4600000217,20,15-11-25,101,HRC,COIL,11513:2017,BIS,cr3,72083990,N,7.453,83197214,MATCHED
2000,R_HR_CO,Hot Rolled Black Coil,25L0164R00,25.02,2001,2,1235,0011000145,JSW STEEL LIMITED,2510530907,5000087513,4600000217,10,15-11-25,101,HRC,COIL,11513:2017,BIS,cr3,72083990,N,7.453,17153835,MATCHED
2000,R_HR_CO,Hot Rolled Black Coil,25L0165R00,25.125,2001,2.8,1250,0011000145,JSW STEEL LIMITED,2540537001,5000087514,4600000217,60,15-11-25,101,HRC,COIL,11513:2017,BIS,cr2,72083990,N,7.453,30258647,MATCHED
2000,R_HR_CO,Hot Rolled Black Coil,25L0166R00,25.61,2001,2,1260,0011000145,JSW STEEL LIMITED,2520528206,5000087516,4600000218,20,08-12-25,101,HRC,COIL,11513:2017,BIS,cr3,72083990,N,7.453,79536372,MATCHED
2000,R_HR_CO,Hot Rolled Black Coil,25L0167R00,28.66,2001,2.5,1230,0011000082,TATA STEEL LTD,257618033,5000087551,4600000207,70,15-11-25,101,HRC,COIL,11513:2017,BIS,cr3,72083990,N,7.453,33111104,MATCHED
2000,R_HR_CO,Hot Rolled Black Coil,25L0168R00,28.5,2001,2.5,1230,0011000082,TATA STEEL LTD,257618088,5000087553,4600000207,70,15-11-25,101,HRC,COIL,11513:2017,BIS,cr3,72083990,N,7.453,47719220,MATCHED
2000,R_HR_CO,Hot Rolled Black Coil,25L0169R00,24.58,2001,2.8,1220,0011000145,JSW STEEL LIMITED,2540537008,5000087555,4600000217,150,15-11-25,101,HRC,COIL,11513:2017,BIS,cr2,72083990,N,7.453,49778165,MATCHED
2000,R_HR_CO,Hot Rolled Black Coil,25L0170R00,24.605,2001,2.8,1220,0011000145,JSW STEEL LIMITED,2540537006,5000087558,4600000217,150,15-11-25,101,HRC,COIL,11513:2017,BIS,cr2,72083990,N,7.453,49083647,MATCHED
2000,R_HR_CO,Hot Rolled Black Coil,25L0171R00,24.51,2001,2.8,1220,0011000145,JSW STEEL LIMITED,2530541403,5000087559,4600000217,150,15-11-25,101,HRC,COIL,11513:2017,BIS,cr2,72083990,N,7.453,60289021,MATCHED
2000,R_HR_CO,Hot Rolled Black Coil,25L0172R00,24.66,2001,2.2,1230,0011000145,JSW STEEL LIMITED,2520528704,5000087560,4600000217,20,15-11-25,101,HRC,COIL,11513:2017,BIS,cr3,72083990,N,7.453,45403102,MATCHED
2000,R_HR_CO,Hot Rolled Black Coil,25L0173R00,24.518,2001,2.8,1220,0011000145,JSW STEEL LIMITED,2540537004,5000087561,4600000217,150,15-11-25,101,HRC,COIL,11513:2017,BIS,cr2,72083990,N,7.453,83327243,MATCHED
2000,R_HR_CO,Hot Rolled Black Coil,25L0174R00,25.14,2001,2.8,1250,0011000145,JSW STEEL LIMITED,2530541302,5000087563,4600000217,60,15-11-25,101,HRC,COIL,11513:2017,BIS,cr2,72083990,N,7.453,88455984,MATCHED
2000,R_HR_CO,Hot Rolled Black Coil,25L0175R00,24.695,2001,2.2,1230,0011000145,JSW STEEL LIMITED,2520528807,5000087564,4600000217,20,15-11-25,101,HRC,COIL,11513:2017,BIS,cr3,72083990,N,7.453,73881302,MATCHED
2000,R_HR_CO,Hot Rolled Black Coil,25L0176R00,24.68,2001,2.2,1230,0011000145,JSW STEEL LIMITED,2530541702,5000087565,4600000217,20,15-11-25,101,HRC,COIL,11513:2017,BIS,cr3,72083990,N,7.453,20798276,MATCHED
2000,R_HR_CO,Hot Rolled Black Coil,25L0177R00,24.86,2001,2.2,1230,0011000145,JSW STEEL LIMITED,2540537202,5000087566,4600000217,20,15-11-25,101,HRC,COIL,11513:2017,BIS,cr3,72083990,N,7.453,76763141,MATCHED
2000,R_HR_CO,Hot Rolled Black Coil,25L0178R00,24.955,2001,2.2,1230,0011000145,JSW STEEL LIMITED,2530541608,5000087567,4600000217,20,15-11-25,101,HRC,COIL,11513:2017,BIS,cr3,72083990,N,7.453,71738807,MATCHED
2000,R_HR_CO,Hot Rolled Black Coil,25L0179R00,25.015,2001,2.5,1260,0011000145,JSW STEEL LIMITED,2520528308,5000087568,4600000217,130,15-11-25,101,HRC,COIL,11513:2017,BIS,cr3,72083990,N,7.453,16515770,MATCHED
2000,R_HR>3MM_CO,Hot Rolled Black Coil 3mm & Above,25L0180R00,24.595,2001,3,1220,0011000145,JSW STEEL LIMITED,2530541406,5000087569,4600000217,80,15-11-25,101,HRC,COIL,11513:2017,BIS,cr2,72083890,N,7.453,49339137,MATCHED
2000,R_HR>3MM_CO,Hot Rolled Black Coil 3mm & Above,25L0181R00,24.965,2001,3,1250,0011000145,JSW STEEL LIMITED,2530541104,5000087570,4600000217,90,15-11-25,101,HRC,COIL,11513:2017,BIS,cr2,72083890,N,7.453,48312305,MATCHED
2000,R_HR>3MM_CO,Hot Rolled Black Coil 3mm & Above,25L0182R00,25.225,2001,3,1250,0011000145,JSW STEEL LIMITED,2530541207,5000087571,4600000217,90,15-11-25,101,HRC,COIL,11513:2017,BIS,cr2,72083890,N,7.453,27633924,MATCHED
2000,R_HR_CO,Hot Rolled Black Coil,25L0183R00,24.805,2001,2,1235,0011000145,JSW STEEL LIMITED,2510530903,5000087572,4600000218,10,08-12-25,101,HRC,COIL,11513:2017,BIS,cr3,72083990,N,7.453,58643873,MATCHED
2000,R_HR>3MM_CO,Hot Rolled Black Coil 3mm & Above,25L0184R00,25.02,2001,3,1250,0011000145,JSW STEEL LIMITED,2530541105,5000087573,4600000217,90,15-11-25,101,HRC,COIL,11513:2017,BIS,cr2,72083890,N,7.453,32191428,MATCHED
2000,R_HR_CO,Hot Rolled Black Coil,25L0185R00,24.625,2001,2.2,1230,0011000145,JSW STEEL LIMITED,2520528707,5000087574,4600000217,20,15-11-25,101,HRC,COIL,11513:2017,BIS,cr3,72083990,N,7.453,72551203,MATCHED
2000,R_HR>3MM_CO,Hot Rolled Black Coil 3mm & Above,25L0186R00,25.24,2001,3,1250,0011000145,JSW STEEL LIMITED,2540536802,5000087575,4600000217,90,15-11-25,101,HRC,COIL,11513:2017,BIS,cr2,72083890,N,7.453,26660123,MATCHED
2000,R_HR_CO,Hot Rolled Black Coil,25L0187R00,25.62,2001,2,1260,0011000145,JSW STEEL LIMITED,2520528207,5000087576,4600000218,20,08-12-25,101,HRC,COIL,11513:2017,BIS,cr3,72083990,N,7.453,56269806,MATCHED
2000,R_HR>3MM_CO,Hot Rolled Black Coil 3mm & Above,25L0188R00,25.225,2001,3,1250,0011000145,JSW STEEL LIMITED,2530541203,5000087578,4600000217,90,15-11-25,101,HRC,COIL,11513:2017,BIS,cr2,72083890,N,7.453,78855025,MATCHED
2000,R_HR_CO,Hot Rolled Black Coil,25L0189R00,24.855,2001,2.5,1230,0011000145,JSW STEEL LIMITED,2540537002,5000087579,4600000217,30,15-11-25,101,HRC,COIL,11513:2017,BIS,cr3,72083990,N,7.453,88021719,MATCHED
2000,R_HR>3MM_CO,Hot Rolled Black Coil 3mm & Above,25L0190R00,24.535,2001,3,1220,0011000145,JSW STEEL LIMITED,2530541404,5000087580,4600000217,80,15-11-25,101,HRC,COIL,11513:2017,BIS,cr2,72083890,N,7.453,58858920,MATCHED
2000,R_HR>3MM_CO,Hot Rolled Black Coil 3mm & Above,25L0191R00,25.25,2001,3,1250,0011000145,JSW STEEL LIMITED,2530541206,5000087581,4600000217,90,15-11-25,101,HRC,COIL,11513:2017,BIS,cr2,72083890,N,7.453,85171728,MATCHED
2000,R_HR_CO,Hot Rolled Black Coil,25L0192R00,24.65,2001,2.5,1230,0011000145,JSW STEEL LIMITED,2530541701,5000087588,4600000217,30,15-11-25,101,HRC,COIL,11513:2017,BIS,cr3,72083990,N,7.453,78491360,MATCHED
2000,R_HR_CO,Hot Rolled Black Coil,25L0193R00,25.145,2001,2.8,1250,0011000145,JSW STEEL LIMITED,2530541304,5000087597,4600000217,60,15-11-25,101,HRC,COIL,11513:2017,BIS,cr2,72083990,N,7.453,44356142,MATCHED
2000,R_HR_CO,Hot Rolled Black Coil,25L0194R00,24.555,2001,2.8,1220,0011000145,JSW STEEL LIMITED,2530541402,5000087615,4600000217,150,15-11-25,101,HRC,COIL,11513:2017,BIS,cr2,72083990,N,7.453,59678471,MATCHED
2000,R_HR>3MM_CO,Hot Rolled Black Coil 3mm & Above,25L0195R00,25.235,2001,3,1250,0011000145,JSW STEEL LIMITED,2540536803,5000087616,4600000217,90,15-11-25,101,HRC,COIL,11513:2017,BIS,cr2,72083890,N,7.453,67670499,MATCHED
2000,R_HR>3MM_CO,Hot Rolled Black Coil 3mm & Above,25L0196R00,25.195,2001,3,1250,0011000145,JSW STEEL LIMITED,2540536806,5000087620,4600000217,90,15-11-25,101,HRC,COIL,11513:2017,BIS,cr2,72083890,N,7.453,18833866,MATCHED
2000,R_HR_CO,Hot Rolled Black Coil,25L0197R00,25.135,2001,2.8,1250,0011000145,JSW STEEL LIMITED,2530541306,5000087621,4600000217,60,15-11-25,101,HRC,COIL,11513:2017,BIS,cr2,72083990,N,7.453,40292581,MATCHED
2000,R_HR>3MM_CO,Hot Rolled Black Coil 3mm & Above,25L0198R00,25.1,2001,3,1250,0011000145,JSW STEEL LIMITED,2530541107,5000087623,4600000217,90,15-11-25,101,HRC,COIL,11513:2017,BIS,cr2,72083890,N,7.453,88886513,MATCHED
2000,R_HR_CO,Hot Rolled Black Coil,25L0199R00,24.67,2001,2.2,1230,0011000145,JSW STEEL LIMITED,2520528703,5000087624,4600000217,50,15-11-25,101,HRC,COIL,11513:2017,BIS,cr3,72083990,N,7.453,77657586,MATCHED
2000,R_HR>3MM_CO,Hot Rolled Black Coil 3mm & Above,25L0200R00,25.245,2001,3,1250,0011000145,JSW STEEL LIMITED,2540536805,5000087625,4600000217,90,15-11-25,101,HRC,COIL,11513:2017,BIS,cr2,72083890,N,7.453,93537534,MATCHED
2000,R_HR>3MM_CO,Hot Rolled Black Coil 3mm & Above,25L0201R00,25.22,2001,3,1250,0011000145,JSW STEEL LIMITED,2540536804,5000087630,4600000217,90,15-11-25,101,HRC,COIL,11513:2017,BIS,cr2,72083890,N,7.453,65154041,MATCHED
2000,R_HR_CO,Hot Rolled Black Coil,25L0202R00,24.69,2001,2.2,1230,0011000145,JSW STEEL LIMITED,2520528806,5000087631,4600000217,50,15-11-25,101,HRC,COIL,11513:2017,BIS,cr3,72083990,N,7.453,84170475,MATCHED
2000,R_HR>3MM_CO,Hot Rolled Black Coil 3mm & Above,25L0203R00,25.28,2001,3,1250,0011000145,JSW STEEL LIMITED,2540536801,5000087632,4600000217,90,15-11-25,101,HRC,COIL,11513:2017,BIS,cr2,72083890,N,7.453,65476983,MATCHED
2000,R_HR>3MM_CO,Hot Rolled Black Coil 3mm & Above,25L0204R00,25.035,2001,3,1250,0011000145,JSW STEEL LIMITED,2530541106,5000087637,4600000217,90,15-11-25,101,HRC,COIL,11513:2017,BIS,cr2,72083890,N,7.453,16735814,MATCHED
2000,R_HR_CO,Hot Rolled Black Coil,25L0205R00,24.675,2001,2.2,1230,0011000145,JSW STEEL LIMITED,2520528705,5000087638,4600000217,50,15-11-25,101,HRC,COIL,11513:2017,BIS,cr3,72083990,N,7.453,46328432,MATCHED
2000,R_HR_CO,Hot Rolled Black Coil,25L0206R00,24.445,2001,2.2,1230,0011000145,JSW STEEL LIMITED,2520528805,5000087642,4600000217,50,15-11-25,101,HRC,COIL,11513:2017,BIS,cr3,72083990,N,7.453,96114618,MATCHED
2000,R_HR_CO,Hot Rolled Black Coil,25L0207R00,24.585,2001,2.8,1220,0011000145,JSW STEEL LIMITED,2540537005,5000087643,4600000217,150,15-11-25,101,HRC,COIL,11513:2017,BIS,cr2,72083990,N,7.453,67595069,MATCHED
2000,R_HR_CO,Hot Rolled Black Coil,25L0208R00,25.055,2001,2,1235,0011000145,JSW STEEL LIMITED,2510530902,5000087644,4600000218,10,08-12-25,101,HRC,COIL,11513:2017,BIS,cr3,72083990,N,7.453,65994836,MATCHED
2000,R_HR_CO,Hot Rolled Black Coil,25L0209R00,25.075,2001,2.2,1230,0011000145,JSW STEEL LIMITED,2510530901,5000087646,4600000217,50,15-11-25,101,HRC,COIL,11513:2017,BIS,cr3,72083990,N,7.453,49562956,MATCHED
2000,R_HR>3MM_CO,Hot Rolled Black Coil 3mm & Above,25L0210R00,24.558,2001,3,1220,0011000145,JSW STEEL LIMITED,2530541407,5000087647,4600000217,80,15-11-25,101,HRC,COIL,11513:2017,BIS,cr2,72083890,N,7.453,62233248,MATCHED
2000,R_HR_CO,Hot Rolled Black Coil,25L0211R00,24.885,2001,2.2,1230,0011000145,JSW STEEL LIMITED,2540537205,5000087648,4600000217,50,15-11-25,101,HRC,COIL,11513:2017,BIS,cr3,72083990,N,7.453,28780850,MATCHED
2000,R_HR_CO,Hot Rolled Black Coil,25L0212R00,25.13,2001,2.8,1250,0011000145,JSW STEEL LIMITED,2530541301,5000087649,4600000217,60,15-11-25,101,HRC,COIL,11513:2017,BIS,cr2,72083990,N,7.453,17463648,MATCHED
2000,R_HR_CO,Hot Rolled Black Coil,25L0213R00,25.075,2001,2.8,1250,0011000145,JSW STEEL LIMITED,2530541305,5000087650,4600000217,60,15-11-25,101,HRC,COIL,11513:2017,BIS,cr2,72083990,N,7.453,74723431,MATCHED
2000,R_HR_CO,Hot Rolled Black Coil,25L0214R00,24.72,2001,2.2,1230,0011000145,JSW STEEL LIMITED,2520528804,5000087651,4600000217,50,15-11-25,101,HRC,COIL,11513:2017,BIS,cr3,72083990,N,7.453,60370316,MATCHED
2000,R_HR_CO,Hot Rolled Black Coil,25L0215R00,25.095,2001,2,1260,0011000145,JSW STEEL LIMITED,2520528305,5000087653,4600000218,20,08-12-25,101,HRC,COIL,11513:2017,BIS,cr3,72083990,N,7.453,52961449,MATCHED
2000,R_HR_CO,Hot Rolled Black Coil,25L0216R00,24.94,2001,2.2,1230,0011000145,JSW STEEL LIMITED,2540537207,5000087654,4600000217,50,15-11-25,101,HRC,COIL,11513:2017,BIS,cr3,72083990,N,7.453,83165897,MATCHED
2000,R_HR_CO,Hot Rolled Black Coil,25L0217R00,24.87,2001,2.2,1230,0011000145,JSW STEEL LIMITED,2540537201,5000087656,4600000217,50,15-11-25,101,HRC,COIL,11513:2017,BIS,cr3,72083990,N,7.453,41714059,MATCHED
2000,R_HR>3MM_CO,Hot Rolled Black Coil 3mm & Above,25L0218R00,25.23,2001,3,1250,0011000145,JSW STEEL LIMITED,2530541202,5000087657,4600000217,90,15-11-25,101,HRC,COIL,11513:2017,BIS,cr2,72083890,N,7.453,28356173,MATCHED
2000,R_HR_CO,Hot Rolled Black Coil,25L0219R00,24.89,2001,2.2,1230,0011000145,JSW STEEL LIMITED,2530541602,5000087658,4600000217,50,15-11-25,101,HRC,COIL,11513:2017,BIS,cr3,72083990,N,7.453,31782749,MATCHED
2000,R_HR>3MM_CO,Hot Rolled Black Coil 3mm & Above,25L0220R00,25.22,2001,3,1250,0011000145,JSW STEEL LIMITED,2530541204,5000087660,4600000217,90,15-11-25,101,HRC,COIL,11513:2017,BIS,cr2,72083890,N,7.453,62057880,MATCHED
2000,R_HR_CO,Hot Rolled Black Coil,25L0221R00,24.565,2001,2,1235,0011000145,JSW STEEL LIMITED,2510530803,5000087662,4600000217,10,15-11-25,101,HRC,COIL,11513:2017,BIS,cr3,72083990,N,7.453,14384036,MATCHED
2000,R_HR_CO,Hot Rolled Black Coil,25L0222R00,24.76,2001,2,1235,0011000145,JSW STEEL LIMITED,2510530804,5000087663,4600000217,10,15-11-25,101,HRC,COIL,11513:2017,BIS,cr3,72083990,N,7.453,34656192,MATCHED
2000,R_HR_CO,Hot Rolled Black Coil,25L0223R00,24.73,2001,2.2,1230,0011000145,JSW STEEL LIMITED,2520528706,5000087664,4600000217,50,15-11-25,101,HRC,COIL,11513:2017,BIS,cr3,72083990,N,7.453,98734329,MATCHED
2000,R_HR_CO,Hot Rolled Black Coil,25L0224R00,24.8,2001,2,1235,0011000145,JSW STEEL LIMITED,2510530802,5000087670,4600000218,10,08-12-25,101,HRC,COIL,11513:2017,BIS,cr3,72083990,N,7.453,29449676,MATCHED
2000,R_HR_CO,Hot Rolled Black Coil,25L0225R00,25.7,2001,2,1260,0011000145,JSW STEEL LIMITED,2520528301,5000087681,4600000218,20,08-12-25,101,HRC,COIL,11513:2017,BIS,cr3,72083990,N,7.453,89565305,MATCHED
2000,R_HR_CO,Hot Rolled Black Coil,25L0226R00,25.6,2001,2.5,1260,0011000145,JSW STEEL LIMITED,2520528203,5000087709,4600000217,130,15-11-25,101,HRC,COIL,11513:2017,BIS,cr3,72083990,N,7.453,76069151,MATCHED
2000,R_HR_CO,Hot Rolled Black Coil,25L0227R00,27.08,2001,2,1235,0011000082,TATA STEEL LTD,257616080A,5000087733,4600000207,50,15-11-25,101,HRC,COIL,11513:2017,BIS,cr3,72083990,N,7.453,71963356,MATCHED
2000,R_HR_CO,Hot Rolled Black Coil,25L0228R00,25.695,2001,2,1260,0011000145,JSW STEEL LIMITED,2520528302,5000087745,4600000220,10,12-12-25,101,HRC,COIL,11513:2017,BIS,cr3,72083990,N,7.453,73883124,MATCHED
2000,R_HR_CO,Hot Rolled Black Coil,25L0229R00,25.715,2001,2,1260,0011000145,JSW STEEL LIMITED,2520528303,5000087747,4600000220,10,12-12-25,101,HRC,COIL,11513:2017,BIS,cr3,72083990,N,7.453,45038245,MATCHED
2000,R_HR_CO,Hot Rolled Black Coil,25L0230R00,25.73,2001,2,1260,0011000145,JSW STEEL LIMITED,2520528304,5000087748,4600000220,10,12-12-25,101,HRC,COIL,11513:2017,BIS,cr3,72083990,N,7.453,20441158,MATCHED
2000,R_HR>3MM_CO,Hot Rolled Black Coil 3mm & Above,25L0231R00,24.63,2001,3,1220,0011000145,JSW STEEL LIMITED,2530541502,5000087749,4600000220,40,12-12-25,101,HRC,COIL,11513:2017,BIS,cr2,72083890,N,7.453,96091041,MATCHED
2000,R_HR>3MM_CO,Hot Rolled Black Coil 3mm & Above,25L0232R00,24.535,2001,3,1220,0011000145,JSW STEEL LIMITED,2530541405,5000087750,4600000220,40,12-12-25,101,HRC,COIL,11513:2017,BIS,cr2,72083890,N,7.453,59010038,MATCHED
2000,R_HR_CO,Hot Rolled Black Coil,25L0233R00,24.575,2001,2.8,1220,0011000145,JSW STEEL LIMITED,2540537007,5000087752,4600000220,30,12-12-25,101,HRC,COIL,11513:2017,BIS,cr2,72083990,N,7.453,76233087,MATCHED
2000,R_HR_CO,Hot Rolled Black Coil,25L0234R00,24.955,2001,2.2,1230,0011000145,JSW STEEL LIMITED,2510531105,5000087753,4600000220,20,12-12-25,101,HRC,COIL,11513:2017,BIS,cr3,72083990,N,7.453,58208382,MATCHED
2000,R_HR_CO,Hot Rolled Black Coil,25L0235R00,24.87,2001,2.2,1230,0011000145,JSW STEEL LIMITED,2540537204,5000087830,4600000220,20,12-12-25,101,HRC,COIL,11513:2017,BIS,cr3,72083990,N,7.453,14746917,MATCHED
2000,R_HR_CO,Hot Rolled Black Coil,25L0236R00,28.58,2001,2.5,1230,0011000082,TATA STEEL LTD,257607052,5000087831,4600000207,70,15-11-25,101,HRC,COIL,11513:2017,BIS,cr3,72083990,N,7.453,93113091,MATCHED
2000,R_HR_CO,Hot Rolled Black Coil,25L0237R00,25.035,2001,2,1235,0011000145,JSW STEEL LIMITED,2520528605,5000087879,4600000218,10,08-12-25,101,HRC,COIL,11513:2017,BIS,cr3,72083990,N,7.453,10144438,MATCHED
2000,R_HR_CO,Hot Rolled Black Coil,25L0238R00,25.09,2001,2,1260,0011000145,JSW STEEL LIMITED,2520528306,5000087988,4600000221,10,16-12-25,101,HRC,COIL,11513:2017,BIS,cr3,72083990,N,7.453,53429412,MATCHED
2000,R_HR_CO,Hot Rolled Black Coil,25L0239R00,27.85,2001,2.2,1230,0011000144,JSW Vijayanagar Metallics Limited,25337514,5000088048,4600000222,20,05-12-25,101,HRC,COIL,11513:2017,BIS,cr3,72083990,N,7.453,69341280,MATCHED
2000,R_HR_CO,Hot Rolled Black Coil,25L0240R00,27.9,2001,2.5,1230,0011000144,JSW Vijayanagar Metallics Limited,25337656,5000088049,4600000222,30,05-12-25,101,HRC,COIL,11513:2017,BIS,cr3,72083990,N,7.453,28539919,MATCHED
2000,R_HR_CO,Hot Rolled Black Coil,25L0241R00,24.005,2001,2.5,1230,0011000144,JSW Vijayanagar Metallics Limited,25337648,5000088050,4600000222,30,05-12-25,101,HRC,COIL,11513:2017,BIS,cr3,72083990,N,7.453,67378216,MATCHED
2000,R_HR_CO,Hot Rolled Black Coil,25L0242R00,25.185,2001,2.5,1230,0011000144,JSW Vijayanagar Metallics Limited,25337735,5000088051,4600000222,30,05-12-25,101,HRC,COIL,11513:2017,BIS,cr3,72083990,N,7.453,88574926,MATCHED
2000,R_HR_CO,Hot Rolled Black Coil,25L0243R00,27.065,2001,2,1235,0011000144,JSW Vijayanagar Metallics Limited,25337744,5000088052,4600000222,10,05-12-25,101,HRC,COIL,11513:2017,BIS,cr3,72083990,N,7.453,92436774,MATCHED
2000,R_HR_CO,Hot Rolled Black Coil,25L0244R00,24.24,2001,2.5,1230,0011000144,JSW Vijayanagar Metallics Limited,25337651,5000088054,4600000222,30,05-12-25,101,HRC,COIL,11513:2017,BIS,cr3,72083990,N,7.453,27221614,MATCHED
2000,R_HR_CO,Hot Rolled Black Coil,25L0245R00,24.165,2001,2.5,1230,0011000144,JSW Vijayanagar Metallics Limited,25337653,5000088055,4600000222,30,05-12-25,101,HRC,COIL,11513:2017,BIS,cr3,72083990,N,7.453,92652094,MATCHED
2000,R_HR_CO,Hot Rolled Black Coil,25L0246R00,25.495,2001,2.5,1260,0011000145,JSW STEEL LIMITED,2520528202,5000088057,4600000221,30,17-12-25,101,HRC,COIL,11513:2017,BIS,cr3,72083990,N,7.453,76494626,MATCHED
2000,R_HR_CO,Hot Rolled Black Coil,25L0247R00,24.88,2001,2.2,1230,0011000145,JSW STEEL LIMITED,2520528902,5000088059,4600000221,20,17-12-25,101,HRC,COIL,11513:2017,BIS,cr3,72083990,N,7.453,66940038,MATCHED
2000,R_HR_CO,Hot Rolled Black Coil,25L0248R00,27.04,2001,2.2,1230,0011000144,JSW Vijayanagar Metallics Limited,25337736,5000088060,4600000222,20,05-12-25,101,HRC,COIL,11513:2017,BIS,cr3,72083990,N,7.453,20436514,MATCHED
2000,R_HR_CO,Hot Rolled Black Coil,25L0249R00,24.81,2001,2.2,1230,0011000145,JSW STEEL LIMITED,2520528903,5000088061,4600000221,20,17-12-25,101,HRC,COIL,11513:2017,BIS,cr3,72083990,N,7.453,29519049,MATCHED
2000,R_HR_CO,Hot Rolled Black Coil,25L0250R00,27.92,2001,2.5,1230,0011000144,JSW Vijayanagar Metallics Limited,25337305,5000088062,4600000222,30,05-12-25,101,HRC,COIL,11513:2017,BIS,cr3,72083990,N,7.453,53194171,MATCHED
2000,R_HR_CO,Hot Rolled Black Coil,25L0251R00,27.96,2001,2.5,1230,0011000144,JSW Vijayanagar Metallics Limited,25337507,5000088063,4600000222,30,05-12-25,101,HRC,COIL,11513:2017,BIS,cr3,72083990,N,7.453,60905424,MATCHED
2000,R_HR_CO,Hot Rolled Black Coil,25L0252R00,27.92,2001,2.2,1230,0011000144,JSW Vijayanagar Metallics Limited,25337512,5000088065,4600000222,20,05-12-25,101,HRC,COIL,11513:2017,BIS,cr3,72083990,N,7.453,53262706,MATCHED
2000,R_HR_CO,Hot Rolled Black Coil,25L0253R00,27.87,2001,2.2,1230,0011000144,JSW Vijayanagar Metallics Limited,25337515,5000088066,4600000222,20,05-12-25,101,HRC,COIL,11513:2017,BIS,cr3,72083990,N,7.453,30106361,MATCHED
2000,R_HR_CO,Hot Rolled Black Coil,25L0254R00,28.015,2001,2.2,1230,0011000144,JSW Vijayanagar Metallics Limited,25337509,5000088068,4600000222,20,05-12-25,101,HRC,COIL,11513:2017,BIS,cr3,72083990,N,7.453,64336810,MATCHED
2000,R_HR_CO,Hot Rolled Black Coil,25L0255R00,26.495,2001,2,1235,0011000144,JSW Vijayanagar Metallics Limited,25338191,5000088069,4600000222,10,05-12-25,101,HRC,COIL,11513:2017,BIS,cr3,72083990,N,7.453,42563410,MATCHED
2000,R_HR_CO,Hot Rolled Black Coil,25L0256R00,27.83,2001,2.5,1230,0011000144,JSW Vijayanagar Metallics Limited,25337424,5000088070,4600000222,30,05-12-25,101,HRC,COIL,11513:2017,BIS,cr3,72083990,N,7.453,64240693,MATCHED
2000,R_HR_CO,Hot Rolled Black Coil,25L0257R00,26.15,2001,2.5,1230,0011000144,JSW Vijayanagar Metallics Limited,25337288,5000088071,4600000222,30,05-12-25,101,HRC,COIL,11513:2017,BIS,cr3,72083990,N,7.453,84214182,MATCHED
2000,R_HR_CO,Hot Rolled Black Coil,25L0258R00,28.035,2001,2.2,1230,0011000144,JSW Vijayanagar Metallics Limited,25337978,5000088073,4600000222,20,05-12-25,101,HRC,COIL,11513:2017,BIS,cr3,72083990,N,7.453,64992094,MATCHED
2000,R_HR_CO,Hot Rolled Black Coil,25L0259R00,21.63,2001,2.8,1160,0011000144,JSW Vijayanagar Metallics Limited,25320870,5000088072,4600000222,70,05-12-25,101,HRC,COIL,11513:2017,BIS,cr2,72083990,N,7.453,38056434,MATCHED
2000,R_HR_CO,Hot Rolled Black Coil,25L0260R00,22.21,2001,2.5,1230,0011000144,JSW Vijayanagar Metallics Limited,25337734,5000088074,4600000222,30,05-12-25,101,HRC,COIL,11513:2017,BIS,cr3,72083990,N,7.453,42662103,MATCHED
2000,R_HR_CO,Hot Rolled Black Coil,25L0261R00,25.79,2001,2.5,1230,0011000144,JSW Vijayanagar Metallics Limited,25337371,5000088075,4600000222,30,05-12-25,101,HRC,COIL,11513:2017,BIS,cr3,72083990,N,7.453,13416366,MATCHED
2000,R_HR_CO,Hot Rolled Black Coil,25L0262R00,27.84,2001,2.5,1230,0011000144,JSW Vijayanagar Metallics Limited,25337519,5000088076,4600000222,30,05-12-25,101,HRC,COIL,11513:2017,BIS,cr3,72083990,N,7.453,45956290,MATCHED
2000,R_HR_CO,Hot Rolled Black Coil,25L0263R00,25.28,2001,2.5,1230,0011000144,JSW Vijayanagar Metallics Limited,25337370,5000088077,4600000222,30,05-12-25,101,HRC,COIL,11513:2017,BIS,cr3,72083990,N,7.453,61511395,MATCHED
2000,R_HR_CO,Hot Rolled Black Coil,25L0264R00,26.465,2001,2,1235,0011000144,JSW Vijayanagar Metallics Limited,25338105,5000088078,4600000222,10,05-12-25,101,HRC,COIL,11513:2017,BIS,cr3,72083990,N,7.453,58021091,MATCHED
2000,R_HR_CO,Hot Rolled Black Coil,25L0265R00,25.085,2001,2.8,1250,0011000145,JSW STEEL LIMITED,2530541307,5000088079,4600000221,40,17-12-25,101,HRC,COIL,11513:2017,BIS,cr2,72083990,N,7.453,68506783,MATCHED
2000,R_HR_CO,Hot Rolled Black Coil,25L0266R00,28.08,2001,2,1235,0011000144,JSW Vijayanagar Metallics Limited,25338103,5000088080,4600000222,10,05-12-25,101,HRC,COIL,11513:2017,BIS,cr3,72083990,N,7.453,75168037,MATCHED
2000,R_HR>3MM_CO,Hot Rolled Black Coil 3mm & Above,25L0267R00,27.89,2001,3.6,1250,0011000144,JSW Vijayanagar Metallics Limited,25327301,5000088081,4600000222,60,05-12-25,101,HRC,COIL,11513:2017,BIS,cr3,72083890,N,7.453,81525888,MATCHED
2000,R_HR_CO,Hot Rolled Black Coil,25L0268R00,28.15,2001,2.5,1230,0011000144,JSW Vijayanagar Metallics Limited,25337641,5000088082,4600000222,30,05-12-25,101,HRC,COIL,11513:2017,BIS,cr3,72083990,N,7.453,98961456,MATCHED
2000,R_HR_CO,Hot Rolled Black Coil,25L0269R00,27.895,2001,2.5,1230,0011000144,JSW Vijayanagar Metallics Limited,25337657,5000088083,4600000222,30,05-12-25,101,HRC,COIL,11513:2017,BIS,cr3,72083990,N,7.453,49590287,MATCHED
2000,R_HR_CO,Hot Rolled Black Coil,25L0270R00,28.075,2001,2.5,1230,0011000144,JSW Vijayanagar Metallics Limited,25326794,5000088084,4600000222,30,05-12-25,101,HRC,COIL,11513:2017,BIS,cr3,72083990,N,7.453,77731039,MATCHED
2000,R_HR_CO,Hot Rolled Black Coil,25L0271R00,28.085,2001,2.5,1230,0011000144,JSW Vijayanagar Metallics Limited,25337649,5000088085,4600000222,30,05-12-25,101,HRC,COIL,11513:2017,BIS,cr3,72083990,N,7.453,38580469,MATCHED
2000,R_HR_CO,Hot Rolled Black Coil,25L0272R00,26.14,2001,2.5,1230,0011000144,JSW Vijayanagar Metallics Limited,25337707,5000088086,4600000222,30,05-12-25,101,HRC,COIL,11513:2017,BIS,cr3,72083990,N,7.453,42285459,MATCHED
2000,R_HR_CO,Hot Rolled Black Coil,25L0273R00,28.02,2001,2.5,1230,0011000144,JSW Vijayanagar Metallics Limited,25337650,5000088087,4600000222,30,05-12-25,101,HRC,COIL,11513:2017,BIS,cr3,72083990,N,7.453,68161604,MATCHED
2000,R_HR_CO,Hot Rolled Black Coil,25L0274R00,27.82,2001,2.5,1230,0011000144,JSW Vijayanagar Metallics Limited,25337418,5000088088,4600000222,30,05-12-25,101,HRC,COIL,11513:2017,BIS,cr3,72083990,N,7.453,91199354,MATCHED
2000,R_HR_CO,Hot Rolled Black Coil,25L0275R00,28.075,2001,2,1235,0011000144,JSW Vijayanagar Metallics Limited,25338099,5000088101,4600000222,10,05-12-25,101,HRC,COIL,11513:2017,BIS,cr3,72083990,N,7.453,55065759,MATCHED
2000,R_HR_CO,Hot Rolled Black Coil,25L0276R00,25.925,2001,2.5,1230,0011000144,JSW Vijayanagar Metallics Limited,25337638,5000088102,4600000222,30,05-12-25,101,HRC,COIL,11513:2017,BIS,cr3,72083990,N,7.453,95170366,MATCHED
2000,R_HR_CO,Hot Rolled Black Coil,25L0277R00,28.08,2001,2,1235,0011000144,JSW Vijayanagar Metallics Limited,25338098,5000088103,4600000222,10,05-12-25,101,HRC,COIL,11513:2017,BIS,cr3,72083990,N,7.453,59078166,MATCHED
2000,R_HR_CO,Hot Rolled Black Coil,25L0278R00,27.825,2001,2.5,1230,0011000144,JSW Vijayanagar Metallics Limited,25337427,5000088108,4600000222,30,05-12-25,101,HRC,COIL,11513:2017,BIS,cr3,72083990,N,7.453,18872509,MATCHED
2000,R_HR_CO,Hot Rolled Black Coil,25L0279R00,28.125,2001,2.5,1230,0011000144,JSW Vijayanagar Metallics Limited,25337419,5000088110,4600000222,30,05-12-25,101,HRC,COIL,11513:2017,BIS,cr3,72083990,N,7.453,77695532,MATCHED
2000,R_HR_CO,Hot Rolled Black Coil,25L0280R00,27.86,2001,2.2,1230,0011000144,JSW Vijayanagar Metallics Limited,25337895,5000088111,4600000222,20,05-12-25,101,HRC,COIL,11513:2017,BIS,cr3,72083990,N,7.453,71887663,MATCHED
2000,R_HR_CO,Hot Rolled Black Coil,25L0281R00,28.15,2001,2,1235,0011000144,JSW Vijayanagar Metallics Limited,25338100,5000088112,4600000222,10,05-12-25,101,HRC,COIL,11513:2017,BIS,cr3,72083990,N,7.453,13015544,MATCHED
2000,R_HR_CO,Hot Rolled Black Coil,25L0282R00,28.03,2001,2.2,1230,0011000144,JSW Vijayanagar Metallics Limited,25337981,5000088113,4600000222,20,05-12-25,101,HRC,COIL,11513:2017,BIS,cr3,72083990,N,7.453,89763013,MATCHED
2000,R_HR_CO,Hot Rolled Black Coil,25L0283R00,28.13,2001,2,1235,0011000144,JSW Vijayanagar Metallics Limited,25338095,5000088114,4600000222,10,05-12-25,101,HRC,COIL,11513:2017,BIS,cr3,72083990,N,7.453,79599576,MATCHED
2000,R_HR_CO,Hot Rolled Black Coil,25L0284R00,28.045,2001,2.2,1230,0011000144,JSW Vijayanagar Metallics Limited,25337976,5000088115,4600000222,20,05-12-25,101,HRC,COIL,11513:2017,BIS,cr3,72083990,N,7.453,16902683,MATCHED
2000,R_HR_CO,Hot Rolled Black Coil,25L0285R00,27.985,2001,2.5,1230,0011000144,JSW Vijayanagar Metallics Limited,25337289,5000088116,4600000222,30,05-12-25,101,HRC,COIL,11513:2017,BIS,cr3,72083990,N,7.453,33588571,MATCHED
2000,R_HR_CO,Hot Rolled Black Coil,25L0286R00,28.085,2001,2.2,1230,0011000144,JSW Vijayanagar Metallics Limited,25337644,5000088118,4600000222,20,05-12-25,101,HRC,COIL,11513:2017,BIS,cr3,72083990,N,7.453,35663223,MATCHED
2000,R_HR_CO,Hot Rolled Black Coil,25L0287R00,27.875,2001,2,1235,0011000144,JSW Vijayanagar Metallics Limited,25325985,5000088119,4600000222,10,05-12-25,101,HRC,COIL,11513:2017,BIS,cr3,72083990,N,7.453,92634902,MATCHED
2000,R_HR_CO,Hot Rolled Black Coil,25L0288R00,27.915,2001,2.5,1230,0011000144,JSW Vijayanagar Metallics Limited,25337835,5000088120,4600000222,30,05-12-25,101,HRC,COIL,11513:2017,BIS,cr3,72083990,N,7.453,93168134,MATCHED
2000,R_HR_CO,Hot Rolled Black Coil,25L0289R00,28.08,2001,2,1235,0011000144,JSW Vijayanagar Metallics Limited,25338106,5000088122,4600000222,10,05-12-25,101,HRC,COIL,11513:2017,BIS,cr3,72083990,N,7.453,67001929,MATCHED
2000,R_HR_CO,Hot Rolled Black Coil,25L0290R00,28.015,2001,2.2,1230,0011000144,JSW Vijayanagar Metallics Limited,25337980,5000088124,4600000222,20,05-12-25,101,HRC,COIL,11513:2017,BIS,cr3,72083990,N,7.453,15151889,MATCHED
2000,R_HR_CO,Hot Rolled Black Coil,25L0291R00,25.12,2001,2,1235,0011000144,JSW Vijayanagar Metallics Limited,25337984,5000088125,4600000222,10,05-12-25,101,HRC,COIL,11513:2017,BIS,cr3,72083990,N,7.453,53006146,MATCHED
2000,R_HR_CO,Hot Rolled Black Coil,25L0292R00,26.075,2001,2.5,1230,0011000144,JSW Vijayanagar Metallics Limited,25337635,5000088136,4600000222,30,05-12-25,101,HRC,COIL,11513:2017,BIS,cr3,72083990,N,7.453,39023150,MATCHED
2000,R_HR_CO,Hot Rolled Black Coil,25L0293R00,28.07,2001,2,1235,0011000144,JSW Vijayanagar Metallics Limited,25338096,5000088137,4600000222,10,05-12-25,101,HRC,COIL,11513:2017,BIS,cr3,72083990,N,7.453,78974383,MATCHED
2000,R_HR_CO,Hot Rolled Black Coil,25L0294R00,28.09,2001,2.5,1230,0011000144,JSW Vijayanagar Metallics Limited,25337640,5000088138,4600000222,30,05-12-25,101,HRC,COIL,11513:2017,BIS,cr3,72083990,N,7.453,22931607,MATCHED
2000,R_HR_CO,Hot Rolled Black Coil,25L0295R00,27.895,2001,2.8,1180,0011000144,JSW Vijayanagar Metallics Limited,25326849,5000088139,4600000222,100,05-12-25,101,HRC,COIL,11513:2017,BIS,cr2,72083990,N,7.453,72783813,MATCHED
2000,R_HR_CO,Hot Rolled Black Coil,25L0296R00,28.105,2001,2,1235,0011000144,JSW Vijayanagar Metallics Limited,25338097,5000088140,4600000222,10,05-12-25,101,HRC,COIL,11513:2017,BIS,cr3,72083990,N,7.453,57152153,MATCHED
2000,R_HR_CO,Hot Rolled Black Coil,25L0297R00,27.87,2001,2.5,1230,0011000144,JSW Vijayanagar Metallics Limited,25337426,5000088141,4600000222,30,05-12-25,101,HRC,COIL,11513:2017,BIS,cr3,72083990,N,7.453,17105058,MATCHED
2000,R_HR_CO,Hot Rolled Black Coil,25L0298R00,28.06,2001,2.2,1230,0011000144,JSW Vijayanagar Metallics Limited,25337643,5000088142,4600000222,20,05-12-25,101,HRC,COIL,11513:2017,BIS,cr3,72083990,N,7.453,86770390,MATCHED
2000,R_HR_CO,Hot Rolled Black Coil,25L0299R00,23.25,2001,2.5,1230,0011000144,JSW Vijayanagar Metallics Limited,25337503,5000088146,4600000222,30,05-12-25,101,HRC,COIL,11513:2017,BIS,cr3,72083990,N,7.453,70797687,MATCHED
2000,R_HR_CO,Hot Rolled Black Coil,25L0300R00,27.95,2001,2.5,1230,0011000144,JSW Vijayanagar Metallics Limited,25337521,5000088147,4600000222,30,05-12-25,101,HRC,COIL,11513:2017,BIS,cr3,72083990,N,7.453,63914659,MATCHED
2000,R_HR_CO,Hot Rolled Black Coil,25L0301R00,25.86,2001,2,1235,0011000144,JSW Vijayanagar Metallics Limited,25338190,5000088154,4600000222,10,05-12-25,101,HRC,COIL,11513:2017,BIS,cr3,72083990,N,7.453,12939112,MATCHED
2000,R_HR_CO,Hot Rolled Black Coil,25L0302R00,25.945,2001,2,1235,0011000144,JSW Vijayanagar Metallics Limited,25338188,5000088155,4600000222,10,05-12-25,101,HRC,COIL,11513:2017,BIS,cr3,72083990,N,7.453,24320156,MATCHED
2000,R_HR_CO,Hot Rolled Black Coil,25L0303R00,25.29,2001,2,1235,0011000144,JSW Vijayanagar Metallics Limited,25338197,5000088156,4600000222,10,05-12-25,101,HRC,COIL,11513:2017,BIS,cr3,72083990,N,7.453,64879194,MATCHED
2000,R_HR_CO,Hot Rolled Black Coil,25L0304R00,26.015,2001,2.2,1230,0011000144,JSW Vijayanagar Metallics Limited,25337645,5000088157,4600000222,20,05-12-25,101,HRC,COIL,11513:2017,BIS,cr3,72083990,N,7.453,46956822,MATCHED
2000,R_HR_CO,Hot Rolled Black Coil,25L0305R00,27.995,2001,2.2,1230,0011000144,JSW Vijayanagar Metallics Limited,25337642,5000088158,4600000222,20,05-12-25,101,HRC,COIL,11513:2017,BIS,cr3,72083990,N,7.453,80382987,MATCHED
2000,R_HR_CO,Hot Rolled Black Coil,25L0306R00,23.135,2001,2.5,1230,0011000144,JSW Vijayanagar Metallics Limited,25337748,5000088159,4600000222,30,05-12-25,101,HRC,COIL,11513:2017,BIS,cr3,72083990,N,7.453,35438608,MATCHED
2000,R_HR_CO,Hot Rolled Black Coil,25L0307R00,28.025,2001,2.5,1230,0011000144,JSW Vijayanagar Metallics Limited,25337301,5000088160,4600000222,30,05-12-25,101,HRC,COIL,11513:2017,BIS,cr3,72083990,N,7.453,82119575,MATCHED
2000,R_HR_CO,Hot Rolled Black Coil,25L0308R00,23.105,2001,2.5,1230,0011000144,JSW Vijayanagar Metallics Limited,25337747,5000088167,4600000222,30,05-12-25,101,HRC,COIL,11513:2017,BIS,cr3,72083990,N,7.453,56549138,MATCHED
2000,R_HR_CO,Hot Rolled Black Coil,25L0309R00,27.885,2001,2.5,1230,0011000144,JSW Vijayanagar Metallics Limited,25337518,5000088168,4600000222,30,05-12-25,101,HRC,COIL,11513:2017,BIS,cr3,72083990,N,7.453,61424104,MATCHED
2000,R_HR_CO,Hot Rolled Black Coil,25L0310R00,27.935,2001,2.2,1230,0011000144,JSW Vijayanagar Metallics Limited,25337517,5000088169,4600000222,20,05-12-25,101,HRC,COIL,11513:2017,BIS,cr3,72083990,N,7.453,62853356,MATCHED
2000,R_HR_CO,Hot Rolled Black Coil,25L0311R00,27.9,2001,2.5,1230,0011000144,JSW Vijayanagar Metallics Limited,25337639,5000088170,4600000222,30,05-12-25,101,HRC,COIL,11513:2017,BIS,cr3,72083990,N,7.453,38939812,MATCHED
2000,R_HR_CO,Hot Rolled Black Coil,25L0312R00,28.325,2001,2,1235,0011000144,JSW Vijayanagar Metallics Limited,25338187,5000088171,4600000222,10,05-12-25,101,HRC,COIL,11513:2017,BIS,cr3,72083990,N,7.453,78183824,MATCHED
2000,R_HR>3MM_CO,Hot Rolled Black Coil 3mm & Above,25L0313R00,24.005,2001,3,1220,0011000144,JSW Vijayanagar Metallics Limited,25326267,5000088172,4600000222,50,05-12-25,101,HRC,COIL,11513:2017,BIS,cr2,72083890,N,7.453,21497799,MATCHED
2000,R_HR_CO,Hot Rolled Black Coil,25L0314R00,26.295,2001,2,1235,0011000144,JSW Vijayanagar Metallics Limited,25338193,5000088173,4600000222,10,05-12-25,101,HRC,COIL,11513:2017,BIS,cr3,72083990,N,7.453,86243504,MATCHED
2000,R_HR_CO,Hot Rolled Black Coil,25L0315R00,27.96,2001,2.2,1230,0011000144,JSW Vijayanagar Metallics Limited,25337897,5000088174,4600000222,20,05-12-25,101,HRC,COIL,11513:2017,BIS,cr3,72083990,N,7.453,46008504,MATCHED
2000,R_HR_CO,Hot Rolled Black Coil,25L0316R00,25.795,2001,2.5,1230,0011000144,JSW Vijayanagar Metallics Limited,25337708,5000088177,4600000222,30,05-12-25,101,HRC,COIL,11513:2017,BIS,cr3,72083990,N,7.453,41726703,MATCHED
2000,R_HR_CO,Hot Rolled Black Coil,25L0317R00,27.9,2001,2.5,1230,0011000144,JSW Vijayanagar Metallics Limited,25337893,5000088176,4600000222,30,05-12-25,101,HRC,COIL,11513:2017,BIS,cr3,72083990,N,7.453,96438013,MATCHED
2000,R_HR_CO,Hot Rolled Black Coil,25L0319R00,26.95,2001,2.2,1230,0011000144,JSW Vijayanagar Metallics Limited,25337979,5000088178,4600000222,20,05-12-25,101,HRC,COIL,11513:2017,BIS,cr3,72083990,N,7.453,15146399,MATCHED
2000,R_HR_CO,Hot Rolled Black Coil,25L0320R00,27.88,2001,2.5,1230,0011000144,JSW Vijayanagar Metallics Limited,25337894,5000088179,4600000222,80,05-12-25,101,HRC,COIL,11513:2017,BIS,cr3,72083990,N,7.453,65353772,MATCHED
2000,R_HR_CO,Hot Rolled Black Coil,25L0321R00,28.005,2001,2.5,1230,0011000144,JSW Vijayanagar Metallics Limited,25338102,5000088180,4600000222,90,05-12-25,101,HRC,COIL,11513:2017,BIS,cr3,72083990,N,7.453,47427899,MATCHED
2000,R_HR_CO,Hot Rolled Black Coil,25L0322R00,27.94,2001,2.5,1230,0011000144,JSW Vijayanagar Metallics Limited,25337522,5000088181,4600000222,90,05-12-25,101,HRC,COIL,11513:2017,BIS,cr3,72083990,N,7.453,11223242,MATCHED
2000,R_HR_CO,Hot Rolled Black Coil,25L0323R00,27.815,2001,2.2,1230,0011000144,JSW Vijayanagar Metallics Limited,25337646,5000088183,4600000222,20,05-12-25,101,HRC,COIL,11513:2017,BIS,cr3,72083990,N,7.453,13021223,MATCHED
2000,R_HR_CO,Hot Rolled Black Coil,25L0324R00,27.83,2001,2.2,1230,0011000144,JSW Vijayanagar Metallics Limited,25337511,5000088182,4600000222,20,05-12-25,101,HRC,COIL,11513:2017,BIS,cr3,72083990,N,7.453,21408227,MATCHED
2000,R_HR_CO,Hot Rolled Black Coil,25L0325R00,27.81,2001,2.2,1230,0011000144,JSW Vijayanagar Metallics Limited,25337896,5000088184,4600000222,20,05-12-25,101,HRC,COIL,11513:2017,BIS,cr3,72083990,N,7.453,45553372,MATCHED
2000,R_HR_CO,Hot Rolled Black Coil,25L0326R00,26.115,2001,2.2,1230,0011000144,JSW Vijayanagar Metallics Limited,25337825,5000088195,4600000222,20,05-12-25,101,HRC,COIL,11513:2017,BIS,cr3,72083990,N,7.453,65484600,MATCHED
2000,R_HR_CO,Hot Rolled Black Coil,25L0327R00,27.97,2001,2.2,1230,0011000144,JSW Vijayanagar Metallics Limited,25337510,5000088196,4600000222,20,05-12-25,101,HRC,COIL,11513:2017,BIS,cr3,72083990,N,7.453,73799420,MATCHED
2000,R_HR_CO,Hot Rolled Black Coil,25L0328R00,27.855,2001,2.2,1230,0011000144,JSW Vijayanagar Metallics Limited,25337513,5000088197,4600000222,20,05-12-25,101,HRC,COIL,11513:2017,BIS,cr3,72083990,N,7.453,76160468,MATCHED
2000,R_HR_CO,Hot Rolled Black Coil,25L0329R00,26.05,2001,2.2,1230,0011000144,JSW Vijayanagar Metallics Limited,25337826,5000088204,4600000222,20,05-12-25,101,HRC,COIL,11513:2017,BIS,cr3,72083990,N,7.453,33996911,MATCHED
2000,R_HR_CO,Hot Rolled Black Coil,25L0330R00,27.03,2001,2.2,1230,0011000144,JSW Vijayanagar Metallics Limited,25337741,5000088206,4600000222,20,05-12-25,101,HRC,COIL,11513:2017,BIS,cr3,72083990,N,7.453,60144876,MATCHED
2000,R_HR_CO,Hot Rolled Black Coil,25L0331R00,27.995,2001,2.2,1230,0011000144,JSW Vijayanagar Metallics Limited,25337508,5000088208,4600000222,20,05-12-25,101,HRC,COIL,11513:2017,BIS,cr3,72083990,N,7.453,87099378,MATCHED
2000,R_HR_CO,Hot Rolled Black Coil,25L0332R00,27.03,2001,2.2,1230,0011000144,JSW Vijayanagar Metallics Limited,25337737,5000088214,4600000222,20,05-12-25,101,HRC,COIL,11513:2017,BIS,cr3,72083990,N,7.453,53738658,MATCHED
2000,R_HR>3MM_CO,Hot Rolled Black Coil 3mm & Above,25L0333R00,25.385,2001,3.6,1250,0011000144,JSW Vijayanagar Metallics Limited,25327304,5000088215,4600000222,60,05-12-25,101,HRC,COIL,11513:2017,BIS,cr3,72083890,N,7.453,71722167,MATCHED
2000,R_HR>3MM_CO,Hot Rolled Black Coil 3mm & Above,25L0334R00,26.08,2001,3,1220,0011000144,JSW Vijayanagar Metallics Limited,25327290,5000088216,4600000222,50,05-12-25,101,HRC,COIL,11513:2017,BIS,cr2,72083890,N,7.453,69118269,MATCHED
2000,R_HR_CO,Hot Rolled Black Coil,25L0335R00,26.44,2001,2.2,1230,0011000144,JSW Vijayanagar Metallics Limited,25338186,5000088223,4600000222,20,05-12-25,101,HRC,COIL,11513:2017,BIS,cr3,72083990,N,7.453,53165310,MATCHED
2000,R_HR_CO,Hot Rolled Black Coil,25L0336R00,27.99,2001,2.2,1230,0011000144,JSW Vijayanagar Metallics Limited,25337982,5000088225,4600000222,20,05-12-25,101,HRC,COIL,11513:2017,BIS,cr3,72083990,N,7.453,53216750,MATCHED
2000,R_HR>3MM_CO,Hot Rolled Black Coil 3mm & Above,25L0337R00,27.84,2001,3.6,1250,0011000144,JSW Vijayanagar Metallics Limited,25327308,5000088227,4600000222,60,05-12-25,101,HRC,COIL,11513:2017,BIS,cr3,72083890,N,7.453,69672733,MATCHED
2000,R_HR_CO,Hot Rolled Black Coil,25L0338R00,28.095,2001,2,1235,0011000144,JSW Vijayanagar Metallics Limited,25338101,5000088228,4600000222,10,05-12-25,101,HRC,COIL,11513:2017,BIS,cr3,72083990,N,7.453,74050984,MATCHED
2000,R_HR_CO,Hot Rolled Black Coil,25L0339R00,26.07,2001,2,1235,0011000144,JSW Vijayanagar Metallics Limited,25338189,5000088229,4600000222,10,05-12-25,101,HRC,COIL,11513:2017,BIS,cr3,72083990,N,7.453,32349728,MATCHED
2000,R_HR_CO,Hot Rolled Black Coil,25L0340R00,28.025,2001,2.5,1230,0011000144,JSW Vijayanagar Metallics Limited,25326796,5000088241,4600000222,90,05-12-25,101,HRC,COIL,11513:2017,BIS,cr3,72083990,N,7.453,68320433,MATCHED
2000,R_HR_CO,Hot Rolled Black Coil,25L0341R00,28.095,2001,2.5,1230,0011000144,JSW Vijayanagar Metallics Limited,25337647,5000088242,4600000222,90,05-12-25,101,HRC,COIL,11513:2017,BIS,cr3,72083990,N,7.453,69892598,MATCHED
2000,R_HR_CO,Hot Rolled Black Coil,25L0342R00,28.305,2001,2.5,1230,0011000144,JSW Vijayanagar Metallics Limited,25337983,5000088243,4600000222,90,05-12-25,101,HRC,COIL,11513:2017,BIS,cr3,72083990,N,7.453,95220145,MATCHED
2000,R_HR_CO,Hot Rolled Black Coil,25L0343R00,27.87,2001,2.5,1230,0011000144,JSW Vijayanagar Metallics Limited,25337749,5000088244,4600000222,90,05-12-25,101,HRC,COIL,11513:2017,BIS,cr3,72083990,N,7.453,41600288,MATCHED
2000,R_HR_CO,Hot Rolled Black Coil,25L0344R00,27.745,2001,2.5,1230,0011000144,JSW Vijayanagar Metallics Limited,25337428,5000088245,4600000222,90,05-12-25,101,HRC,COIL,11513:2017,BIS,cr3,72083990,N,7.453,47262837,MATCHED
2000,R_HR_CO,Hot Rolled Black Coil,25L0345R00,27.87,2001,2.5,1230,0011000144,JSW Vijayanagar Metallics Limited,25337655,5000088246,4600000222,90,05-12-25,101,HRC,COIL,11513:2017,BIS,cr3,72083990,N,7.453,33311670,MATCHED
2000,R_HR_CO,Hot Rolled Black Coil,25L0346R00,27.975,2001,2.5,1230,0011000144,JSW Vijayanagar Metallics Limited,25337654,5000088247,4600000222,90,05-12-25,101,HRC,COIL,11513:2017,BIS,cr3,72083990,N,7.453,61629831,MATCHED
2000,R_HR_CO,Hot Rolled Black Coil,25L0347R00,27.895,2001,2.5,1230,0011000144,JSW Vijayanagar Metallics Limited,25337652,5000088248,4600000222,90,05-12-25,101,HRC,COIL,11513:2017,BIS,cr3,72083990,N,7.453,71879644,MATCHED
2000,R_HR_CO,Hot Rolled Black Coil,25L0348R00,27.865,2001,2.5,1230,0011000144,JSW Vijayanagar Metallics Limited,25337520,5000088250,4600000222,90,05-12-25,101,HRC,COIL,11513:2017,BIS,cr3,72083990,N,7.453,38118661,MATCHED
2000,R_HR_CO,Hot Rolled Black Coil,25L0349R00,27.95,2001,2.5,1230,0011000144,JSW Vijayanagar Metallics Limited,25337750,5000088249,4600000222,90,05-12-25,101,HRC,COIL,11513:2017,BIS,cr3,72083990,N,7.453,43737085,MATCHED
2000,R_HR_CO,Hot Rolled Black Coil,25L0350R00,23.295,2001,2.5,1230,0011000144,JSW Vijayanagar Metallics Limited,25337505,5000088251,4600000222,90,05-12-25,101,HRC,COIL,11513:2017,BIS,cr3,72083990,N,7.453,41263275,MATCHED
2000,R_HR_CO,Hot Rolled Black Coil,25L0351R00,23.065,2001,2.5,1230,0011000144,JSW Vijayanagar Metallics Limited,25337506,5000088252,4600000222,90,05-12-25,101,HRC,COIL,11513:2017,BIS,cr3,72083990,N,7.453,37014456,MATCHED
2000,R_HR_CO,Hot Rolled Black Coil,25L0352R00,20.97,2001,2.5,1240,0011000122,NMDC STEEL LIMITED,C104520107,5000088322,4600000223,10,25-12-25,101,HRC,COIL,11513:2017,BIS,cr3,72083990,N,7.453,45942225,MATCHED
2000,R_HR_CO,Hot Rolled Black Coil,25L0353R00,20.95,2001,2.5,1240,0011000122,NMDC STEEL LIMITED,C104520108,5000088322,4600000223,20,25-12-25,101,HRC,COIL,11513:2017,BIS,cr3,72083990,N,7.453,90195384,MATCHED
2000,R_HR_CO,Hot Rolled Black Coil,25L0354R00,28.49,2001,2,1235,0011000082,TATA STEEL LTD,257703085,5000088397,4600000216,40,05-12-25,101,HRC,COIL,11513:2017,BIS,cr3,72083990,N,7.453,97686457,MATCHED
2000,R_HR_CO,Hot Rolled Black Coil,25L0355R00,28.59,2001,2.2,1230,0011000082,TATA STEEL LTD,257703055,5000088399,4600000216,50,05-12-25,101,HRC,COIL,11513:2017,BIS,cr3,72083990,N,7.453,68276803,MATCHED
2000,R_HR_CO,Hot Rolled Black Coil,25L0356R00,28.58,2001,2.2,1230,0011000082,TATA STEEL LTD,257703058,5000088400,4600000216,50,05-12-25,101,HRC,COIL,11513:2017,BIS,cr3,72083990,N,7.453,68916668,MATCHED
2000,R_HR_CO,Hot Rolled Black Coil,25L0357R00,28.78,2001,2.5,1230,0011000082,TATA STEEL LTD,257703073,5000088402,4600000216,60,05-12-25,101,HRC,COIL,11513:2017,BIS,cr3,72083990,N,7.453,45079171,MATCHED
2000,R_HR_CO,Hot Rolled Black Coil,25L0358R00,28.55,2001,2.2,1230,0011000082,TATA STEEL LTD,257703057,5000088403,4600000216,50,05-12-25,101,HRC,COIL,11513:2017,BIS,cr3,72083990,N,7.453,53168076,MATCHED
2000,R_HR_CO,Hot Rolled Black Coil,25L0359R00,28.42,2001,2.2,1230,0011000082,TATA STEEL LTD,257705048,5000088405,4600000216,50,05-12-25,101,HRC,COIL,11513:2017,BIS,cr3,72083990,N,7.453,17140733,MATCHED
2000,R_HR_CO,Hot Rolled Black Coil,25L0360R00,28.47,2001,2.5,1230,0011000082,TATA STEEL LTD,257705053,5000088406,4600000216,60,05-12-25,101,HRC,COIL,11513:2017,BIS,cr3,72083990,N,7.453,23644507,MATCHED
2000,R_HR_CO,Hot Rolled Black Coil,25L0361R00,28.5,2001,2.5,1230,0011000082,TATA STEEL LTD,257705039,5000088407,4600000216,60,05-12-25,101,HRC,COIL,11513:2017,BIS,cr3,72083990,N,7.453,89840110,MATCHED
2000,R_HR_CO,Hot Rolled Black Coil,25L0362R00,28.71,2001,2.5,1230,0011000082,TATA STEEL LTD,257705055,5000088408,4600000216,60,05-12-25,101,HRC,COIL,11513:2017,BIS,cr3,72083990,N,7.453,56684792,MATCHED
2000,R_HR_CO,Hot Rolled Black Coil,25L0363R00,28.6,2001,2.5,1230,0011000082,TATA STEEL LTD,257703053,5000088409,4600000216,60,05-12-25,101,HRC,COIL,11513:2017,BIS,cr3,72083990,N,7.453,62451327,MATCHED
2000,R_HR_CO,Hot Rolled Black Coil,25L0364R00,28.48,2001,2.5,1230,0011000082,TATA STEEL LTD,257705038,5000088410,4600000216,60,05-12-25,101,HRC,COIL,11513:2017,BIS,cr3,72083990,N,7.453,45036669,MATCHED
2000,R_HR_CO,Hot Rolled Black Coil,25L0365R00,28.54,2001,2.5,1230,0011000082,TATA STEEL LTD,257703051,5000088411,4600000216,60,05-12-25,101,HRC,COIL,11513:2017,BIS,cr3,72083990,N,7.453,60142661,MATCHED
2000,R_HR_CO,Hot Rolled Black Coil,25L0366R00,28.46,2001,2.2,1230,0011000082,TATA STEEL LTD,257705043,5000088412,4600000216,50,05-12-25,101,HRC,COIL,11513:2017,BIS,cr3,72083990,N,7.453,57019485,MATCHED
2000,R_HR_CO,Hot Rolled Black Coil,25L0367R00,27.97,2001,2,1235,0011000082,TATA STEEL LTD,257693095,5000088413,4600000216,40,05-12-25,101,HRC,COIL,11513:2017,BIS,cr3,72083990,N,7.453,99203557,MATCHED
2000,R_HR_CO,Hot Rolled Black Coil,25L0368R00,28.9,2001,2.5,1230,0011000082,TATA STEEL LTD,257703072,5000088414,4600000216,60,05-12-25,101,HRC,COIL,11513:2017,BIS,cr3,72083990,N,7.453,27564007,MATCHED
2000,R_HR_CO,Hot Rolled Black Coil,25L0369R00,28.49,2001,2,1235,0011000082,TATA STEEL LTD,257703081,5000088415,4600000216,40,05-12-25,101,HRC,COIL,11513:2017,BIS,cr3,72083990,N,7.453,29873287,MATCHED
2000,R_HR_CO,Hot Rolled Black Coil,25L0370R00,28.61,2001,2,1235,0011000082,TATA STEEL LTD,257703059,5000088417,4600000216,40,05-12-25,101,HRC,COIL,11513:2017,BIS,cr3,72083990,N,7.453,10836416,MATCHED
2000,R_HR_CO,Hot Rolled Black Coil,25L0371R00,28.56,2001,2.2,1230,0011000082,TATA STEEL LTD,257703075,5000088419,4600000216,50,05-12-25,101,HRC,COIL,11513:2017,BIS,cr3,72083990,N,7.453,52591568,MATCHED
2000,R_HR_CO,Hot Rolled Black Coil,25L0372R00,28.57,2001,2.2,1230,0011000082,TATA STEEL LTD,257703056,5000088420,4600000216,50,05-12-25,101,HRC,COIL,11513:2017,BIS,cr3,72083990,N,7.453,47623559,MATCHED
2000,R_HR_CO,Hot Rolled Black Coil,25L0373R00,28.61,2001,2.5,1230,0011000082,TATA STEEL LTD,257700094,5000088421,4600000216,60,05-12-25,101,HRC,COIL,11513:2017,BIS,cr3,72083990,N,7.453,42478271,MATCHED
2000,R_HR_CO,Hot Rolled Black Coil,25L0374R00,28.77,2001,2.5,1230,0011000082,TATA STEEL LTD,257703070,5000088423,4600000216,60,05-12-25,101,HRC,COIL,11513:2017,BIS,cr3,72083990,N,7.453,75310946,MATCHED
2000,R_HR_CO,Hot Rolled Black Coil,25L0375R00,28.67,2001,2,1235,0011000082,TATA STEEL LTD,257712084,5000088427,4600000216,40,05-12-25,101,HRC,COIL,11513:2017,BIS,cr3,72083990,N,7.453,16864140,MATCHED
2000,R_HR_CO,Hot Rolled Black Coil,25L0376R00,28.5,2001,2.2,1230,0011000082,TATA STEEL LTD,257703077,5000088428,4600000216,50,05-12-25,101,HRC,COIL,11513:2017,BIS,cr3,72083990,N,7.453,30787369,MATCHED
2000,R_HR_CO,Hot Rolled Black Coil,25L0377R00,28.55,2001,2.2,1230,0011000082,TATA STEEL LTD,257703078,5000088430,4600000216,50,05-12-25,101,HRC,COIL,11513:2017,BIS,cr3,72083990,N,7.453,96139719,MATCHED
2000,R_HR_CO,Hot Rolled Black Coil,25L0378R00,28.38,2001,2.5,1230,0011000082,TATA STEEL LTD,257700063,5000088431,4600000216,60,05-12-25,101,HRC,COIL,11513:2017,BIS,cr3,72083990,N,7.453,93872862,MATCHED
2000,R_HR_CO,Hot Rolled Black Coil,25L0379R00,28.63,2001,2.5,1230,0011000082,TATA STEEL LTD,257712089,5000088432,4600000216,60,05-12-25,101,HRC,COIL,11513:2017,BIS,cr3,72083990,N,7.453,60840866,MATCHED
2000,R_HR_CO,Hot Rolled Black Coil,25L0380R00,28.59,2001,2.5,1230,0011000082,TATA STEEL LTD,257712090,5000088435,4600000216,60,05-12-25,101,HRC,COIL,11513:2017,BIS,cr3,72083990,N,7.453,87474935,MATCHED
2000,R_HR_CO,Hot Rolled Black Coil,25L0381R00,28.86,2001,2.5,1230,0011000082,TATA STEEL LTD,257713052,5000088438,4600000216,60,05-12-25,101,HRC,COIL,11513:2017,BIS,cr3,72083990,N,7.453,60765734,MATCHED
2000,R_HR_CO,Hot Rolled Black Coil,25L0382R00,28.35,2001,2.5,1230,0011000082,TATA STEEL LTD,257700060,5000088440,4600000216,60,05-12-25,101,HRC,COIL,11513:2017,BIS,cr3,72083990,N,7.453,55446131,MATCHED
2000,R_HR_CO,Hot Rolled Black Coil,25L0383R00,28.4,2001,2.5,1230,0011000082,TATA STEEL LTD,257700062,5000088442,4600000216,60,05-12-25,101,HRC,COIL,11513:2017,BIS,cr3,72083990,N,7.453,18653098,MATCHED
2000,R_HR_CO,Hot Rolled Black Coil,25L0384R00,20.76,2001,2,1235,0011000082,TATA STEEL LTD,257723107,5000088443,4600000216,40,05-12-25,101,HRC,COIL,11513:2017,BIS,cr3,72083990,N,7.453,32585541,MATCHED
2000,R_HR_CO,Hot Rolled Black Coil,25L0385R00,24.02,2001,2,1235,0011000082,TATA STEEL LTD,257727078,5000088444,4600000216,40,05-12-25,101,HRC,COIL,11513:2017,BIS,cr3,72083990,N,7.453,23649123,MATCHED
2000,R_HR_CO,Hot Rolled Black Coil,25L0386R00,28.67,2001,2,1235,0011000082,TATA STEEL LTD,257713059,5000088452,4600000216,40,05-12-25,101,HRC,COIL,11513:2017,BIS,cr3,72083990,N,7.453,32140804,MATCHED
2000,R_HR_CO,Hot Rolled Black Coil,25L0387R00,28.62,2001,2.2,1230,0011000082,TATA STEEL LTD,257710091,5000088454,4600000216,50,05-12-25,101,HRC,COIL,11513:2017,BIS,cr3,72083990,N,7.453,34532998,MATCHED
2000,R_HR_CO,Hot Rolled Black Coil,25L0388R00,28.67,2001,2,1235,0011000082,TATA STEEL LTD,257713061,5000088455,4600000216,40,05-12-25,101,HRC,COIL,11513:2017,BIS,cr3,72083990,N,7.453,99957824,MATCHED
2000,R_HR_CO,Hot Rolled Black Coil,25L0389R00,28.72,2001,2,1235,0011000082,TATA STEEL LTD,257713062,5000088456,4600000216,40,05-12-25,101,HRC,COIL,11513:2017,BIS,cr3,72083990,N,7.453,76476486,MATCHED
2000,R_HR_CO,Hot Rolled Black Coil,25L0390R00,28.79,2001,2.2,1230,0011000082,TATA STEEL LTD,257710090,5000088457,4600000216,50,05-12-25,101,HRC,COIL,11513:2017,BIS,cr3,72083990,N,7.453,66461825,MATCHED
2000,R_HR_CO,Hot Rolled Black Coil,25L0391R00,28.58,2001,2,1235,0011000082,TATA STEEL LTD,257703082,5000088458,4600000216,40,05-12-25,101,HRC,COIL,11513:2017,BIS,cr3,72083990,N,7.453,22392840,MATCHED
2000,R_HR_CO,Hot Rolled Black Coil,25L0392R00,28.76,2001,2.2,1230,0011000082,TATA STEEL LTD,257710087,5000088459,4600000216,50,05-12-25,101,HRC,COIL,11513:2017,BIS,cr3,72083990,N,7.453,96002209,MATCHED
2000,R_HR_CO,Hot Rolled Black Coil,25L0393R00,28.62,2001,2,1235,0011000082,TATA STEEL LTD,257713058,5000088461,4600000216,40,05-12-25,101,HRC,COIL,11513:2017,BIS,cr3,72083990,N,7.453,29325728,MATCHED
2000,R_HR_CO,Hot Rolled Black Coil,25L0394R00,28.69,2001,2.2,1230,0011000082,TATA STEEL LTD,257710086,5000088462,4600000216,50,05-12-25,101,HRC,COIL,11513:2017,BIS,cr3,72083990,N,7.453,47906093,MATCHED
2000,R_HR_CO,Hot Rolled Black Coil,25L0395R00,28.58,2001,2,1235,0011000082,TATA STEEL LTD,257703083,5000088472,4600000216,40,05-12-25,101,HRC,COIL,11513:2017,BIS,cr3,72083990,N,7.453,46431122,MATCHED
2000,R_HR_CO,Hot Rolled Black Coil,25L0396R00,28.64,2001,2,1235,0011000082,TATA STEEL LTD,257713064,5000088481,4600000216,40,05-12-25,101,HRC,COIL,11513:2017,BIS,cr3,72083990,N,7.453,23949898,MATCHED
2000,R_HR_CO,Hot Rolled Black Coil,25L0397R00,28.63,2001,2,1235,0011000082,TATA STEEL LTD,257713060,5000088482,4600000216,40,05-12-25,101,HRC,COIL,11513:2017,BIS,cr3,72083990,N,7.453,85783895,MATCHED
2000,R_HR_CO,Hot Rolled Black Coil,25L0398R00,28.57,2001,2.5,1230,0011000082,TATA STEEL LTD,257700093,5000088486,4600000216,60,05-12-25,101,HRC,COIL,11513:2017,BIS,cr3,72083990,N,7.453,66667927,MATCHED
2000,R_HR_CO,Hot Rolled Black Coil,25L0399R00,28.45,2001,2.5,1230,0011000082,TATA STEEL LTD,257700092,5000088488,4600000216,60,05-12-25,101,HRC,COIL,11513:2017,BIS,cr3,72083990,N,7.453,27184917,MATCHED
2000,R_HR_CO,Hot Rolled Black Coil,25L0400R00,28.73,2001,2.2,1230,0011000082,TATA STEEL LTD,257710088,5000088490,4600000216,50,05-12-25,101,HRC,COIL,11513:2017,BIS,cr3,72083990,N,7.453,49514300,MATCHED
2000,R_HR_CO,Hot Rolled Black Coil,25L0401R00,28.74,2001,2.2,1230,0011000082,TATA STEEL LTD,257710089,5000088494,4600000216,50,05-12-25,101,HRC,COIL,11513:2017,BIS,cr3,72083990,N,7.453,89428463,MATCHED
2000,R_HR_CO,Hot Rolled Black Coil,25L0402R00,28.61,2001,2,1235,0011000082,TATA STEEL LTD,257703084,5000088496,4600000216,40,05-12-25,101,HRC,COIL,11513:2017,BIS,cr3,72083990,N,7.453,46635409,MATCHED
2000,R_HR_CO,Hot Rolled Black Coil,25L0403R00,28.68,2001,2,1235,0011000082,TATA STEEL LTD,257713063,5000088497,4600000216,40,05-12-25,101,HRC,COIL,11513:2017,BIS,cr3,72083990,N,7.453,91591130,MATCHED
2000,R_HR_CO,Hot Rolled Black Coil,25L0404R00,28.71,2001,2.2,1230,0011000082,TATA STEEL LTD,257712073,5000088510,4600000216,50,05-12-25,101,HRC,COIL,11513:2017,BIS,cr3,72083990,N,7.453,72514851,MATCHED
2000,R_HR_CO,Hot Rolled Black Coil,25L0405R00,28.49,2001,2.5,1230,0011000082,TATA STEEL LTD,257705040,5000088513,4600000216,60,05-12-25,101,HRC,COIL,11513:2017,BIS,cr3,72083990,N,7.453,58740923,MATCHED
2000,R_HR_CO,Hot Rolled Black Coil,25L0406R00,28.78,2001,2.2,1230,0011000082,TATA STEEL LTD,257712072,5000088514,4600000216,50,05-12-25,101,HRC,COIL,11513:2017,BIS,cr3,72083990,N,7.453,17128694,MATCHED
2000,R_HR_CO,Hot Rolled Black Coil,25L0407R00,28.8,2001,2,1235,0011000082,TATA STEEL LTD,257712083,5000088516,4600000216,40,05-12-25,101,HRC,COIL,11513:2017,BIS,cr3,72083990,N,7.453,99738812,MATCHED
2000,R_HR_CO,Hot Rolled Black Coil,25L0408R00,28.47,2001,2.2,1230,0011000082,TATA STEEL LTD,257705041,5000088517,4600000216,50,05-12-25,101,HRC,COIL,11513:2017,BIS,cr3,72083990,N,7.453,40261645,MATCHED
2000,R_HR_CO,Hot Rolled Black Coil,25L0409R00,28.56,2001,2.5,1230,0011000082,TATA STEEL LTD,257703052,5000088522,4600000216,60,05-12-25,101,HRC,COIL,11513:2017,BIS,cr3,72083990,N,7.453,68553137,MATCHED
2000,R_HR_CO,Hot Rolled Black Coil,25L0410R00,28.45,2001,2.2,1230,0011000082,TATA STEEL LTD,257705042,5000088524,4600000216,50,05-12-25,101,HRC,COIL,11513:2017,BIS,cr3,72083990,N,7.453,44748789,MATCHED
2000,R_HR_CO,Hot Rolled Black Coil,25L0411R00,28.75,2001,2,1235,0011000082,TATA STEEL LTD,257712075,5000088527,4600000216,40,05-12-25,101,HRC,COIL,11513:2017,BIS,cr3,72083990,N,7.453,13208657,MATCHED
2000,R_HR_CO,Hot Rolled Black Coil,25L0412R00,28.67,2001,2,1235,0011000082,TATA STEEL LTD,257712082,5000088531,4600000216,40,05-12-25,101,HRC,COIL,11513:2017,BIS,cr3,72083990,N,7.453,94905540,MATCHED
2000,R_HR_CO,Hot Rolled Black Coil,25L0413R00,28.02,2001,2,1235,0011000082,TATA STEEL LTD,257703063,5000088532,4600000216,40,05-12-25,101,HRC,COIL,11513:2017,BIS,cr3,72083990,N,7.453,30557763,MATCHED
2000,R_HR_CO,Hot Rolled Black Coil,25L0414R00,28.49,2001,2,1235,0011000082,TATA STEEL LTD,257703048,5000088533,4600000216,40,05-12-25,101,HRC,COIL,11513:2017,BIS,cr3,72083990,N,7.453,12021934,MATCHED
2000,R_HR_CO,Hot Rolled Black Coil,25L0415R00,28.61,2001,2,1235,0011000082,TATA STEEL LTD,257703088,5000088534,4600000216,40,05-12-25,101,HRC,COIL,11513:2017,BIS,cr3,72083990,N,7.453,38389571,MATCHED
2000,R_HR_CO,Hot Rolled Black Coil,25L0416R00,28.44,2001,2.2,1230,0011000082,TATA STEEL LTD,257705044,5000088535,4600000216,50,05-12-25,101,HRC,COIL,11513:2017,BIS,cr3,72083990,N,7.453,85897897,MATCHED
2000,R_HR_CO,Hot Rolled Black Coil,25L0417R00,28.83,2001,2.2,1230,0011000082,TATA STEEL LTD,257712074,5000088537,4600000216,50,05-12-25,101,HRC,COIL,11513:2017,BIS,cr3,72083990,N,7.453,66399816,MATCHED
2000,R_HR_CO,Hot Rolled Black Coil,25L0418R00,28.82,2001,2.5,1230,0011000082,TATA STEEL LTD,257712071,5000088538,4600000216,60,05-12-25,101,HRC,COIL,11513:2017,BIS,cr3,72083990,N,7.453,12310397,MATCHED
2000,R_HR_CO,Hot Rolled Black Coil,25L0419R00,28.66,2001,2.5,1230,0011000082,TATA STEEL LTD,257703036,5000088539,4600000216,60,05-12-25,101,HRC,COIL,11513:2017,BIS,cr3,72083990,N,7.453,15969133,MATCHED
2000,R_HR_CO,Hot Rolled Black Coil,25L0420R00,28.43,2001,2.5,1230,0011000082,TATA STEEL LTD,257703050,5000088540,4600000216,60,05-12-25,101,HRC,COIL,11513:2017,BIS,cr3,72083990,N,7.453,59561918,MATCHED
2000,R_HR_CO,Hot Rolled Black Coil,25L0421R00,28.73,2001,2,1235,0011000082,TATA STEEL LTD,257712076,5000088543,4600000216,40,05-12-25,101,HRC,COIL,11513:2017,BIS,cr3,72083990,N,7.453,74386095,MATCHED
2000,R_HR_CO,Hot Rolled Black Coil,25L0422R00,28.83,2001,2,1235,0011000082,TATA STEEL LTD,257703067,5000088544,4600000216,40,05-12-25,101,HRC,COIL,11513:2017,BIS,cr3,72083990,N,7.453,18010458,MATCHED
2000,R_HR_CO,Hot Rolled Black Coil,25L0423R00,28.72,2001,2,1235,0011000082,TATA STEEL LTD,257712079,5000088545,4600000216,40,05-12-25,101,HRC,COIL,11513:2017,BIS,cr3,72083990,N,7.453,59650655,MATCHED
2000,R_HR_CO,Hot Rolled Black Coil,25L0424R00,28.79,2001,2,1235,0011000082,TATA STEEL LTD,257712078,5000088549,4600000216,40,05-12-25,101,HRC,COIL,11513:2017,BIS,cr3,72083990,N,7.453,50301970,MATCHED
2000,R_HR_CO,Hot Rolled Black Coil,25L0425R00,28.49,2001,2,1235,0011000082,TATA STEEL LTD,257703086,5000088550,4600000216,40,05-12-25,101,HRC,COIL,11513:2017,BIS,cr3,72083990,N,7.453,54954973,MATCHED
2000,R_HR_CO,Hot Rolled Black Coil,25L0426R00,28.47,2001,2.2,1230,0011000082,TATA STEEL LTD,257705046,5000088551,4600000216,50,05-12-25,101,HRC,COIL,11513:2017,BIS,cr3,72083990,N,7.453,38389671,MATCHED
2000,R_HR_CO,Hot Rolled Black Coil,25L0427R00,28.57,2001,2.2,1230,0011000082,TATA STEEL LTD,257703076,5000088552,4600000216,50,05-12-25,101,HRC,COIL,11513:2017,BIS,cr3,72083990,N,7.453,74754349,MATCHED
2000,R_HR_CO,Hot Rolled Black Coil,25L0428R00,28.93,2001,2.5,1230,0011000082,TATA STEEL LTD,257703071,5000088553,4600000216,60,05-12-25,101,HRC,COIL,11513:2017,BIS,cr3,72083990,N,7.453,11266364,MATCHED
2000,R_HR_CO,Hot Rolled Black Coil,25L0429R00,28.82,2001,2,1235,0011000082,TATA STEEL LTD,257703068,5000088555,4600000216,40,05-12-25,101,HRC,COIL,11513:2017,BIS,cr3,72083990,N,7.453,20527753,MATCHED
2000,R_HR_CO,Hot Rolled Black Coil,25L0430R00,28.43,2001,2.2,1230,0011000082,TATA STEEL LTD,257705049,5000088556,4600000216,50,05-12-25,101,HRC,COIL,11513:2017,BIS,cr3,72083990,N,7.453,30108589,MATCHED
2000,R_HR_CO,Hot Rolled Black Coil,25L0431R00,28.75,2001,2.2,1230,0011000082,TATA STEEL LTD,257705047,5000088557,4600000216,50,05-12-25,101,HRC,COIL,11513:2017,BIS,cr3,72083990,N,7.453,21072217,MATCHED
2000,R_HR_CO,Hot Rolled Black Coil,25L0432R00,28.7,2001,2.5,1230,0011000082,TATA STEEL LTD,257705054,5000088559,4600000216,60,05-12-25,101,HRC,COIL,11513:2017,BIS,cr3,72083990,N,7.453,37759058,MATCHED
2000,R_HR_CO,Hot Rolled Black Coil,25L0433R00,27.94,2001,2,1235,0011000082,TATA STEEL LTD,257693096,5000088560,4600000216,40,05-12-25,101,HRC,COIL,11513:2017,BIS,cr3,72083990,N,7.453,65434945,MATCHED
2000,R_HR_CO,Hot Rolled Black Coil,25L0434R00,28.73,2001,2,1235,0011000082,TATA STEEL LTD,257703064,5000088563,4600000216,40,05-12-25,101,HRC,COIL,11513:2017,BIS,cr3,72083990,N,7.453,22763450,MATCHED
2000,R_HR_CO,Hot Rolled Black Coil,25L0435R00,28.7,2001,2.5,1230,0011000082,TATA STEEL LTD,257703069,5000088564,4600000216,60,05-12-25,101,HRC,COIL,11513:2017,BIS,cr3,72083990,N,7.453,64925640,MATCHED
2000,R_HR_CO,Hot Rolled Black Coil,25L0436R00,28.59,2001,2,1235,0011000082,TATA STEEL LTD,257703062,5000088565,4600000216,40,05-12-25,101,HRC,COIL,11513:2017,BIS,cr3,72083990,N,7.453,54390826,MATCHED
2000,R_HR_CO,Hot Rolled Black Coil,25L0437R00,28.64,2001,2,1235,0011000082,TATA STEEL LTD,257703065,5000088567,4600000216,40,05-12-25,101,HRC,COIL,11513:2017,BIS,cr3,72083990,N,7.453,75594009,MATCHED
2000,R_HR_CO,Hot Rolled Black Coil,25L0438R00,28.22,2001,2,1235,0011000082,TATA STEEL LTD,257713057,5000088605,4600000216,40,05-12-25,101,HRC,COIL,11513:2017,BIS,cr3,72083990,N,7.453,65598395,MATCHED
2000,R_HR_CO,Hot Rolled Black Coil,25L0439R00,28.61,2001,2.2,1230,0011000082,TATA STEEL LTD,257703074,5000088606,4600000216,50,05-12-25,101,HRC,COIL,11513:2017,BIS,cr3,72083990,N,7.453,72625381,MATCHED
2000,R_HR_CO,Hot Rolled Black Coil,25L0440R00,28.68,2001,2.5,1230,0011000082,TATA STEEL LTD,257705052,5000088624,4600000216,60,05-12-25,101,HRC,COIL,11513:2017,BIS,cr3,72083990,N,7.453,43340770,MATCHED
2000,R_HR_CO,Hot Rolled Black Coil,25L0441R00,27.58,2001,2.5,1230,0011000082,TATA STEEL LTD,257700061A,5000088658,4600000216,60,05-12-25,101,HRC,COIL,11513:2017,BIS,cr3,72083990,N,7.453,92764622,MATCHED
2000,R_HR_CO,Hot Rolled Black Coil,25L0442R00,28.15,2001,2,1235,0011000082,TATA STEEL LTD,257703060,5000088660,4600000216,40,05-12-25,101,HRC,COIL,11513:2017,BIS,cr3,72083990,N,7.453,19696727,MATCHED
2000,R_HR_CO,Hot Rolled Black Coil,25L0443R00,28.56,2001,2.2,1230,0011000082,TATA STEEL LTD,257703039,5000088662,4600000216,50,05-12-25,101,HRC,COIL,11513:2017,BIS,cr3,72083990,N,7.453,97559768,MATCHED
2000,R_HR_CO,Hot Rolled Black Coil,25L0444R00,28.49,2001,2,1235,0011000082,TATA STEEL LTD,257703049,5000088664,4600000216,40,05-12-25,101,HRC,COIL,11513:2017,BIS,cr3,72083990,N,7.453,91350454,MATCHED
2000,R_HR_CO,Hot Rolled Black Coil,25L0445R00,28.53,2001,2,1235,0011000082,TATA STEEL LTD,257703041,5000088665,4600000216,40,05-12-25,101,HRC,COIL,11513:2017,BIS,cr3,72083990,N,7.453,17390646,MATCHED
2000,R_HR_CO,Hot Rolled Black Coil,25L0446R00,28.82,2001,2,1235,0011000082,TATA STEEL LTD,257713056,5000088702,4600000216,40,05-12-25,101,HRC,COIL,11513:2017,BIS,cr3,72083990,N,7.453,52666626,MATCHED
2000,R_HR_CO,Hot Rolled Black Coil,25L0447R00,28.48,2001,2.2,1230,0011000082,TATA STEEL LTD,257705045,5000088704,4600000216,50,05-12-25,101,HRC,COIL,11513:2017,BIS,cr3,72083990,N,7.453,12655222,MATCHED
2000,R_HR_CO,Hot Rolled Black Coil,25L0448R00,28.59,2001,2.2,1230,0011000082,TATA STEEL LTD,257703054,5000088705,4600000216,50,05-12-25,101,HRC,COIL,11513:2017,BIS,cr3,72083990,N,7.453,50220136,MATCHED
2000,R_HR>3MM_CO,Hot Rolled Black Coil 3mm & Above,25L0449R00,28.01,2001,3,1265,0011000144,JSW Vijayanagar Metallics Limited,25343112,5000088889,4600000225,100,27-12-25,101,HRC,COIL,11513:2017,BIS,cr3,72083890,N,7.453,22818199,MATCHED
2000,R_HR_CO,Hot Rolled Black Coil,25L0450R00,27.895,2001,2.2,1230,0011000144,JSW Vijayanagar Metallics Limited,25337824,5000088891,4600000225,30,27-12-25,101,HRC,COIL,11513:2017,BIS,cr3,72083990,N,7.453,18606871,MATCHED
2000,R_HR_CO,Hot Rolled Black Coil,25L0451R00,23.22,2001,2.5,1230,0011000144,JSW Vijayanagar Metallics Limited,25337504,5000088892,4600000225,60,27-12-25,101,HRC,COIL,11513:2017,BIS,cr3,72083990,N,7.453,43043278,MATCHED
2000,R_HR_CO,Hot Rolled Black Coil,25L0452R00,28.585,2001,2.2,1260,0011000144,JSW Vijayanagar Metallics Limited,25343022,5000088893,4600000225,40,27-12-25,101,HRC,COIL,11513:2017,BIS,cr3,72083990,N,7.453,32879071,MATCHED
2000,R_HR_CO,Hot Rolled Black Coil,25L0453R00,28.105,2001,2.5,1230,0011000144,JSW Vijayanagar Metallics Limited,25339820,5000088894,4600000225,60,27-12-25,101,HRC,COIL,11513:2017,BIS,cr3,72083990,N,7.453,99158800,MATCHED
2000,R_HR_CO,Hot Rolled Black Coil,25L0454R00,24.98,2001,2.2,1110,0011000144,JSW Vijayanagar Metallics Limited,25342846,5000088895,4600000225,20,27-12-25,101,HRC,COIL,11513:2017,BIS,cr3,72083990,N,7.453,64165516,MATCHED
2000,R_HR_CO,Hot Rolled Black Coil,25L0455R00,28.315,2001,2.2,1260,0011000144,JSW Vijayanagar Metallics Limited,25343029,5000088896,4600000225,40,27-12-25,101,HRC,COIL,11513:2017,BIS,cr3,72083990,N,7.453,10204848,MATCHED
2000,R_HR_CO,Hot Rolled Black Coil,25L0456R00,28.36,2001,2.2,1260,0011000144,JSW Vijayanagar Metallics Limited,25343031,5000088897,4600000225,40,27-12-25,101,HRC,COIL,11513:2017,BIS,cr3,72083990,N,7.453,82159011,MATCHED
2000,R_HR_CO,Hot Rolled Black Coil,25L0457R00,28.48,2001,2.2,1260,0011000144,JSW Vijayanagar Metallics Limited,25343120,5000088898,4600000225,40,27-12-25,101,HRC,COIL,11513:2017,BIS,cr3,72083990,N,7.453,11610954,MATCHED
2000,R_HR_CO,Hot Rolled Black Coil,25L0458R00,25.055,2001,2.2,1110,0011000144,JSW Vijayanagar Metallics Limited,25342838,5000088899,4600000225,20,27-12-25,101,HRC,COIL,11513:2017,BIS,cr3,72083990,N,7.453,58919947,MATCHED
2000,R_HR_CO,Hot Rolled Black Coil,25L0459R00,26.52,2001,2.2,1110,0011000144,JSW Vijayanagar Metallics Limited,25342956,5000088901,4600000225,20,27-12-25,101,HRC,COIL,11513:2017,BIS,cr3,72083990,N,7.453,34102694,MATCHED
2000,R_HR_CO,Hot Rolled Black Coil,25L0460R00,24.93,2001,2.2,1110,0011000144,JSW Vijayanagar Metallics Limited,25342844,5000088902,4600000225,20,27-12-25,101,HRC,COIL,11513:2017,BIS,cr3,72083990,N,7.453,36135851,MATCHED
2000,R_HR_CO,Hot Rolled Black Coil,25L0461R00,26.735,2001,2.2,1230,0011000144,JSW Vijayanagar Metallics Limited,25340881,5000088903,4600000225,30,27-12-25,101,HRC,COIL,11513:2017,BIS,cr3,72083990,N,7.453,41745553,MATCHED
2000,R_HR_CO,Hot Rolled Black Coil,25L0462R00,24.955,2001,2.2,1110,0011000144,JSW Vijayanagar Metallics Limited,25342954,5000088904,4600000225,20,27-12-25,101,HRC,COIL,11513:2017,BIS,cr3,72083990,N,7.453,93135913,MATCHED
2000,R_HR_CO,Hot Rolled Black Coil,25L0463R00,26.835,2001,2.2,1230,0011000144,JSW Vijayanagar Metallics Limited,25340883,5000088905,4600000225,30,27-12-25,101,HRC,COIL,11513:2017,BIS,cr3,72083990,N,7.453,73356425,MATCHED
2000,R_HR_CO,Hot Rolled Black Coil,25L0464R00,24.585,2001,2.2,1110,0011000144,JSW Vijayanagar Metallics Limited,25342964,5000088906,4600000225,20,27-12-25,101,HRC,COIL,11513:2017,BIS,cr3,72083990,N,7.453,22334822,MATCHED
2000,R_HR_CO,Hot Rolled Black Coil,25L0465R00,24.915,2001,2.2,1110,0011000144,JSW Vijayanagar Metallics Limited,25342849,5000088907,4600000225,20,27-12-25,101,HRC,COIL,11513:2017,BIS,cr3,72083990,N,7.453,83185977,MATCHED
2000,R_HR_CO,Hot Rolled Black Coil,25L0466R00,25.055,2001,2.5,1110,0011000144,JSW Vijayanagar Metallics Limited,25343046,5000088914,4600000225,50,27-12-25,101,HRC,COIL,11513:2017,BIS,cr3,72083990,N,7.453,51641255,MATCHED
2000,R_HR_CO,Hot Rolled Black Coil,25L0467R00,27.165,2001,2.2,1230,0011000144,JSW Vijayanagar Metallics Limited,25339824,5000088929,4600000225,30,27-12-25,101,HRC,COIL,11513:2017,BIS,cr3,72083990,N,7.453,34380233,MATCHED
2000,R_HR_CO,Hot Rolled Black Coil,25L0468R00,28.36,2001,2.2,1260,0011000144,JSW Vijayanagar Metallics Limited,25342910,5000088933,4600000225,40,27-12-25,101,HRC,COIL,11513:2017,BIS,cr3,72083990,N,7.453,31369408,MATCHED
2000,R_HR_CO,Hot Rolled Black Coil,25L0469R00,27.98,2001,2,1235,0011000082,TATA STEEL LTD,257703080,5000088939,4600000216,40,05-12-25,101,HRC,COIL,11513:2017,BIS,cr3,72083990,N,7.453,27861436,MATCHED
2000,R_HR>3MM_CO,Hot Rolled Black Coil 3mm & Above,25L0470R00,28.455,2001,3,1265,0011000144,JSW Vijayanagar Metallics Limited,25343110,5000088947,4600000225,100,27-12-25,101,HRC,COIL,11513:2017,BIS,cr3,72083890,N,7.453,15247656,MATCHED
2000,R_HR_CO,Hot Rolled Black Coil,25L0471R00,29.825,2001,2.8,1260,0011000144,JSW Vijayanagar Metallics Limited,25342739,5000088948,4600000225,80,27-12-25,101,HRC,COIL,11513:2017,BIS,cr3,72083990,N,7.453,21622051,MATCHED
2000,R_HR_CO,Hot Rolled Black Coil,25L0472R00,26,2001,2.5,1260,0011000144,JSW Vijayanagar Metallics Limited,25339942,5000088949,4600000225,70,27-12-25,101,HRC,COIL,11513:2017,BIS,cr3,72083990,N,7.453,59117074,MATCHED
2000,R_HR_CO,Hot Rolled Black Coil,25L0473R00,25.99,2001,2.2,1260,0011000144,JSW Vijayanagar Metallics Limited,25339947,5000088951,4600000225,40,27-12-25,101,HRC,COIL,11513:2017,BIS,cr3,72083990,N,7.453,71943369,MATCHED
2000,R_HR_CO,Hot Rolled Black Coil,25L0474R00,28.325,2001,2.2,1260,0011000144,JSW Vijayanagar Metallics Limited,25342917,5000088952,4600000225,40,27-12-25,101,HRC,COIL,11513:2017,BIS,cr3,72083990,N,7.453,91544167,MATCHED
2000,R_HR_CO,Hot Rolled Black Coil,25L0475R00,28.455,2001,2.2,1260,0011000144,JSW Vijayanagar Metallics Limited,25342913,5000088953,4600000225,40,27-12-25,101,HRC,COIL,11513:2017,BIS,cr3,72083990,N,7.453,30891318,MATCHED
2000,R_HR_CO,Hot Rolled Black Coil,25L0476R00,28.325,2001,2.2,1260,0011000144,JSW Vijayanagar Metallics Limited,25343121,5000088955,4600000225,40,27-12-25,101,HRC,COIL,11513:2017,BIS,cr3,72083990,N,7.453,21878126,MATCHED
2000,R_HR_CO,Hot Rolled Black Coil,25L0477R00,28.02,2001,2.5,1230,0011000144,JSW Vijayanagar Metallics Limited,22340550,5000088958,4600000225,60,27-12-25,101,HRC,COIL,11513:2017,BIS,cr3,72083990,N,7.453,12132844,MATCHED
2000,R_HR_CO,Hot Rolled Black Coil,25L0478R00,28.375,2001,2.2,1260,0011000144,JSW Vijayanagar Metallics Limited,25343030,5000088962,4600000225,40,27-12-25,101,HRC,COIL,11513:2017,BIS,cr3,72083990,N,7.453,19571630,MATCHED
2000,R_HR_CO,Hot Rolled Black Coil,25L0479R00,25.03,2001,2.2,1110,0011000144,JSW Vijayanagar Metallics Limited,25342840,5000088963,4600000225,20,27-12-25,101,HRC,COIL,11513:2017,BIS,cr3,72083990,N,7.453,57751928,MATCHED
2000,R_HR_CO,Hot Rolled Black Coil,25L0480R00,24.99,2001,2.5,1110,0011000144,JSW Vijayanagar Metallics Limited,25343048,5000088966,4600000225,50,27-12-25,101,HRC,COIL,11513:2017,BIS,cr3,72083990,N,7.453,84429706,MATCHED
2000,R_HR_CO,Hot Rolled Black Coil,25L0481R00,28.33,2001,2.2,1260,0011000144,JSW Vijayanagar Metallics Limited,25342822,5000088967,4600000225,40,27-12-25,101,HRC,COIL,11513:2017,BIS,cr3,72083990,N,7.453,96245463,MATCHED
2000,R_HR_CO,Hot Rolled Black Coil,25L0482R00,24.975,2001,2.5,1230,0011000144,JSW Vijayanagar Metallics Limited,25340872,5000088971,4600000225,60,27-12-25,101,HRC,COIL,11513:2017,BIS,cr3,72083990,N,7.453,42661404,MATCHED
2000,R_HR_CO,Hot Rolled Black Coil,25L0483R00,25.025,2001,2.2,1110,0011000144,JSW Vijayanagar Metallics Limited,25342845,5000088979,4600000225,20,27-12-25,101,HRC,COIL,11513:2017,BIS,cr3,72083990,N,7.453,42057156,MATCHED
2000,R_HR_CO,Hot Rolled Black Coil,25L0484R00,25.28,2001,2.5,1260,0011000144,JSW Vijayanagar Metallics Limited,25343198,5000088986,4600000225,70,27-12-25,101,HRC,COIL,11513:2017,BIS,cr3,72083990,N,7.453,53765695,MATCHED
2000,R_HR_CO,Hot Rolled Black Coil,25L0485R00,23.7,2001,2.2,1015,0011000144,JSW Vijayanagar Metallics Limited,25343147,5000088987,4600000225,10,27-12-25,101,HRC,COIL,11513:2017,BIS,cr3,72083990,N,7.453,65833623,MATCHED
2000,R_HR>3MM_CO,Hot Rolled Black Coil 3mm & Above,25L0486R00,28.4,2001,3,1265,0011000144,JSW Vijayanagar Metallics Limited,25343109,5000088992,4600000225,100,27-12-25,101,HRC,COIL,11513:2017,BIS,cr3,72083890,N,7.453,54795535,MATCHED
2000,R_HR_CO,Hot Rolled Black Coil,25L0487R00,24.78,2001,2.2,1110,0011000144,JSW Vijayanagar Metallics Limited,25342958,5000088993,4600000225,20,27-12-25,101,HRC,COIL,11513:2017,BIS,cr3,72083990,N,7.453,85496207,MATCHED
2000,R_HR_CO,Hot Rolled Black Coil,25L0488R00,26.35,2001,2.5,1260,0011000144,JSW Vijayanagar Metallics Limited,25339943,5000088994,4600000225,70,27-12-25,101,HRC,COIL,11513:2017,BIS,cr3,72083990,N,7.453,61327573,MATCHED
2000,R_HR_CO,Hot Rolled Black Coil,25L0489R00,23.71,2001,2.2,1015,0011000144,JSW Vijayanagar Metallics Limited,25343146,5000088995,4600000225,10,27-12-25,101,HRC,COIL,11513:2017,BIS,cr3,72083990,N,7.453,21896053,MATCHED
2000,R_HR_CO,Hot Rolled Black Coil,25L0490R00,24.98,2001,2.2,1110,0011000144,JSW Vijayanagar Metallics Limited,25342962,5000088997,4600000225,20,27-12-25,101,HRC,COIL,11513:2017,BIS,cr3,72083990,N,7.453,58852130,MATCHED
2000,R_HR_CO,Hot Rolled Black Coil,25L0491R00,25.08,2001,2.2,1110,0011000144,JSW Vijayanagar Metallics Limited,25343057,5000089000,4600000225,20,27-12-25,101,HRC,COIL,11513:2017,BIS,cr3,72083990,N,7.453,42487908,MATCHED
2000,R_HR>3MM_CO,Hot Rolled Black Coil 3mm & Above,25L0492R00,24.9,2001,3,1265,0011000144,JSW Vijayanagar Metallics Limited,25343113,5000089004,4600000225,100,27-12-25,101,HRC,COIL,11513:2017,BIS,cr3,72083890,N,7.453,19521411,MATCHED
2000,R_HR_CO,Hot Rolled Black Coil,25L0493R00,24.995,2001,2.5,1110,0011000144,JSW Vijayanagar Metallics Limited,25343047,5000089005,4600000225,50,27-12-25,101,HRC,COIL,11513:2017,BIS,cr3,72083990,N,7.453,61145545,MATCHED
2000,R_HR_CO,Hot Rolled Black Coil,25L0494R00,28.425,2001,2.5,1260,0011000144,JSW Vijayanagar Metallics Limited,25343026,5000089007,4600000225,70,27-12-25,101,HRC,COIL,11513:2017,BIS,cr3,72083990,N,7.453,49062620,MATCHED
2000,R_HR_CO,Hot Rolled Black Coil,25L0495R00,25.13,2001,2.2,1110,0011000144,JSW Vijayanagar Metallics Limited,25342953,5000089008,4600000225,20,27-12-25,101,HRC,COIL,11513:2017,BIS,cr3,72083990,N,7.453,23950793,MATCHED
2000,R_HR_CO,Hot Rolled Black Coil,25L0496R00,24.955,2001,2.2,1110,0011000144,JSW Vijayanagar Metallics Limited,25343060,5000089011,4600000225,20,27-12-25,101,HRC,COIL,11513:2017,BIS,cr3,72083990,N,7.453,11394465,MATCHED
2000,R_HR_CO,Hot Rolled Black Coil,25L0497R00,28.84,2001,2.5,1260,0011000144,JSW Vijayanagar Metallics Limited,25343018,5000089020,4600000225,70,27-12-25,101,HRC,COIL,11513:2017,BIS,cr3,72083990,N,7.453,93565120,MATCHED
2000,R_HR_CO,Hot Rolled Black Coil,25L0498R00,24.98,2001,2.2,1110,0011000144,JSW Vijayanagar Metallics Limited,25342841,5000089021,4600000225,20,27-12-25,101,HRC,COIL,11513:2017,BIS,cr3,72083990,N,7.453,28091700,MATCHED
2000,R_HR_CO,Hot Rolled Black Coil,25L0499R00,27.955,2001,2.5,1230,0011000144,JSW Vijayanagar Metallics Limited,25342261,5000089022,4600000225,60,27-12-25,101,HRC,COIL,11513:2017,BIS,cr3,72083990,N,7.453,32901704,MATCHED
2000,R_HR_CO,Hot Rolled Black Coil,25L0500R00,24.98,2001,2.2,1110,0011000144,JSW Vijayanagar Metallics Limited,25342835,5000089023,4600000225,20,27-12-25,101,HRC,COIL,11513:2017,BIS,cr3,72083990,N,7.453,29206645,MATCHED
2000,R_HR>3MM_CO,Hot Rolled Black Coil 3mm & Above,25L0501R00,28.425,2001,3,1265,0011000144,JSW Vijayanagar Metallics Limited,25342817,5000089033,4600000225,100,27-12-25,101,HRC,COIL,11513:2017,BIS,cr3,72083890,N,7.453,84209280,MATCHED
2000,R_HR_CO,Hot Rolled Black Coil,25L0502R00,28.31,2001,2.2,1260,0011000144,JSW Vijayanagar Metallics Limited,25342921,5000089061,4600000225,40,27-12-25,101,HRC,COIL,11513:2017,BIS,cr3,72083990,N,7.453,64499481,MATCHED
2000,R_HR_CO,Hot Rolled Black Coil,25L0503R00,28.81,2001,2.2,1260,0011000144,JSW Vijayanagar Metallics Limited,25343033,5000089067,4600000225,40,27-12-25,101,HRC,COIL,11513:2017,BIS,cr3,72083990,N,7.453,69572840,MATCHED
2000,R_HR_CO,Hot Rolled Black Coil,25L0504R00,28.03,2001,2.2,1260,0011000144,JSW Vijayanagar Metallics Limited,25340874,5000089068,4600000225,40,27-12-25,101,HRC,COIL,11513:2017,BIS,cr3,72083990,N,7.453,83415513,MATCHED
2000,R_HR_CO,Hot Rolled Black Coil,25L0505R00,26.865,2001,2.5,1230,0011000144,JSW Vijayanagar Metallics Limited,25338693,5000089075,4600000225,60,27-12-25,101,HRC,COIL,11513:2017,BIS,cr3,72083990,N,7.453,58009883,MATCHED
2000,R_HR_CO,Hot Rolled Black Coil,25L0506R00,24.985,2001,2.5,1110,0011000144,JSW Vijayanagar Metallics Limited,25343045,5000089081,4600000225,50,27-12-25,101,HRC,COIL,11513:2017,BIS,cr3,72083990,N,7.453,16960709,MATCHED
2000,R_HR_CO,Hot Rolled Black Coil,25L0508R00,24.385,2001,2.2,1110,0011000144,JSW Vijayanagar Metallics Limited,25343059,5000089083,4600000225,20,27-12-25,101,HRC,COIL,11513:2017,BIS,cr3,72083990,N,7.453,10291696,MATCHED
2000,R_HR_CO,Hot Rolled Black Coil,25L0509R00,23.99,2001,2.2,1230,0011000144,JSW Vijayanagar Metallics Limited,25339822,5000089086,4600000225,30,27-12-25,101,HRC,COIL,11513:2017,BIS,cr3,72083990,N,7.453,45378414,MATCHED
2000,R_HR_CO,Hot Rolled Black Coil,25L0510R00,23.69,2001,2.2,1015,0011000144,JSW Vijayanagar Metallics Limited,25343150,5000089096,4600000225,10,27-12-25,101,HRC,COIL,11513:2017,BIS,cr3,72083990,N,7.453,46611520,MATCHED
2000,R_HR_CO,Hot Rolled Black Coil,25L0511R00,24.995,2001,2.2,1110,0011000144,JSW Vijayanagar Metallics Limited,25342839,5000089097,4600000225,20,27-12-25,101,HRC,COIL,11513:2017,BIS,cr3,72083990,N,7.453,19112966,MATCHED
2000,R_HR_CO,Hot Rolled Black Coil,26AJ0001R0,23.8,2001,2.2,1015,0011000144,JSW Vijayanagar Metallics Limited,25343149,5000089112,4600000225,10,27-12-25,101,HRC,COIL,11513:2017,BIS,cr3,72083990,N,7.453,61760755,MATCHED
2000,R_HR_CO,Hot Rolled Black Coil,26AJ0002R0,28.01,2001,2.2,1260,0011000144,JSW Vijayanagar Metallics Limited,25343122,5000089146,4600000225,40,27-12-25,101,HRC,COIL,11513:2017,BIS,cr3,72083990,N,7.453,35835709,MATCHED
2000,R_HR>3MM_CO,Hot Rolled Black Coil 3mm & Above,26AJ0003R0,28.28,2001,3.6,1265,11000144,JVML-VJNR,25344046,5000089151,4600000226,20,02-01-26,101,HRC,COIL,11513:2017,BIS,HR3,72083990,N,7.453,46097559,MATCHED
2000,R_HR>3MM_CO,Hot Rolled Black Coil 3mm & Above,26AJ0004R0,27.915,2001,3.6,1265,11000144,JVML-VJNR,25344041,5000089152,4600000226,110,01-01-26,101,HRC,COIL,11513:2017,BIS,HR3,72083990,N,7.453,27194277,MATCHED
2000,R_HR>3MM_CO,Hot Rolled Black Coil 3mm & Above,26AJ0005R0,27.92,2001,3,1265,0011000144,JSW Vijayanagar Metallics Limited,25344050,5000089153,4600000226,120,30-12-25,101,HRC,COIL,11513:2017,BIS,cr3,72083890,N,7.453,67464583,MATCHED
2000,R_HR_CO,Hot Rolled Black Coil,26AJ0006R0,28.31,2001,2.8,1260,0011000144,JSW Vijayanagar Metallics Limited,25342734,5000089154,4600000226,70,30-12-25,101,HRC,COIL,11513:2017,BIS,cr3,72083990,N,7.453,19626041,MATCHED
2000,R_HR_CO,Hot Rolled Black Coil,26AJ0007R0,27.71,2001,2.5,1260,0011000144,JSW Vijayanagar Metallics Limited,25344069,5000089161,4600000226,60,30-12-25,101,HRC,COIL,11513:2017,BIS,cr3,72083990,N,7.453,38323434,MATCHED
2000,R_HR_CO,Hot Rolled Black Coil,26AJ0008R0,27.755,2001,2,1235,0011000144,JSW Vijayanagar Metallics Limited,25344265,5000089162,4600000226,90,30-12-25,101,HRC,COIL,11513:2017,BIS,cr3,72083990,N,7.453,99245866,MATCHED
2000,R_HR_CO,Hot Rolled Black Coil,26AJ0009R0,27.95,2001,2,1265,0011000144,JSW Vijayanagar Metallics Limited,25344004,5000089163,4600000226,100,30-12-25,101,HRC,COIL,11513:2017,BIS,cr3,72083990,N,7.453,60461567,MATCHED
2000,R_HR_CO,Hot Rolled Black Coil,26AJ0010R0,26.35,2001,2,1265,0011000144,JSW Vijayanagar Metallics Limited,25343996,5000089165,4600000226,100,30-12-25,101,HRC,COIL,11513:2017,BIS,cr3,72083990,N,7.453,28432063,MATCHED
2000,R_HR_CO,Hot Rolled Black Coil,26AJ0011R0,27.82,2001,2.8,1265,0011000144,JSW Vijayanagar Metallics Limited,25344167,5000089166,4600000226,80,30-12-25,101,HRC,COIL,11513:2017,BIS,cr3,72083990,N,7.453,92632986,MATCHED
2000,R_HR_CO,Hot Rolled Black Coil,26AJ0012R0,30.055,2001,2.5,1260,0011000144,JSW Vijayanagar Metallics Limited,25344263,5000089169,4600000226,60,30-12-25,101,HRC,COIL,11513:2017,BIS,cr3,72083990,N,7.453,27674024,MATCHED
2000,R_HR_CO,Hot Rolled Black Coil,26AJ0013R0,27.9,2001,2,1235,0011000144,JSW Vijayanagar Metallics Limited,25344374,5000089171,4600000226,90,30-12-25,101,HRC,COIL,11513:2017,BIS,cr3,72083990,N,7.453,31088086,MATCHED
2000,R_HR_CO,Hot Rolled Black Coil,26AJ0014R0,28.195,2001,2.2,1260,0011000144,JSW Vijayanagar Metallics Limited,25342920,5000089172,4600000226,30,30-12-25,101,HRC,COIL,11513:2017,BIS,cr3,72083990,N,7.453,84077768,MATCHED
2000,R_HR_CO,Hot Rolled Black Coil,26AJ0015R0,27.93,2001,2.8,1265,0011000144,JSW Vijayanagar Metallics Limited,25343989,5000089173,4600000226,80,30-12-25,101,HRC,COIL,11513:2017,BIS,cr3,72083990,N,7.453,13805150,MATCHED
2000,R_HR_CO,Hot Rolled Black Coil,26AJ0016R0,27.73,2001,2,1265,0011000144,JSW Vijayanagar Metallics Limited,25344006,5000089174,4600000226,100,30-12-25,101,HRC,COIL,11513:2017,BIS,cr3,72083990,N,7.453,77543440,MATCHED
2000,R_HR_CO,Hot Rolled Black Coil,26AJ0017R0,27.995,2001,2.8,1265,0011000144,JSW Vijayanagar Metallics Limited,25344000,5000089175,4600000226,80,30-12-25,101,HRC,COIL,11513:2017,BIS,cr3,72083990,N,7.453,32665599,MATCHED
2000,R_HR_CO,Hot Rolled Black Coil,26AJ0018R0,27.785,2001,2,1235,0011000144,JSW Vijayanagar Metallics Limited,25344370,5000089176,4600000226,90,30-12-25,101,HRC,COIL,11513:2017,BIS,cr3,72083990,N,7.453,48102855,MATCHED
2000,R_HR>3MM_CO,Hot Rolled Black Coil 3mm & Above,26AJ0019R0,28.325,2001,3,1265,0011000144,JSW Vijayanagar Metallics Limited,25344360,5000089177,4600000226,120,30-12-25,101,HRC,COIL,11513:2017,BIS,cr3,72083890,N,7.453,92416494,MATCHED
2000,R_HR_CO,Hot Rolled Black Coil,26AJ0020R0,25.045,2001,2.5,1110,0011000144,JSW Vijayanagar Metallics Limited,25343230,5000089178,4600000226,40,30-12-25,101,HRC,COIL,11513:2017,BIS,cr3,72083990,N,7.453,48526143,MATCHED
2000,R_HR_CO,Hot Rolled Black Coil,26AJ0021R0,24.14,2001,2.5,1260,0011000144,JSW Vijayanagar Metallics Limited,25343500,5000089179,4600000226,60,30-12-25,101,HRC,COIL,11513:2017,BIS,cr3,72083990,N,7.453,20975832,MATCHED
2000,R_HR_CO,Hot Rolled Black Coil,26AJ0022R0,28.19,2001,2.2,1230,11000144,JVML-VJNR,25344249,5000089180,4600000226,110,02-01-26,101,HRC,COIL,11513:2017,BIS,HR3,72083990,N,7.453,12635687,MATCHED
2000,R_HR>3MM_CO,Hot Rolled Black Coil 3mm & Above,26AJ0023R0,28.31,2001,3,1265,0011000144,JSW Vijayanagar Metallics Limited,25343195,5000089181,4600000226,120,30-12-25,101,HRC,COIL,11513:2017,BIS,cr3,72083890,N,7.453,62929997,MATCHED
2000,R_HR>3MM_CO,Hot Rolled Black Coil 3mm & Above,26AJ0024R0,28.025,2001,3,1265,0011000144,JSW Vijayanagar Metallics Limited,25344148,5000089182,4600000226,120,30-12-25,101,HRC,COIL,11513:2017,BIS,cr3,72083890,N,7.453,92387328,MATCHED
2000,R_HR_CO,Hot Rolled Black Coil,26AJ0025R0,27.73,2001,2.2,1230,0011000144,JSW Vijayanagar Metallics Limited,25344247,5000089183,4600000226,20,30-12-25,101,HRC,COIL,11513:2017,BIS,cr3,72083990,N,7.453,59855257,MATCHED
2000,R_HR_CO,Hot Rolled Black Coil,26AJ0026R0,27.95,2001,2,1235,0011000144,JSW Vijayanagar Metallics Limited,25344268,5000089184,4600000226,90,30-12-25,101,HRC,COIL,11513:2017,BIS,cr3,72083990,N,7.453,92005229,MATCHED
2000,R_HR_CO,Hot Rolled Black Coil,26AJ0027R0,27.805,2001,2,1265,0011000144,JSW Vijayanagar Metallics Limited,25344005,5000089185,4600000226,100,30-12-25,101,HRC,COIL,11513:2017,BIS,cr3,72083990,N,7.453,41186091,MATCHED
2000,R_HR_CO,Hot Rolled Black Coil,26AJ0028R0,24.92,2001,2.2,1110,0011000144,JSW Vijayanagar Metallics Limited,25344579,5000089186,4600000226,10,30-12-25,101,HRC,COIL,11513:2017,BIS,cr3,72083990,N,7.453,22075654,MATCHED
2000,R_HR_CO,Hot Rolled Black Coil,26AJ0029R0,27.96,2001,2,1235,0011000144,JSW Vijayanagar Metallics Limited,25344259,5000089187,4600000226,90,30-12-25,101,HRC,COIL,11513:2017,BIS,cr3,72083990,N,7.453,14464138,MATCHED
2000,R_HR>3MM_CO,Hot Rolled Black Coil 3mm & Above,26AJ0030R0,27.81,2001,3.6,1265,0011000144,JSW Vijayanagar Metallics Limited,25344043,5000089188,4600000226,110,30-12-25,101,HRC,COIL,11513:2017,BIS,cr3,72083890,N,7.453,84240786,MATCHED
2000,R_HR_CO,Hot Rolled Black Coil,26AJ0043R0,28.725,2001,2.2,1260,0011000144,JSW Vijayanagar Metallics Limited,25343034,5000089245,4600000226,30,30-12-25,101,HRC,COIL,11513:2017,BIS,cr3,72083990,N,7.453,33149263,MATCHED
2000,R_HR>3MM_CO,Hot Rolled Black Coil 3mm & Above,26AJ0044R0,27.93,2001,3,1265,0011000144,JSW Vijayanagar Metallics Limited,25344054,5000089247,4600000226,120,30-12-25,101,HRC,COIL,11513:2017,BIS,cr3,72083890,N,7.453,42793383,MATCHED
2000,R_HR_CO,Hot Rolled Black Coil,26AJ0045R0,28.39,2001,2.5,1260,0011000144,JSW Vijayanagar Metallics Limited,25342914,5000089248,4600000226,60,30-12-25,101,HRC,COIL,11513:2017,BIS,cr3,72083990,N,7.453,61691764,MATCHED
2000,R_HR>3MM_CO,Hot Rolled Black Coil 3mm & Above,26AJ0046R0,27.82,2001,3.6,1265,0011000144,JSW Vijayanagar Metallics Limited,25344144,5000089249,4600000226,110,30-12-25,101,HRC,COIL,11513:2017,BIS,cr3,72083890,N,7.453,16944031,MATCHED
2000,R_HR_CO,Hot Rolled Black Coil,26AJ0047R0,27.895,2001,2.8,1265,0011000144,JSW Vijayanagar Metallics Limited,25344149,5000089252,4600000226,80,30-12-25,101,HRC,COIL,11513:2017,BIS,cr3,72083990,N,7.453,21195976,MATCHED
2000,R_HR_CO,Hot Rolled Black Coil,26AJ0048R0,27.795,2001,2,1235,0011000144,JSW Vijayanagar Metallics Limited,25344371,5000089253,4600000226,90,30-12-25,101,HRC,COIL,11513:2017,BIS,cr3,72083990,N,7.453,50977551,MATCHED
2000,R_HR_CO,Hot Rolled Black Coil,26AJ0049R0,26.26,2001,2.5,1110,0011000144,JSW Vijayanagar Metallics Limited,25344283,5000089254,4600000226,40,30-12-25,101,HRC,COIL,11513:2017,BIS,cr3,72083990,N,7.453,50712548,MATCHED
2000,R_HR>3MM_CO,Hot Rolled Black Coil 3mm & Above,26AJ0139R0,27.38,2001,3,1265,0011000144,JSW Vijayanagar Metallics Limited,25344051,5000089397,4600000226,120,30-12-25,101,HRC,COIL,11513:2017,BIS,cr3,72083890,N,7.453,27964895,MATCHED
2000,R_HR>3MM_CO,Hot Rolled Black Coil 3mm & Above,26AJ0140R0,27.74,2001,3,1265,0011000144,JSW Vijayanagar Metallics Limited,25343985,5000089398,4600000226,120,30-12-25,101,HRC,COIL,11513:2017,BIS,cr3,72083890,N,7.453,56509175,MATCHED
2000,R_HR_CO,Hot Rolled Black Coil,26AJ0141R0,28.035,2001,2.2,1260,0011000144,JSW Vijayanagar Metallics Limited,25343119,5000089399,4600000226,30,30-12-25,101,HRC,COIL,11513:2017,BIS,cr3,72083990,N,7.453,90819244,MATCHED
2000,R_HR>3MM_CO,Hot Rolled Black Coil 3mm & Above,26AJ0142R0,28.325,2001,3,1265,0011000144,JSW Vijayanagar Metallics Limited,25343196,5000089401,4600000226,120,30-12-25,101,HRC,COIL,11513:2017,BIS,cr3,72083890,N,7.453,15642558,MATCHED
2000,R_HR>3MM_CO,Hot Rolled Black Coil 3mm & Above,26AJ0143R0,28.27,2001,3.6,1265,0011000144,JSW Vijayanagar Metallics Limited,25344045,5000089403,4600000226,110,30-12-25,101,HRC,COIL,11513:2017,BIS,cr3,72083890,N,7.453,22555409,MATCHED
2000,R_HR_CO,Hot Rolled Black Coil,26AJ0144R0,28.395,2001,2.5,1260,0011000144,JSW Vijayanagar Metallics Limited,25342915,5000089406,4600000226,60,30-12-25,101,HRC,COIL,11513:2017,BIS,cr3,72083990,N,7.453,41090663,MATCHED
2000,R_HR_CO,Hot Rolled Black Coil,26AJ0145R0,24.775,2001,2.2,1110,0011000144,JSW Vijayanagar Metallics Limited,25344284,5000089408,4600000226,10,30-12-25,101,HRC,COIL,11513:2017,BIS,cr3,72083990,N,7.453,29753449,MATCHED
2000,R_HR>3MM_CO,Hot Rolled Black Coil 3mm & Above,26AJ0146R0,27.945,2001,3,1265,0011000144,JSW Vijayanagar Metallics Limited,25342818,5000089409,4600000225,100,27-12-25,101,HRC,COIL,11513:2017,BIS,cr3,72083890,N,7.453,53089546,MATCHED
2000,R_HR_CO,Hot Rolled Black Coil,26AJ0147R0,25.01,2001,2.2,1110,0011000144,JSW Vijayanagar Metallics Limited,25342843,5000089411,4600000225,20,27-12-25,101,HRC,COIL,11513:2017,BIS,cr3,72083990,N,7.453,89826037,MATCHED
2000,R_HR_CO,Hot Rolled Black Coil,26AJ0148R0,25.81,2001,2.5,1260,0011000144,JSW Vijayanagar Metallics Limited,25342117,5000089414,4600000225,70,27-12-25,101,HRC,COIL,11513:2017,BIS,cr3,72083990,N,7.453,63359401,MATCHED
2000,R_HR_CO,Hot Rolled Black Coil,26AJ0149R0,25.715,2001,2.2,1260,0011000144,JSW Vijayanagar Metallics Limited,25339946,5000089416,4600000225,40,27-12-25,101,HRC,COIL,11513:2017,BIS,cr3,72083990,N,7.453,66084306,MATCHED
2000,R_HR_CO,Hot Rolled Black Coil,26AJ0157R0,27.875,2001,2.5,1230,0011000144,JSW Vijayanagar Metallics Limited,25344269,5000089426,4600000229,60,03-01-26,101,HRC,COIL,11513:2017,BIS,cr3,72083990,N,7.453,23129102,MATCHED
2000,R_HR_CO,Hot Rolled Black Coil,26AJ0158R0,27.72,2001,2.5,1230,0011000144,JSW Vijayanagar Metallics Limited,25344170,5000089428,4600000229,60,03-01-26,101,HRC,COIL,11513:2017,BIS,cr3,72083990,N,7.453,47033038,MATCHED
2000,R_HR_CO,Hot Rolled Black Coil,26AJ0159R0,27.775,2001,2.5,1230,0011000144,JSW Vijayanagar Metallics Limited,25344260,5000089430,4600000229,60,03-01-26,101,HRC,COIL,11513:2017,BIS,cr3,72083990,N,7.453,19994576,MATCHED
2000,R_HR_CO,Hot Rolled Black Coil,26AJ0160R0,27.64,2001,2.5,1230,0011000144,JSW Vijayanagar Metallics Limited,25344243,5000089431,4600000229,60,03-01-26,101,HRC,COIL,11513:2017,BIS,cr3,72083990,N,7.453,34184625,MATCHED
2000,R_HR_CO,Hot Rolled Black Coil,26AJ0161R0,25.63,2001,2.5,1230,0011000144,JSW Vijayanagar Metallics Limited,25343302,5000089432,4600000229,60,03-01-26,101,HRC,COIL,11513:2017,BIS,cr3,72083990,N,7.453,37170853,MATCHED
2000,R_HR_CO,Hot Rolled Black Coil,26AJ0163R0,27.91,2001,2.5,1230,0011000144,JSW Vijayanagar Metallics Limited,25344361,5000089450,4600000228,60,03-01-26,101,HRC,COIL,11513:2017,BIS,cr3,72083990,N,7.453,99455006,MATCHED
2000,R_HR>3MM_CO,Hot Rolled Black Coil 3mm & Above,26AJ0164R0,28.265,2001,3.6,1265,0011000144,JSW Vijayanagar Metallics Limited,25344359,5000089454,4600000228,130,03-01-26,101,HRC,COIL,11513:2017,BIS,cr3,72083890,N,7.453,13480172,MATCHED
2000,R_HR_CO,Hot Rolled Black Coil,26AJ0165R0,27.75,2001,2.2,1260,0011000144,JSW Vijayanagar Metallics Limited,25345430,5000089455,4600000228,40,03-01-26,101,HRC,COIL,11513:2017,BIS,cr3,72083990,N,7.453,46944730,MATCHED
2000,R_HR_CO,Hot Rolled Black Coil,26AJ0166R0,27.935,2001,2.5,1230,0011000144,JSW Vijayanagar Metallics Limited,25345473,5000089456,4600000228,60,03-01-26,101,HRC,COIL,11513:2017,BIS,cr3,72083990,N,7.453,54706876,MATCHED
2000,R_HR_CO,Hot Rolled Black Coil,26AJ0167R0,27.73,2001,2.5,1230,0011000144,JSW Vijayanagar Metallics Limited,25345482,5000089457,4600000228,60,03-01-26,101,HRC,COIL,11513:2017,BIS,cr3,72083990,N,7.453,28487235,MATCHED
2000,R_HR_CO,Hot Rolled Black Coil,26AJ0168R0,27.795,2001,2.8,1265,0011000144,JSW Vijayanagar Metallics Limited,25345418,5000089458,4600000228,90,03-01-26,101,HRC,COIL,11513:2017,BIS,cr3,72083990,N,7.453,13257449,MATCHED
2000,R_HR_CO,Hot Rolled Black Coil,26AJ0169R0,27.975,2001,2.8,1265,0011000144,JSW Vijayanagar Metallics Limited,25345421,5000089460,4600000228,90,03-01-26,101,HRC,COIL,11513:2017,BIS,cr3,72083990,N,7.453,49025688,MATCHED
2000,R_HR_CO,Hot Rolled Black Coil,26AJ0170R0,27.965,2001,2,1235,0011000144,JSW Vijayanagar Metallics Limited,25344365,5000089461,4600000228,110,03-01-26,101,HRC,COIL,11513:2017,BIS,cr3,72083990,N,7.453,56945729,MATCHED
2000,R_HR_CO,Hot Rolled Black Coil,26AJ0171R0,28.02,2001,2.5,1230,0011000144,JSW Vijayanagar Metallics Limited,25345348,5000089463,4600000229,60,03-01-26,101,HRC,COIL,11513:2017,BIS,cr3,72083990,N,7.453,91879088,MATCHED
2000,R_HR_CO,Hot Rolled Black Coil,26AJ0172R0,28.02,2001,2.5,1230,0011000144,JSW Vijayanagar Metallics Limited,25344367,5000089464,4600000228,60,03-01-26,101,HRC,COIL,11513:2017,BIS,cr3,72083990,N,7.453,90425575,MATCHED
2000,R_HR_CO,Hot Rolled Black Coil,26AJ0173R0,27.685,2001,2.2,1230,0011000144,JSW Vijayanagar Metallics Limited,25345309,5000089465,4600000228,30,03-01-26,101,HRC,COIL,11513:2017,BIS,cr3,72083990,N,7.453,84048111,MATCHED
2000,R_HR_CO,Hot Rolled Black Coil,26AJ0174R0,27.775,2001,2.5,1230,0011000144,JSW Vijayanagar Metallics Limited,25344261,5000089466,4600000229,60,03-01-26,101,HRC,COIL,11513:2017,BIS,cr3,72083990,N,7.453,31987199,MATCHED
2000,R_HR_CO,Hot Rolled Black Coil,26AJ0175R0,27.6,2001,2.2,1230,0011000144,JSW Vijayanagar Metallics Limited,25345310,5000089467,4600000228,30,03-01-26,101,HRC,COIL,11513:2017,BIS,cr3,72083990,N,7.453,21124270,MATCHED
2000,R_HR_CO,Hot Rolled Black Coil,26AJ0176R0,27.87,2001,2,1235,0011000144,JSW Vijayanagar Metallics Limited,25345354,5000089468,4600000228,110,03-01-26,101,HRC,COIL,11513:2017,BIS,cr3,72083990,N,7.453,53417888,MATCHED
2000,R_HR_CO,Hot Rolled Black Coil,26AJ0177R0,27.88,2001,2,1235,0011000144,JSW Vijayanagar Metallics Limited,25345355,5000089471,4600000228,110,03-01-26,101,HRC,COIL,11513:2017,BIS,cr3,72083990,N,7.453,86799665,MATCHED
2000,R_HR_CO,Hot Rolled Black Coil,26AJ0178R0,27.915,2001,2.8,1265,0011000144,JSW Vijayanagar Metallics Limited,25344002,5000089472,4600000228,90,03-01-26,101,HRC,COIL,11513:2017,BIS,cr3,72083990,N,7.453,92874811,MATCHED
2000,R_HR_CO,Hot Rolled Black Coil,26AJ0179R0,27.885,2001,2,1235,0011000144,JSW Vijayanagar Metallics Limited,25345353,5000089473,4600000228,110,03-01-26,101,HRC,COIL,11513:2017,BIS,cr3,72083990,N,7.453,89138655,MATCHED
2000,R_HR_CO,Hot Rolled Black Coil,26AJ0180R0,27.84,2001,2.5,1230,0011000144,JSW Vijayanagar Metallics Limited,25345476,5000089478,4600000228,60,03-01-26,101,HRC,COIL,11513:2017,BIS,cr3,72083990,N,7.453,93313963,MATCHED
2000,R_HR_CO,Hot Rolled Black Coil,26AJ0181R0,27.99,2001,2.8,1265,0011000144,JSW Vijayanagar Metallics Limited,25345424,5000089479,4600000228,90,03-01-26,101,HRC,COIL,11513:2017,BIS,cr3,72083990,N,7.453,61159653,MATCHED
2000,R_HR>3MM_CO,Hot Rolled Black Coil 3mm & Above,26AJ0182R0,27.795,2001,3,1265,0011000144,JSW Vijayanagar Metallics Limited,25344053,5000089481,4600000225,100,27-12-25,101,HRC,COIL,11513:2017,BIS,cr3,72083890,N,7.453,14587891,MATCHED
2000,R_HR_CO,Hot Rolled Black Coil,26AJ0183R0,27.78,2001,2,1265,0011000144,JSW Vijayanagar Metallics Limited,25345437,5000089483,4600000226,100,30-12-25,101,HRC,COIL,11513:2017,BIS,cr3,72083990,N,7.453,16766307,MATCHED
2000,R_HR_CO,Hot Rolled Black Coil,26AJ0184R0,27.75,2001,2.2,1260,0011000144,JSW Vijayanagar Metallics Limited,25345429,5000089486,4600000226,30,30-12-25,101,HRC,COIL,11513:2017,BIS,cr3,72083990,N,7.453,63605302,MATCHED
2000,R_HR_CO,Hot Rolled Black Coil,26AJ0185R0,27.825,2001,2.8,1265,0011000144,JSW Vijayanagar Metallics Limited,25344773,5000089487,4600000226,80,30-12-25,101,HRC,COIL,11513:2017,BIS,cr3,72083990,N,7.453,57018585,MATCHED
2000,R_HR_CO,Hot Rolled Black Coil,26AJ0186R0,27.745,2001,2.5,1230,0011000144,JSW Vijayanagar Metallics Limited,25345345,5000089489,4600000229,60,03-01-26,101,HRC,COIL,11513:2017,BIS,cr3,72083990,N,7.453,17926929,MATCHED
2000,R_HR_CO,Hot Rolled Black Coil,26AJ0187R0,27.935,2001,2.8,1265,0011000144,JSW Vijayanagar Metallics Limited,25345426,5000089491,4600000226,80,30-12-25,101,HRC,COIL,11513:2017,BIS,cr3,72083990,N,7.453,35751094,MATCHED
2000,R_HR_CO,Hot Rolled Black Coil,26AJ0188R0,25.29,2001,2.2,1110,0011000144,JSW Vijayanagar Metallics Limited,25344580,5000089496,4600000225,20,27-12-25,101,HRC,COIL,11513:2017,BIS,cr3,72083990,N,7.453,64451240,MATCHED
2000,R_HR_CO,Hot Rolled Black Coil,26AJ0189R0,27.185,2001,2.5,1230,0011000144,JSW Vijayanagar Metallics Limited,25345343,5000089498,4600000229,60,03-01-26,101,HRC,COIL,11513:2017,BIS,cr3,72083990,N,7.453,15195256,MATCHED
2000,R_HR_CO,Hot Rolled Black Coil,26AJ0190R0,27.47,2001,2.2,1260,0011000144,JSW Vijayanagar Metallics Limited,25345431,5000089501,4600000226,30,30-12-25,101,HRC,COIL,11513:2017,BIS,cr3,72083990,N,7.453,87320741,MATCHED
2000,R_HR_CO,Hot Rolled Black Coil,26AJ0191R0,27.885,2001,2,1265,0011000144,JSW Vijayanagar Metallics Limited,25345441,5000089503,4600000226,100,30-12-25,101,HRC,COIL,11513:2017,BIS,cr3,72083990,N,7.453,69114658,MATCHED
2000,R_HR_CO,Hot Rolled Black Coil,26AJ0192R0,27.95,2001,2.8,1265,0011000144,JSW Vijayanagar Metallics Limited,25345425,5000089508,4600000226,80,30-12-25,101,HRC,COIL,11513:2017,BIS,cr3,72083990,N,7.453,68039060,MATCHED
2000,R_HR_CO,Hot Rolled Black Coil,26AJ0193R0,27.64,2001,2,1235,0011000144,JSW Vijayanagar Metallics Limited,25344257,5000089510,4600000226,90,30-12-25,101,HRC,COIL,11513:2017,BIS,cr3,72083990,N,7.453,98565490,MATCHED
2000,R_HR_CO,Hot Rolled Black Coil,26AJ0194R0,28.01,2001,2.2,1260,0011000144,JSW Vijayanagar Metallics Limited,25343021,5000089519,4600000225,40,27-12-25,101,HRC,COIL,11513:2017,BIS,cr3,72083990,N,7.453,21097102,MATCHED
2000,R_HR_CO,Hot Rolled Black Coil,26AJ0195R0,26.095,2001,2.5,1110,0011000144,JSW Vijayanagar Metallics Limited,25340127,5000089520,4600000225,50,27-12-25,101,HRC,COIL,11513:2017,BIS,cr3,72083990,N,7.453,64265585,MATCHED
2000,R_HR_CO,Hot Rolled Black Coil,26AJ0196R0,21.455,2001,2.5,1230,0011000144,JSW Vijayanagar Metallics Limited,25340548,5000089525,4600000225,60,27-12-25,101,HRC,COIL,11513:2017,BIS,cr3,72083990,N,7.453,63549360,MATCHED
2000,R_HR_CO,Hot Rolled Black Coil,26AJ0197R0,28.24,2001,2.2,1260,0011000144,JSW Vijayanagar Metallics Limited,25342911,5000089526,4600000225,40,27-12-25,101,HRC,COIL,11513:2017,BIS,cr3,72083990,N,7.453,81813794,MATCHED
2000,R_HR>3MM_CO,Hot Rolled Black Coil 3mm & Above,26AJ0198R0,27.985,2001,3,1265,0011000144,JSW Vijayanagar Metallics Limited,25343111,5000089528,4600000226,120,30-12-25,101,HRC,COIL,11513:2017,BIS,cr3,72083890,N,7.453,18968471,MATCHED
2000,R_HR_CO,Hot Rolled Black Coil,26AJ0199R0,27.61,2001,2,1235,0011000144,JSW Vijayanagar Metallics Limited,25344255,5000089531,4600000226,90,30-12-25,101,HRC,COIL,11513:2017,BIS,cr3,72083990,N,7.453,11011465,MATCHED
2000,R_HR>3MM_CO,Hot Rolled Black Coil 3mm & Above,26AJ0200R0,28.145,2001,3,1265,0011000144,JSW Vijayanagar Metallics Limited,25344052,5000089532,4600000226,120,30-12-25,101,HRC,COIL,11513:2017,BIS,cr3,72083890,N,7.453,76889627,MATCHED
2000,R_HR_CO,Hot Rolled Black Coil,26AJ0201R0,27.87,2001,2.5,1230,0011000144,JSW Vijayanagar Metallics Limited,25345477,5000089535,4600000226,50,30-12-25,101,HRC,COIL,11513:2017,BIS,cr3,72083990,N,7.453,43586225,MATCHED
2000,R_HR_CO,Hot Rolled Black Coil,26AJ0202R0,23.145,2001,2.5,1230,0011000144,JSW Vijayanagar Metallics Limited,25342612,5000089539,4600000225,60,27-12-25,101,HRC,COIL,11513:2017,BIS,cr3,72083990,N,7.453,56114777,MATCHED
2000,R_HR_CO,Hot Rolled Black Coil,26AJ0203R0,24.71,2001,2.5,1230,0011000144,JSW Vijayanagar Metallics Limited,25342262,5000089543,4600000225,60,27-12-25,101,HRC,COIL,11513:2017,BIS,cr3,72083990,N,7.453,86700887,MATCHED
2000,R_HR_CO,Hot Rolled Black Coil,26AJ0204R0,27.87,2001,2.5,1230,0011000144,JSW Vijayanagar Metallics Limited,25344362,5000089545,4600000226,50,30-12-25,101,HRC,COIL,11513:2017,BIS,cr3,72083990,N,7.453,97108890,MATCHED
2000,R_HR_CO,Hot Rolled Black Coil,26AJ0205R0,24.985,2001,2.2,1110,0011000144,JSW Vijayanagar Metallics Limited,25342837,5000089544,4600000225,20,27-12-25,101,HRC,COIL,11513:2017,BIS,cr3,72083990,N,7.453,96661253,MATCHED
2000,R_HR_CO,Hot Rolled Black Coil,26AJ0206R0,28.365,2001,2.5,1260,0011000144,JSW Vijayanagar Metallics Limited,25339944,5000089547,4600000225,70,27-12-25,101,HRC,COIL,11513:2017,BIS,cr3,72083990,N,7.453,59129791,MATCHED
2000,R_HR_CO,Hot Rolled Black Coil,26AJ0207R0,25.88,2001,2.5,1230,0011000144,JSW Vijayanagar Metallics Limited,25344174,5000089549,4600000229,60,03-01-26,101,HRC,COIL,11513:2017,BIS,cr3,72083990,N,7.453,36565446,MATCHED
2000,R_HR_CO,Hot Rolled Black Coil,26AJ0208R0,28.21,2001,2.2,1260,0011000144,JSW Vijayanagar Metallics Limited,25342912,5000089550,4600000225,40,27-12-25,101,HRC,COIL,11513:2017,BIS,cr3,72083990,N,7.453,67971765,MATCHED
2000,R_HR_CO,Hot Rolled Black Coil,26AJ0209R0,28.43,2001,2.2,1260,0011000144,JSW Vijayanagar Metallics Limited,25343024,5000089551,4600000225,40,27-12-25,101,HRC,COIL,11513:2017,BIS,cr3,72083990,N,7.453,19344827,MATCHED
2000,R_HR_CO,Hot Rolled Black Coil,26AJ0210R0,27.735,2001,2.5,1260,0011000144,JSW Vijayanagar Metallics Limited,25344168,5000089552,4600000226,60,30-12-25,101,HRC,COIL,11513:2017,BIS,cr3,72083990,N,7.453,85334406,MATCHED
2000,R_HR_CO,Hot Rolled Black Coil,26AJ0211R0,21.06,2001,2,1115,0011000144,JSW Vijayanagar Metallics Limited,25340129,5000089555,4600000225,90,27-12-25,101,HRC,COIL,11513:2017,BIS,cr3,72083990,N,7.453,72073467,MATCHED
2000,R_HR_CO,Hot Rolled Black Coil,26AJ0212R0,28.105,2001,2.2,1260,0011000144,JSW Vijayanagar Metallics Limited,25339948,5000089557,4600000225,40,27-12-25,101,HRC,COIL,11513:2017,BIS,cr3,72083990,N,7.453,60160938,MATCHED
2000,R_HR_CO,Hot Rolled Black Coil,26AJ0213R0,28.39,2001,2.5,1260,0011000144,JSW Vijayanagar Metallics Limited,25342908,5000089559,4600000225,70,27-12-25,101,HRC,COIL,11513:2017,BIS,cr3,72083990,N,7.453,57597990,MATCHED
2000,R_HR_CO,Hot Rolled Black Coil,26AJ0214R0,27.63,2001,2.5,1230,0011000144,JSW Vijayanagar Metallics Limited,25344173,5000089560,4600000229,60,03-01-26,101,HRC,COIL,11513:2017,BIS,cr3,72083990,N,7.453,49788891,MATCHED
2000,R_HR>3MM_CO,Hot Rolled Black Coil 3mm & Above,26AJ0215R0,27.92,2001,3.6,1265,0011000144,JSW Vijayanagar Metallics Limited,25344147,5000089564,4600000226,110,30-12-25,101,HRC,COIL,11513:2017,BIS,cr3,72083890,N,7.453,86740160,MATCHED
2000,R_HR_CO,Hot Rolled Black Coil,26AJ0216R0,28.28,2001,2.8,1260,0011000144,JSW Vijayanagar Metallics Limited,25342737,5000089562,4600000225,80,27-12-25,101,HRC,COIL,11513:2017,BIS,cr3,72083990,N,7.453,96750670,MATCHED
2000,R_HR_CO,Hot Rolled Black Coil,26AJ0217R0,24.98,2001,2.2,1110,0011000144,JSW Vijayanagar Metallics Limited,25342847,5000089566,4600000225,20,27-12-25,101,HRC,COIL,11513:2017,BIS,cr3,72083990,N,7.453,48871076,MATCHED
2000,R_HR_CO,Hot Rolled Black Coil,26AJ0218R0,21.13,2001,2.5,1110,0011000144,JSW Vijayanagar Metallics Limited,25340128,5000089567,4600000225,50,27-12-25,101,HRC,COIL,11513:2017,BIS,cr3,72083990,N,7.453,41166823,MATCHED
2000,R_HR_CO,Hot Rolled Black Coil,26AJ0219R0,23.755,2001,2.2,1015,0011000144,JSW Vijayanagar Metallics Limited,25343148,5000089570,4600000225,10,27-12-25,101,HRC,COIL,11513:2017,BIS,cr3,72083990,N,7.453,39514928,MATCHED
2000,R_HR_CO,Hot Rolled Black Coil,26AJ0220R0,25,2001,2.2,1110,0011000144,JSW Vijayanagar Metallics Limited,25343061,5000089572,4600000225,20,27-12-25,101,HRC,COIL,11513:2017,BIS,cr3,72083990,N,7.453,99720734,MATCHED
2000,R_HR_CO,Hot Rolled Black Coil,26AJ0221R0,25.02,2001,2.2,1110,0011000144,JSW Vijayanagar Metallics Limited,25344578,5000089575,4600000225,20,27-12-25,101,HRC,COIL,11513:2017,BIS,cr3,72083990,N,7.453,60203674,MATCHED
2000,R_HR>3MM_CO,Hot Rolled Black Coil 3mm & Above,26AJ0222R0,27.875,2001,3.6,1265,0011000144,JSW Vijayanagar Metallics Limited,25344146,5000089576,4600000226,110,30-12-25,101,HRC,COIL,11513:2017,BIS,cr3,72083890,N,7.453,26236252,MATCHED
2000,R_HR_CO,Hot Rolled Black Coil,26AJ0223R0,27.745,2001,2.5,1260,0011000144,JSW Vijayanagar Metallics Limited,25344064,5000089578,4600000226,60,30-12-25,101,HRC,COIL,11513:2017,BIS,cr3,72083990,N,7.453,27699989,MATCHED
2000,R_HR_CO,Hot Rolled Black Coil,26AJ0224R0,27.885,2001,2.5,1230,0011000144,JSW Vijayanagar Metallics Limited,25344171,5000089580,4600000229,60,03-01-26,101,HRC,COIL,11513:2017,BIS,cr3,72083990,N,7.453,72260375,MATCHED
2000,R_HR_CO,Hot Rolled Black Coil,26AJ0225R0,27.75,2001,2,1265,0011000144,JSW Vijayanagar Metallics Limited,25343995,5000089586,4600000226,100,30-12-25,101,HRC,COIL,11513:2017,BIS,cr3,72083990,N,7.453,16394977,MATCHED
2000,R_HR>3MM_CO,Hot Rolled Black Coil 3mm & Above,26AJ0226R0,27.86,2001,3,1265,0011000144,JSW Vijayanagar Metallics Limited,25343983,5000089587,4600000226,120,30-12-25,101,HRC,COIL,11513:2017,BIS,cr3,72083890,N,7.453,10319603,MATCHED
2000,R_HR_CO,Hot Rolled Black Coil,26AJ0227R0,27.94,2001,2,1235,0011000144,JSW Vijayanagar Metallics Limited,25344363,5000089588,4600000226,90,30-12-25,101,HRC,COIL,11513:2017,BIS,cr3,72083990,N,7.453,75229280,MATCHED
2000,R_HR_CO,Hot Rolled Black Coil,26AJ0228R0,20.43,2001,2.5,1230,0011000144,JSW Vijayanagar Metallics Limited,25340549,5000089599,4600000225,60,27-12-25,101,HRC,COIL,11513:2017,BIS,cr3,72083990,N,7.453,56081283,MATCHED
2000,R_HR_CO,Hot Rolled Black Coil,26AJ0229R0,28.37,2001,2.2,1260,0011000144,JSW Vijayanagar Metallics Limited,25343020,5000089601,4600000225,40,27-12-25,101,HRC,COIL,11513:2017,BIS,cr3,72083990,N,7.453,24519685,MATCHED
2000,R_HR_CO,Hot Rolled Black Coil,26AJ0230R0,27.93,2001,2,1235,0011000144,JSW Vijayanagar Metallics Limited,25344185,5000089602,4600000226,90,30-12-25,101,HRC,COIL,11513:2017,BIS,cr3,72083990,N,7.453,83609994,MATCHED
2000,R_HR_CO,Hot Rolled Black Coil,26AJ0231R0,27.905,2001,2.2,1230,0011000144,JSW Vijayanagar Metallics Limited,25344251,5000089603,4600000228,30,03-01-26,101,HRC,COIL,11513:2017,BIS,cr3,72083990,N,7.453,54367326,MATCHED
2000,R_HR_CO,Hot Rolled Black Coil,26AJ0232R0,27.94,2001,2,1265,0011000144,JSW Vijayanagar Metallics Limited,25345440,5000089604,4600000228,120,03-01-26,101,HRC,COIL,11513:2017,BIS,cr3,72083990,N,7.453,19963082,MATCHED
2000,R_HR_CO,Hot Rolled Black Coil,26AJ0233R0,24.9,2001,2.5,1260,0011000144,JSW Vijayanagar Metallics Limited,25343115,5000089605,4600000225,70,27-12-25,101,HRC,COIL,11513:2017,BIS,cr3,72083990,N,7.453,56312131,MATCHED
2000,R_HR_CO,Hot Rolled Black Coil,26AJ0234R0,19.795,2001,2,1115,0011000144,JSW Vijayanagar Metallics Limited,25340132,5000089606,4600000225,90,27-12-25,101,HRC,COIL,11513:2017,BIS,cr3,72083990,N,7.453,88462989,MATCHED
2000,R_HR_CO,Hot Rolled Black Coil,26AJ0235R0,19.875,2001,2,1115,0011000144,JSW Vijayanagar Metallics Limited,25340130,5000089607,4600000225,90,27-12-25,101,HRC,COIL,11513:2017,BIS,cr3,72083990,N,7.453,77667701,MATCHED
2000,R_HR_CO,Hot Rolled Black Coil,26AJ0236R0,25.335,2001,2.2,1110,0011000144,JSW Vijayanagar Metallics Limited,25343058,5000089608,4600000225,20,27-12-25,101,HRC,COIL,11513:2017,BIS,cr3,72083990,N,7.453,20566288,MATCHED
2000,R_HR_CO,Hot Rolled Black Coil,26AJ0237R0,25.02,2001,2.2,1110,0011000144,JSW Vijayanagar Metallics Limited,25342836,5000089609,4600000225,20,27-12-25,101,HRC,COIL,11513:2017,BIS,cr3,72083990,N,7.453,17428661,MATCHED
2000,R_HR_CO,Hot Rolled Black Coil,26AJ0238R0,28.385,2001,2.5,1260,0011000144,JSW Vijayanagar Metallics Limited,25343019,5000089610,4600000225,70,27-12-25,101,HRC,COIL,11513:2017,BIS,cr3,72083990,N,7.453,12412090,MATCHED
2000,R_HR_CO,Hot Rolled Black Coil,26AJ0239R0,27.14,2001,2.5,1230,0011000144,JSW Vijayanagar Metallics Limited,25342260,5000089612,4600000225,60,27-12-25,101,HRC,COIL,11513:2017,BIS,cr3,72083990,N,7.453,80825592,MATCHED
2000,R_HR_CO,Hot Rolled Black Coil,26AJ0240R0,27.16,2001,2.2,1260,0011000144,JSW Vijayanagar Metallics Limited,25340873,5000089613,4600000225,40,27-12-25,101,HRC,COIL,11513:2017,BIS,cr3,72083990,N,7.453,45324512,MATCHED
2000,R_HR_CO,Hot Rolled Black Coil,26AJ0241R0,28.39,2001,2.2,1260,0011000144,JSW Vijayanagar Metallics Limited,25343032,5000089614,4600000225,40,27-12-25,101,HRC,COIL,11513:2017,BIS,cr3,72083990,N,7.453,56926032,MATCHED
2000,R_HR_CO,Hot Rolled Black Coil,26AJ0242R0,28.045,2001,2.5,1260,0011000144,JSW Vijayanagar Metallics Limited,25343117,5000089615,4600000225,70,27-12-25,101,HRC,COIL,11513:2017,BIS,cr3,72083990,N,7.453,56640568,MATCHED
2000,R_HR_CO,Hot Rolled Black Coil,26AJ0243R0,25.855,2001,2.2,1230,0011000144,JSW Vijayanagar Metallics Limited,25344176,5000089616,4600000226,20,30-12-25,101,HRC,COIL,11513:2017,BIS,cr3,72083990,N,7.453,56404326,MATCHED
2000,R_HR_CO,Hot Rolled Black Coil,26AJ0244R0,27.81,2001,2,1265,0011000144,JSW Vijayanagar Metallics Limited,25344070,5000089617,4600000228,120,03-01-26,101,HRC,COIL,11513:2017,BIS,cr3,72083990,N,7.453,27491711,MATCHED
2000,R_HR_CO,Hot Rolled Black Coil,26AJ0245R0,28.225,2001,2.8,1265,0011000144,JSW Vijayanagar Metallics Limited,25343999,5000089618,4600000228,90,03-01-26,101,HRC,COIL,11513:2017,BIS,cr3,72083990,N,7.453,74335424,MATCHED
2000,R_HR>3MM_CO,Hot Rolled Black Coil 3mm & Above,26AJ0246R0,28.37,2001,3,1265,0011000144,JSW Vijayanagar Metallics Limited,25344049,5000089619,4600000226,120,30-12-25,101,HRC,COIL,11513:2017,BIS,cr3,72083890,N,7.453,83897205,MATCHED
2000,R_HR_CO,Hot Rolled Black Coil,26AJ0247R0,27.815,2001,2,1235,0011000144,JSW Vijayanagar Metallics Limited,25344254,5000089621,4600000226,90,30-12-25,101,HRC,COIL,11513:2017,BIS,cr3,72083990,N,7.453,35815879,MATCHED
2000,R_HR_CO,Hot Rolled Black Coil,26AJ0248R0,27.81,2001,2.5,1260,0011000144,JSW Vijayanagar Metallics Limited,25344065,5000089622,4600000226,60,30-12-25,101,HRC,COIL,11513:2017,BIS,cr3,72083990,N,7.453,63713265,MATCHED
2000,R_HR>3MM_CO,Hot Rolled Black Coil 3mm & Above,26AJ0249R0,27.715,2001,3.6,1265,0011000144,JSW Vijayanagar Metallics Limited,25343981,5000089623,4600000226,110,30-12-25,101,HRC,COIL,11513:2017,BIS,cr3,72083890,N,7.453,32529671,MATCHED
2000,R_HR_CO,Hot Rolled Black Coil,26AJ0250R0,27.73,2001,2.5,1230,0011000144,JSW Vijayanagar Metallics Limited,25345475,5000089624,4600000228,60,03-01-26,101,HRC,COIL,11513:2017,BIS,cr3,72083990,N,7.453,73500000,MATCHED
2000,R_HR_CO,Hot Rolled Black Coil,26AJ0251R0,27.815,2001,2.5,1230,0011000144,JSW Vijayanagar Metallics Limited,25345358,5000089625,4600000228,60,03-01-26,101,HRC,COIL,11513:2017,BIS,cr3,72083990,N,7.453,57866471,MATCHED
2000,R_HR_CO,Hot Rolled Black Coil,26AJ0252R0,27.74,2001,2.2,1260,0011000144,JSW Vijayanagar Metallics Limited,25345434,5000089627,4600000228,40,03-01-26,101,HRC,COIL,11513:2017,BIS,cr3,72083990,N,7.453,48026993,MATCHED
2000,R_HR_CO,Hot Rolled Black Coil,26AJ0253R0,27.72,2001,2.5,1230,0011000144,JSW Vijayanagar Metallics Limited,25345481,5000089628,4600000228,60,03-01-26,101,HRC,COIL,11513:2017,BIS,cr3,72083990,N,7.453,71058553,MATCHED
2000,R_HR>3MM_CO,Hot Rolled Black Coil 3mm & Above,26AJ0255R0,25.505,2001,3,1265,0011000144,JSW Vijayanagar Metallics Limited,25344759,5000089629,4600000226,120,30-12-25,101,HRC,COIL,11513:2017,BIS,cr3,72083890,N,7.453,19413264,MATCHED
2000,R_HR_CO,Hot Rolled Black Coil,26AJ0256R0,27.765,2001,2.5,1230,0011000144,JSW Vijayanagar Metallics Limited,25345471,5000089630,4600000228,60,03-01-26,101,HRC,COIL,11513:2017,BIS,cr3,72083990,N,7.453,84351765,MATCHED
2000,R_HR_CO,Hot Rolled Black Coil,26AJ0257R0,27.985,2001,2.5,1230,0011000144,JSW Vijayanagar Metallics Limited,25345305,5000089631,4600000229,60,03-01-26,101,HRC,COIL,11513:2017,BIS,cr3,72083990,N,7.453,38300112,MATCHED
2000,R_HR_CO,Hot Rolled Black Coil,26AJ0258R0,27.735,2001,2.5,1230,0011000144,JSW Vijayanagar Metallics Limited,25344252,5000089632,4600000229,60,03-01-26,101,HRC,COIL,11513:2017,BIS,cr3,72083990,N,7.453,13922170,MATCHED
2000,R_HR_CO,Hot Rolled Black Coil,26AJ0259R0,27.745,2001,2.8,1265,0011000144,JSW Vijayanagar Metallics Limited,25345423,5000089633,4600000228,90,03-01-26,101,HRC,COIL,11513:2017,BIS,cr3,72083990,N,7.453,18138942,MATCHED
2000,R_HR_CO,Hot Rolled Black Coil,26AJ0260R0,27.72,2001,2,1265,0011000144,JSW Vijayanagar Metallics Limited,25345439,5000089634,4600000228,120,03-01-26,101,HRC,COIL,11513:2017,BIS,cr3,72083990,N,7.453,63695708,MATCHED
2000,R_HR_CO,Hot Rolled Black Coil,26AJ0261R0,27.905,2001,2.5,1230,0011000144,JSW Vijayanagar Metallics Limited,25345595,5000089635,4600000229,60,03-01-26,101,HRC,COIL,11513:2017,BIS,cr3,72083990,N,7.453,22422456,MATCHED
2000,R_HR_CO,Hot Rolled Black Coil,26AJ0262R0,27.505,2001,2,1235,0011000144,JSW Vijayanagar Metallics Limited,25345357,5000089636,4600000228,110,03-01-26,101,HRC,COIL,11513:2017,BIS,cr3,72083990,N,7.453,20365361,MATCHED
2000,R_HR_CO,Hot Rolled Black Coil,26AJ0263R0,27.84,2001,2.5,1230,0011000144,JSW Vijayanagar Metallics Limited,25345478,5000089638,4600000228,60,03-01-26,101,HRC,COIL,11513:2017,BIS,cr3,72083990,N,7.453,91574888,MATCHED
2000,R_HR_CO,Hot Rolled Black Coil,26AJ0264R0,27.785,2001,2.5,1230,0011000144,JSW Vijayanagar Metallics Limited,25345342,5000089640,4600000229,60,03-01-26,101,HRC,COIL,11513:2017,BIS,cr3,72083990,N,7.453,16999217,MATCHED
2000,R_HR_CO,Hot Rolled Black Coil,26AJ0265R0,29.74,2001,2.5,1230,0011000144,JSW Vijayanagar Metallics Limited,25342821,5000089657,4600000229,60,03-01-26,101,HRC,COIL,11513:2017,BIS,cr3,72083990,N,7.453,83962744,MATCHED
2000,R_HR_CO,Hot Rolled Black Coil,26AJ0266R0,29.765,2001,2.5,1230,0011000144,JSW Vijayanagar Metallics Limited,25342820,5000089658,4600000229,60,03-01-26,101,HRC,COIL,11513:2017,BIS,cr3,72083990,N,7.453,75221175,MATCHED
2000,R_HR_CO,Hot Rolled Black Coil,26AJ0267R0,25.04,2001,2.2,1110,0011000144,JSW Vijayanagar Metallics Limited,25342842,5000089676,4600000225,20,27-12-25,101,HRC,COIL,11513:2017,BIS,cr3,72083990,N,7.453,64710615,MATCHED
2000,R_HR_CO,Hot Rolled Black Coil,26AJ0268R0,27.76,2001,2,1235,0011000144,JSW Vijayanagar Metallics Limited,25344253,5000089677,4600000228,110,03-01-26,101,HRC,COIL,11513:2017,BIS,cr3,72083990,N,7.453,72074571,MATCHED
2000,R_HR_CO,Hot Rolled Black Coil,26AJ0269R0,27.765,2001,2.2,1230,0011000144,JSW Vijayanagar Metallics Limited,25345600,5000089678,4600000228,30,03-01-26,101,HRC,COIL,11513:2017,BIS,cr3,72083990,N,7.453,12676266,MATCHED
2000,R_HR_CO,Hot Rolled Black Coil,26AJ0270R0,28.23,2001,2.5,1230,0011000144,JSW Vijayanagar Metallics Limited,25344245,5000089679,4600000229,60,03-01-26,101,HRC,COIL,11513:2017,BIS,cr3,72083990,N,7.453,84167032,MATCHED
2000,R_HR>3MM_CO,Hot Rolled Black Coil 3mm & Above,26AJ0271R0,28.005,2001,3.6,1265,0011000144,JSW Vijayanagar Metallics Limited,25344166,5000089680,4600000226,110,30-12-25,101,HRC,COIL,11513:2017,BIS,cr3,72083890,N,7.453,56541632,MATCHED
2000,R_HR>3MM_CO,Hot Rolled Black Coil 3mm & Above,26AJ0272R0,28.425,2001,3,1265,0011000144,JSW Vijayanagar Metallics Limited,25343197,5000089682,4600000225,100,27-12-25,101,HRC,COIL,11513:2017,BIS,cr3,72083890,N,7.453,63183782,MATCHED
2000,R_HR_CO,Hot Rolled Black Coil,26AJ0273R0,25.005,2001,2.2,1110,0011000144,JSW Vijayanagar Metallics Limited,25343049,5000089685,4600000225,20,27-12-25,101,HRC,COIL,11513:2017,BIS,cr3,72083990,N,7.453,71840516,MATCHED
2000,R_HR_CO,Hot Rolled Black Coil,26AJ0274R0,27.805,2001,2.8,1265,0011000144,JSW Vijayanagar Metallics Limited,25345417,5000089686,4600000228,90,03-01-26,101,HRC,COIL,11513:2017,BIS,cr3,72083990,N,7.453,44170067,MATCHED
2000,R_HR_CO,Hot Rolled Black Coil,26AJ0275R0,28.325,2001,2.8,1260,0011000144,JSW Vijayanagar Metallics Limited,25342735,5000089687,4600000225,80,27-12-25,101,HRC,COIL,11513:2017,BIS,cr3,72083990,N,7.453,22926383,MATCHED
2000,R_HR>3MM_CO,Hot Rolled Black Coil 3mm & Above,26AJ0276R0,27.965,2001,3.6,1265,0011000144,JSW Vijayanagar Metallics Limited,25344066,5000089688,4600000226,110,30-12-25,101,HRC,COIL,11513:2017,BIS,cr3,72083890,N,7.453,31796899,MATCHED
2000,R_HR_CO,Hot Rolled Black Coil,26AJ0277R0,27.775,2001,2.5,1230,0011000144,JSW Vijayanagar Metallics Limited,25344246,5000089690,4600000229,60,03-01-26,101,HRC,COIL,11513:2017,BIS,cr3,72083990,N,7.453,11279777,MATCHED
2000,R_HR_CO,Hot Rolled Black Coil,26AJ0278R0,27.735,2001,2.2,1230,0011000144,JSW Vijayanagar Metallics Limited,25345599,5000089691,4600000228,30,03-01-26,101,HRC,COIL,11513:2017,BIS,cr3,72083990,N,7.453,15862006,MATCHED
2000,R_HR_CO,Hot Rolled Black Coil,26AJ0279R0,21.63,2001,2.5,1110,0011000144,JSW Vijayanagar Metallics Limited,25343232,5000089692,4600000226,40,30-12-25,101,HRC,COIL,11513:2017,BIS,cr3,72083990,N,7.453,67747755,MATCHED
2000,R_HR_CO,Hot Rolled Black Coil,26AJ0280R0,27.895,2001,2.2,1230,0011000144,JSW Vijayanagar Metallics Limited,25345350,5000089693,4600000228,150,03-01-26,101,HRC,COIL,11513:2017,BIS,cr3,72083990,N,7.453,40235140,MATCHED
2000,R_HR_CO,Hot Rolled Black Coil,26AJ0281R0,28.095,2001,2.2,1230,0011000144,JSW Vijayanagar Metallics Limited,25345340,5000089694,4600000228,150,03-01-26,101,HRC,COIL,11513:2017,BIS,cr3,72083990,N,7.453,12064969,MATCHED
2000,R_HR_CO,Hot Rolled Black Coil,26AJ0282R0,24.29,2001,2.2,1230,0011000144,JSW Vijayanagar Metallics Limited,25345337,5000089695,4600000228,150,03-01-26,101,HRC,COIL,11513:2017,BIS,cr3,72083990,N,7.453,87712124,MATCHED
2000,R_HR_CO,Hot Rolled Black Coil,26AJ0283R0,28.14,2001,2.2,1230,0011000144,JSW Vijayanagar Metallics Limited,25345339,5000089697,4600000228,150,03-01-26,101,HRC,COIL,11513:2017,BIS,cr3,72083990,N,7.453,33640235,MATCHED
2000,R_HR_CO,Hot Rolled Black Coil,26AJ0289R0,29.825,2001,2.8,1260,0011000144,JSW Vijayanagar Metallics Limited,25342738,5000089723,4600000225,80,27-12-25,101,HRC,COIL,11513:2017,BIS,cr3,72083990,N,7.453,48154643,MATCHED
2000,R_HR_CO,Hot Rolled Black Coil,26AJ0290R0,29.96,2001,2.8,1260,0011000144,JSW Vijayanagar Metallics Limited,25342736,5000089725,4600000225,80,27-12-25,101,HRC,COIL,11513:2017,BIS,cr3,72083990,N,7.453,88025389,MATCHED
2000,R_HR_CO,Hot Rolled Black Coil,26AJ0291R0,19.045,2001,2.5,1110,0011000144,JSW Vijayanagar Metallics Limited,25343233,5000089726,4600000226,40,30-12-25,101,HRC,COIL,11513:2017,BIS,cr3,72083990,N,7.453,40132452,MATCHED
2000,R_HR>3MM_CO,Hot Rolled Black Coil 3mm & Above,26AJ0292R0,27.745,2001,3.6,1265,0011000144,JSW Vijayanagar Metallics Limited,25344044,5000089728,4600000226,110,30-12-25,101,HRC,COIL,11513:2017,BIS,cr3,72083890,N,7.453,50801061,MATCHED
2000,R_HR_CO,Hot Rolled Black Coil,26AJ0293R0,27.955,2001,2.5,1260,0011000144,JSW Vijayanagar Metallics Limited,25344169,5000089730,4600000226,60,30-12-25,101,HRC,COIL,11513:2017,BIS,cr3,72083990,N,7.453,28592071,MATCHED
2000,R_HR_CO,Hot Rolled Black Coil,26AJ0294R0,28,2001,2.5,1230,0011000144,JSW Vijayanagar Metallics Limited,25344368,5000089731,4600000226,50,30-12-25,101,HRC,COIL,11513:2017,BIS,cr3,72083990,N,7.453,65581330,MATCHED
2000,R_HR_CO,Hot Rolled Black Coil,26AJ0295R0,27.815,2001,2,1265,0011000144,JSW Vijayanagar Metallics Limited,25345443,5000089733,4600000228,120,03-01-26,101,HRC,COIL,11513:2017,BIS,cr3,72083990,N,7.453,88897106,MATCHED
2000,R_HR_CO,Hot Rolled Black Coil,26AJ0296R0,27.57,2001,2,1235,0011000144,JSW Vijayanagar Metallics Limited,25344266,5000089735,4600000228,110,03-01-26,101,HRC,COIL,11513:2017,BIS,cr3,72083990,N,7.453,10362199,MATCHED
2000,R_HR_CO,Hot Rolled Black Coil,26AJ0297R0,28.23,2001,2.5,1230,0011000144,JSW Vijayanagar Metallics Limited,25345593,5000089736,4600000229,60,03-01-26,101,HRC,COIL,11513:2017,BIS,cr3,72083990,N,7.453,65678364,MATCHED
2000,R_HR_CO,Hot Rolled Black Coil,26AJ0298R0,28.195,2001,2.2,1230,0011000144,JSW Vijayanagar Metallics Limited,25345943,5000089737,4600000228,30,03-01-26,101,HRC,COIL,11513:2017,BIS,cr3,72083990,N,7.453,67329374,MATCHED
2000,R_HR_CO,Hot Rolled Black Coil,26AJ0299R0,27.735,2001,2,1235,0011000144,JSW Vijayanagar Metallics Limited,25344366,5000089738,4600000228,110,03-01-26,101,HRC,COIL,11513:2017,BIS,cr3,72083990,N,7.453,69405284,MATCHED
2000,R_HR_CO,Hot Rolled Black Coil,26AJ0300R0,27.84,2001,2.5,1230,0011000144,JSW Vijayanagar Metallics Limited,25345347,5000089739,4600000229,60,03-01-26,101,HRC,COIL,11513:2017,BIS,cr3,72083990,N,7.453,21247634,MATCHED
2000,R_HR>3MM_CO,Hot Rolled Black Coil 3mm & Above,26AJ0301R0,26.14,2001,3,1265,11000144,JVML-VJNR,25343194,5000089740,4600000225,100,07-01-26,101,HRC,COIL,11513:2017,BIS,HR3,72083990,N,7.453,85768608,MATCHED
2000,R_HR>3MM_CO,Hot Rolled Black Coil 3mm & Above,26AJ0302R0,27.705,2001,3.6,1265,0011000144,JSW Vijayanagar Metallics Limited,25343980,5000089741,4600000226,110,30-12-25,101,HRC,COIL,11513:2017,BIS,cr3,72083890,N,7.453,68584478,MATCHED
2000,R_HR_CO,Hot Rolled Black Coil,26AJ0303R0,27.945,2001,2,1235,0011000144,JSW Vijayanagar Metallics Limited,25345352,5000089742,4600000228,110,03-01-26,101,HRC,COIL,11513:2017,BIS,cr3,72083990,N,7.453,35255234,MATCHED
2000,R_HR_CO,Hot Rolled Black Coil,26AJ0304R0,28.345,2001,2.2,1230,0011000144,JSW Vijayanagar Metallics Limited,25345944,5000089743,4600000228,30,03-01-26,101,HRC,COIL,11513:2017,BIS,cr3,72083990,N,7.453,36120173,MATCHED
2000,R_HR_CO,Hot Rolled Black Coil,26AJ0305R0,25.3,2001,2.2,1260,0011000144,JSW Vijayanagar Metallics Limited,25345433,5000089744,4600000228,40,03-01-26,101,HRC,COIL,11513:2017,BIS,cr3,72083990,N,7.453,30016357,MATCHED
2000,R_HR_CO,Hot Rolled Black Coil,26AJ0306R0,27.715,2001,2.5,1230,0011000144,JSW Vijayanagar Metallics Limited,25345480,5000089745,4600000228,60,03-01-26,101,HRC,COIL,11513:2017,BIS,cr3,72083990,N,7.453,45185459,MATCHED
2000,R_HR_CO,Hot Rolled Black Coil,26AJ0307R0,25.225,2001,2.2,1260,0011000144,JSW Vijayanagar Metallics Limited,25345432,5000089746,4600000228,40,03-01-26,101,HRC,COIL,11513:2017,BIS,cr3,72083990,N,7.453,62367661,MATCHED
2000,R_HR_CO,Hot Rolled Black Coil,26AJ0310R0,29.76,2001,2.5,1260,0011000144,JSW Vijayanagar Metallics Limited,25344264,5000089776,4600000226,60,30-12-25,101,HRC,COIL,11513:2017,BIS,cr3,72083990,N,7.453,26369710,MATCHED
2000,R_HR_CO,Hot Rolled Black Coil,26AJ0311R0,27.935,2001,2.5,1260,0011000144,JSW Vijayanagar Metallics Limited,25344055,5000089794,4600000226,60,30-12-25,101,HRC,COIL,11513:2017,BIS,cr3,72083990,N,7.453,52665791,MATCHED
2000,R_HR>3MM_CO,Hot Rolled Black Coil 3mm & Above,26AJ0312R0,28.44,2001,3.6,1265,0011000144,JSW Vijayanagar Metallics Limited,25342907,5000089795,4600000226,110,30-12-25,101,HRC,COIL,11513:2017,BIS,cr3,72083890,N,7.453,91960095,MATCHED
2000,R_HR>3MM_CO,Hot Rolled Black Coil 3mm & Above,26AJ0313R0,27.76,2001,3,1265,0011000144,JSW Vijayanagar Metallics Limited,25343987,5000089796,4600000226,120,30-12-25,101,HRC,COIL,11513:2017,BIS,cr3,72083890,N,7.453,71337012,MATCHED
2000,R_HR_CO,Hot Rolled Black Coil,26AJ0314R0,28.06,2001,2,1235,0011000144,JSW Vijayanagar Metallics Limited,25344258,5000089797,4600000226,90,30-12-25,101,HRC,COIL,11513:2017,BIS,cr3,72083990,N,7.453,21098083,MATCHED
2000,R_HR_CO,Hot Rolled Black Coil,26AJ0315R0,28.42,2001,2.2,1260,0011000144,JSW Vijayanagar Metallics Limited,25342909,5000089799,4600000226,30,30-12-25,101,HRC,COIL,11513:2017,BIS,cr3,72083990,N,7.453,91216719,MATCHED
2000,R_HR_CO,Hot Rolled Black Coil,26AJ0316R0,24.705,2001,2.5,1230,0011000144,JSW Vijayanagar Metallics Limited,25340871,5000089801,4600000225,60,27-12-25,101,HRC,COIL,11513:2017,BIS,cr3,72083990,N,7.453,86165282,MATCHED
2000,R_HR>3MM_CO,Hot Rolled Black Coil 3mm & Above,26AJ0317R0,27.97,2001,3,1265,0011000144,JSW Vijayanagar Metallics Limited,25343984,5000089802,4600000226,120,30-12-25,101,HRC,COIL,11513:2017,BIS,cr3,72083890,N,7.453,80656464,MATCHED
2000,R_HR_CO,Hot Rolled Black Coil,26AJ0318R0,27.72,2001,2,1265,0011000144,JSW Vijayanagar Metallics Limited,25345442,5000089803,4600000228,120,03-01-26,101,HRC,COIL,11513:2017,BIS,cr3,72083990,N,7.453,55253701,MATCHED
2000,R_HR_CO,Hot Rolled Black Coil,26AJ0319R0,27.57,2001,2,1235,0011000144,JSW Vijayanagar Metallics Limited,25344272,5000089804,4600000228,110,03-01-26,101,HRC,COIL,11513:2017,BIS,cr3,72083990,N,7.453,14290342,MATCHED
2000,R_HR_CO,Hot Rolled Black Coil,26AJ0320R0,21.69,2001,2.5,1110,0011000144,JSW Vijayanagar Metallics Limited,25343329,5000089806,4600000226,40,30-12-25,101,HRC,COIL,11513:2017,BIS,cr3,72083990,N,7.453,20511713,MATCHED
2000,R_HR_CO,Hot Rolled Black Coil,26AJ0321R0,27.965,2001,2,1235,0011000144,JSW Vijayanagar Metallics Limited,25344373,5000089805,4600000228,110,03-01-26,101,HRC,COIL,11513:2017,BIS,cr3,72083990,N,7.453,53107244,MATCHED
2000,R_HR_CO,Hot Rolled Black Coil,26AJ0322R0,27.78,2001,2.2,1230,0011000144,JSW Vijayanagar Metallics Limited,25345307,5000089807,4600000228,30,03-01-26,101,HRC,COIL,11513:2017,BIS,cr3,72083990,N,7.453,59062842,MATCHED
2000,R_HR_CO,Hot Rolled Black Coil,26AJ0323R0,27.855,2001,2.5,1230,0011000144,JSW Vijayanagar Metallics Limited,25345474,5000089808,4600000228,60,03-01-26,101,HRC,COIL,11513:2017,BIS,cr3,72083990,N,7.453,97058390,MATCHED
2000,R_HR>3MM_CO,Hot Rolled Black Coil 3mm & Above,26AJ0324R0,27.805,2001,3.6,1265,0011000144,JSW Vijayanagar Metallics Limited,25344047,5000089809,4600000226,110,30-12-25,101,HRC,COIL,11513:2017,BIS,cr3,72083890,N,7.453,57776319,MATCHED
2000,R_HR_CO,Hot Rolled Black Coil,26AJ0325R0,28.06,2001,2.8,1265,0011000144,JSW Vijayanagar Metallics Limited,25345419,5000089810,4600000228,90,03-01-26,101,HRC,COIL,11513:2017,BIS,cr3,72083990,N,7.453,90574421,MATCHED
2000,R_HR_CO,Hot Rolled Black Coil,26AJ0326R0,27.76,2001,2,1235,0011000144,JSW Vijayanagar Metallics Limited,25344267,5000089811,4600000228,110,03-01-26,101,HRC,COIL,11513:2017,BIS,cr3,72083990,N,7.453,26475722,MATCHED
2000,R_HR_CO,Hot Rolled Black Coil,26AJ0328R0,27.705,2001,2,1265,0011000144,JSW Vijayanagar Metallics Limited,25345438,5000089812,4600000228,120,03-01-26,101,HRC,COIL,11513:2017,BIS,cr3,72083990,N,7.453,47030225,MATCHED
2000,R_HR>3MM_CO,Hot Rolled Black Coil 3mm & Above,26AJ0329R0,27.79,2001,3.6,1265,0011000144,JSW Vijayanagar Metallics Limited,25344042,5000089813,4600000226,110,30-12-25,101,HRC,COIL,11513:2017,BIS,cr3,72083890,N,7.453,57695731,MATCHED
2000,R_HR_CO,Hot Rolled Black Coil,26AJ0330R0,28.255,2001,2.2,1260,0011000144,JSW Vijayanagar Metallics Limited,25342918,5000089814,4600000226,30,30-12-25,101,HRC,COIL,11513:2017,BIS,cr3,72083990,N,7.453,56004181,MATCHED
2000,R_HR_CO,Hot Rolled Black Coil,26AJ0331R0,27.725,2001,2.2,1260,0011000144,JSW Vijayanagar Metallics Limited,25344060,5000089815,4600000226,30,30-12-25,101,HRC,COIL,11513:2017,BIS,cr3,72083990,N,7.453,66825182,MATCHED
2000,R_HR>3MM_CO,Hot Rolled Black Coil 3mm & Above,26AJ0332R0,28.02,2001,3.6,1265,0011000144,JSW Vijayanagar Metallics Limited,25344068,5000089816,4600000226,110,30-12-25,101,HRC,COIL,11513:2017,BIS,cr3,72083890,N,7.453,34965858,MATCHED
2000,R_HR_CO,Hot Rolled Black Coil,26AJ0333R0,28.185,2001,2.2,1230,0011000144,JSW Vijayanagar Metallics Limited,25345341,5000089817,4600000228,150,03-01-26,101,HRC,COIL,11513:2017,BIS,cr3,72083990,N,7.453,29942173,MATCHED
2000,R_HR_CO,Hot Rolled Black Coil,26AJ0334R0,27.95,2001,2.5,1260,0011000144,JSW Vijayanagar Metallics Limited,25343991,5000089818,4600000226,60,30-12-25,101,HRC,COIL,11513:2017,BIS,cr3,72083990,N,7.453,32741236,MATCHED
2000,R_HR_CO,Hot Rolled Black Coil,26AJ0335R0,28.015,2001,2.2,1230,0011000144,JSW Vijayanagar Metallics Limited,25345306,5000089819,4600000228,30,03-01-26,101,HRC,COIL,11513:2017,BIS,cr3,72083990,N,7.453,33950696,MATCHED
2000,R_HR_CO,Hot Rolled Black Coil,26AJ0336R0,27.72,2001,2.2,1230,0011000144,JSW Vijayanagar Metallics Limited,25345598,5000089820,4600000228,30,03-01-26,101,HRC,COIL,11513:2017,BIS,cr3,72083990,N,7.453,62907324,MATCHED
2000,R_HR_CO,Hot Rolled Black Coil,26AJ0337R0,27.91,2001,2.2,1230,0011000144,JSW Vijayanagar Metallics Limited,25345351,5000089821,4600000228,150,03-01-26,101,HRC,COIL,11513:2017,BIS,cr3,72083990,N,7.453,65209537,MATCHED
2000,R_HR_CO,Hot Rolled Black Coil,26AJ0338R0,27.76,2001,2.2,1260,0011000144,JSW Vijayanagar Metallics Limited,25344071,5000089822,4600000226,30,30-12-25,101,HRC,COIL,11513:2017,BIS,cr3,72083990,N,7.453,60854452,MATCHED
2000,R_HR_CO,Hot Rolled Black Coil,26AJ0339R0,27.97,2001,2.8,1265,0011000144,JSW Vijayanagar Metallics Limited,25345420,5000089823,4600000228,90,03-01-26,101,HRC,COIL,11513:2017,BIS,cr3,72083990,N,7.453,67476109,MATCHED
2000,R_HR_CO,Hot Rolled Black Coil,26AJ0340R0,27.98,2001,2.5,1230,0011000144,JSW Vijayanagar Metallics Limited,25345594,5000089824,4600000229,60,03-01-26,101,HRC,COIL,11513:2017,BIS,cr3,72083990,N,7.453,98325115,MATCHED
2000,R_HR>3MM_CO,Hot Rolled Black Coil 3mm & Above,26AJ0342R0,27.815,2001,3.6,1265,0011000144,JSW Vijayanagar Metallics Limited,25344145,5000089826,4600000226,110,30-12-25,101,HRC,COIL,11513:2017,BIS,cr3,72083890,N,7.453,11023276,MATCHED
2000,R_HR_CO,Hot Rolled Black Coil,26AJ0343R0,27.755,2001,2.5,1230,0011000144,JSW Vijayanagar Metallics Limited,25344369,5000089827,4600000226,50,30-12-25,101,HRC,COIL,11513:2017,BIS,cr3,72083990,N,7.453,87395974,MATCHED
2000,R_HR_CO,Hot Rolled Black Coil,26AJ0344R0,27.98,2001,2.5,1230,0011000144,JSW Vijayanagar Metallics Limited,25344376,5000089828,4600000226,50,30-12-25,101,HRC,COIL,11513:2017,BIS,cr3,72083990,N,7.453,13966595,MATCHED
2000,R_HR_CO,Hot Rolled Black Coil,26AJ0346R0,27.77,2001,2.8,1265,0011000144,JSW Vijayanagar Metallics Limited,25344001,5000089848,4600000228,90,03-01-26,101,HRC,COIL,11513:2017,BIS,cr3,72083990,N,7.453,65416408,MATCHED
2000,R_HR_CO,Hot Rolled Black Coil,26AJ0347R0,24.945,2001,2.5,1110,0011000144,JSW Vijayanagar Metallics Limited,25343056,5000089875,4600000225,50,27-12-25,101,HRC,COIL,11513:2017,BIS,cr3,72083990,N,7.453,88907146,MATCHED
2000,R_HR_CO,Hot Rolled Black Coil,26AJ0348R0,28.08,2001,2,1265,0011000144,JSW Vijayanagar Metallics Limited,25343998,5000089881,4600000228,120,03-01-26,101,HRC,COIL,11513:2017,BIS,cr3,72083990,N,7.453,75791898,MATCHED
2000,R_HR_CO,Hot Rolled Black Coil,26AJ0349R0,24.92,2001,2.2,1110,0011000144,JSW Vijayanagar Metallics Limited,25342955,5000089887,4600000225,20,27-12-25,101,HRC,COIL,11513:2017,BIS,cr3,72083990,N,7.453,82503898,MATCHED
2000,R_HR_CO,Hot Rolled Black Coil,26AJ0350R0,27.965,2001,2,1235,0011000144,JSW Vijayanagar Metallics Limited,25344372,5000089889,4600000228,110,03-01-26,101,HRC,COIL,11513:2017,BIS,cr3,72083990,N,7.453,76762186,MATCHED
2000,R_HR_CO,Hot Rolled Black Coil,26AJ0351R0,27.33,2001,2.5,1230,0011000144,JSW Vijayanagar Metallics Limited,25339821,5000089890,4600000225,60,27-12-25,101,HRC,COIL,11513:2017,BIS,cr3,72083990,N,7.453,17360798,MATCHED
2000,R_HR_CO,Hot Rolled Black Coil,26AJ0352R0,24.905,2001,2.5,1260,0011000144,JSW Vijayanagar Metallics Limited,25343114,5000089892,4600000225,70,27-12-25,101,HRC,COIL,11513:2017,BIS,cr3,72083990,N,7.453,27595300,MATCHED
2000,R_HR_CO,Hot Rolled Black Coil,26AJ0354R0,24.96,2001,2,1115,0011000144,JSW Vijayanagar Metallics Limited,25343063,5000089900,4600000225,90,27-12-25,101,HRC,COIL,11513:2017,BIS,cr3,72083990,N,7.453,81041210,MATCHED
2000,R_HR_CO,Hot Rolled Black Coil,26AJ0355R0,25.655,2001,2.5,1260,0011000144,JSW Vijayanagar Metallics Limited,25342116,5000089901,4600000225,70,27-12-25,101,HRC,COIL,11513:2017,BIS,cr3,72083990,N,7.453,69574721,MATCHED
2000,R_HR_CO,Hot Rolled Black Coil,26AJ0356R0,25.375,2001,2.2,1110,0011000144,JSW Vijayanagar Metallics Limited,25342848,5000089902,4600000225,20,27-12-25,101,HRC,COIL,11513:2017,BIS,cr3,72083990,N,7.453,43925135,MATCHED
2000,R_HR_CO,Hot Rolled Black Coil,26AJ0357R0,27.885,2001,2.2,1230,0011000144,JSW Vijayanagar Metallics Limited,25339823,5000089905,4600000228,30,03-01-26,101,HRC,COIL,11513:2017,BIS,cr3,72083990,N,7.453,43740067,MATCHED
2000,R_HR_CO,Hot Rolled Black Coil,26AJ0358R0,28.325,2001,2.2,1260,0011000144,JSW Vijayanagar Metallics Limited,25342823,5000089906,4600000225,40,27-12-25,101,HRC,COIL,11513:2017,BIS,cr3,72083990,N,7.453,27667545,MATCHED
2000,R_HR_CO,Hot Rolled Black Coil,26AJ0359R0,27.775,2001,2.5,1230,0011000144,JSW Vijayanagar Metallics Limited,25344270,5000089908,4600000229,60,03-01-26,101,HRC,COIL,11513:2017,BIS,cr3,72083990,N,7.453,83426325,MATCHED
2000,R_HR_CO,Hot Rolled Black Coil,26AJ0360R0,27.615,2001,2,1235,0011000144,JSW Vijayanagar Metallics Limited,25344256,5000089911,4600000226,90,30-12-25,101,HRC,COIL,11513:2017,BIS,cr3,72083990,N,7.453,81640402,MATCHED
2000,R_HR>3MM_CO,Hot Rolled Black Coil 3mm & Above,26AJ0361R0,28.445,2001,3,1265,0011000144,JSW Vijayanagar Metallics Limited,25343193,5000089912,4600000225,100,27-12-25,101,HRC,COIL,11513:2017,BIS,cr3,72083890,N,7.453,34009462,MATCHED
2000,R_HR_CO,Hot Rolled Black Coil,26AJ0362R0,28.045,2001,2,1235,0011000144,JSW Vijayanagar Metallics Limited,25344184,5000089913,4600000226,90,30-12-25,101,HRC,COIL,11513:2017,BIS,cr3,72083990,N,7.453,84241129,MATCHED
2000,R_HR_CO,Hot Rolled Black Coil,26AJ0363R0,28.005,2001,2.2,1260,0011000144,JSW Vijayanagar Metallics Limited,25343118,5000089914,4600000228,40,03-01-26,101,HRC,COIL,11513:2017,BIS,cr3,72083990,N,7.453,68004746,MATCHED
2000,R_HR_CO,Hot Rolled Black Coil,26AJ0364R0,27.73,2001,2.2,1230,0011000144,JSW Vijayanagar Metallics Limited,25345308,5000089915,4600000228,30,03-01-26,101,HRC,COIL,11513:2017,BIS,cr3,72083990,N,7.453,76710629,MATCHED
2000,R_HR_CO,Hot Rolled Black Coil,26AJ0365R0,27.735,2001,2,1235,0011000144,JSW Vijayanagar Metallics Limited,26201924,5000089916,4600000232,30,05-01-26,101,HRC,COIL,11513:2017,BIS,cr3,72083990,N,7.453,52032856,MATCHED
2000,R_HR>3MM_CO,Hot Rolled Black Coil 3mm & Above,26AJ0366R0,27.99,2001,3,1190,0011000144,JSW Vijayanagar Metallics Limited,26201949,5000089917,4600000232,150,05-01-26,101,HRC,COIL,11513:2017,BIS,cr2,72083890,N,7.453,79065687,MATCHED
2000,R_HR>3MM_CO,Hot Rolled Black Coil 3mm & Above,26AJ0367R0,27.86,2001,3,1265,0011000144,JSW Vijayanagar Metallics Limited,25343982,5000089918,4600000226,120,30-12-25,101,HRC,COIL,11513:2017,BIS,cr3,72083890,N,7.453,38069750,MATCHED
2000,R_HR_CO,Hot Rolled Black Coil,26AJ0369R0,24.55,2001,2.5,1110,0011000144,JSW Vijayanagar Metallics Limited,25343055,5000089919,4600000225,50,27-12-25,101,HRC,COIL,11513:2017,BIS,cr3,72083990,N,7.453,15641158,MATCHED
2000,R_HR>3MM_CO,Hot Rolled Black Coil 3mm & Above,26AJ0370R0,27.775,2001,3,1265,0011000144,JSW Vijayanagar Metallics Limited,26201769,5000089920,4600000232,250,05-01-26,101,HRC,COIL,11513:2017,BIS,cr3,72083890,N,7.453,98667181,MATCHED
2000,R_HR_CO,Hot Rolled Black Coil,26AJ0371R0,25.67,2001,2.2,1260,0011000144,JSW Vijayanagar Metallics Limited,25339945,5000089921,4600000225,40,27-12-25,101,HRC,COIL,11513:2017,BIS,cr3,72083990,N,7.453,77275378,MATCHED
2000,R_HR_CO,Hot Rolled Black Coil,26AJ0372R0,27.65,2001,2,1235,0011000144,JSW Vijayanagar Metallics Limited,26201930,5000089922,4600000232,30,05-01-26,101,HRC,COIL,11513:2017,BIS,cr3,72083990,N,7.453,35154601,MATCHED
2000,R_HR_CO,Hot Rolled Black Coil,26AJ0373R0,27.965,2001,2,1235,0011000144,JSW Vijayanagar Metallics Limited,26201803,5000089923,4600000232,30,05-01-26,101,HRC,COIL,11513:2017,BIS,cr3,72083990,N,7.453,44779346,MATCHED
2000,R_HR_CO,Hot Rolled Black Coil,26AJ0374R0,28.16,2001,2.2,1230,0011000144,JSW Vijayanagar Metallics Limited,25345338,5000089924,4600000232,100,05-01-26,101,HRC,COIL,11513:2017,BIS,cr3,72083990,N,7.453,47756828,MATCHED
2000,R_HR_CO,Hot Rolled Black Coil,26AJ0375R0,27.845,2001,2,1235,0011000144,JSW Vijayanagar Metallics Limited,26201931,5000089925,4600000232,30,05-01-26,101,HRC,COIL,11513:2017,BIS,cr3,72083990,N,7.453,47900926,MATCHED
2000,R_HR_CO,Hot Rolled Black Coil,26AJ0376R0,24.935,2001,2.5,1260,0011000144,JSW Vijayanagar Metallics Limited,25343116,5000089935,4600000225,70,27-12-25,101,HRC,COIL,11513:2017,BIS,cr3,72083990,N,7.453,47623483,MATCHED
2000,R_HR_CO,Hot Rolled Black Coil,26AJ0377R0,24.975,2001,2.2,1110,0011000144,JSW Vijayanagar Metallics Limited,25342961,5000089936,4600000228,20,03-01-26,101,HRC,COIL,11513:2017,BIS,cr3,72083990,N,7.453,76783852,MATCHED
2000,R_HR>3MM_CO,Hot Rolled Black Coil 3mm & Above,26AJ0381R0,28.405,2001,3,1265,0011000144,JSW Vijayanagar Metallics Limited,25342819,5000089953,4600000226,120,30-12-25,101,HRC,COIL,11513:2017,BIS,cr3,72083890,N,7.453,66136010,MATCHED
2000,R_HR_CO,Hot Rolled Black Coil,26AJ0382R0,27.705,2001,2,1235,0011000144,JSW Vijayanagar Metallics Limited,26201926,5000089962,4600000232,30,05-01-26,101,HRC,COIL,11513:2017,BIS,cr3,72083990,N,7.453,40852403,MATCHED
2000,R_HR_CO,Hot Rolled Black Coil,26AJ0383R0,28.035,2001,2.5,1230,0011000144,JSW Vijayanagar Metallics Limited,26201928,5000089964,4600000232,50,05-01-26,101,HRC,COIL,11513:2017,BIS,cr3,72083990,N,7.453,56417508,MATCHED
2000,R_HR>3MM_CO,Hot Rolled Black Coil 3mm & Above,26AJ0384R0,27.8,2001,3.6,1190,0011000144,JSW Vijayanagar Metallics Limited,26202059,5000089966,4600000232,160,05-01-26,101,HRC,COIL,11513:2017,BIS,cr2,72083890,N,7.453,99223011,MATCHED
2000,R_HR_CO,Hot Rolled Black Coil,26AJ0385R0,28.11,2001,2.5,1260,0011000144,JSW Vijayanagar Metallics Limited,25344056,5000089972,4600000226,60,30-12-25,101,HRC,COIL,11513:2017,BIS,cr3,72083990,N,7.453,50897287,MATCHED
2000,R_HR_CO,Hot Rolled Black Coil,26AJ0386R0,27.73,2001,2.8,1190,0011000144,JSW Vijayanagar Metallics Limited,26202054,5000089976,4600000232,140,05-01-26,101,HRC,COIL,11513:2017,BIS,cr2,72083990,N,7.453,72101147,MATCHED
2000,R_HR>3MM_CO,Hot Rolled Black Coil 3mm & Above,26AJ0387R0,27.775,2001,3,1190,0011000144,JSW Vijayanagar Metallics Limited,26202057,5000089978,4600000232,150,05-01-26,101,HRC,COIL,11513:2017,BIS,cr2,72083890,N,7.453,43031846,MATCHED
2000,R_HR>3MM_CO,Hot Rolled Black Coil 3mm & Above,26AJ0388R0,27.965,2001,3.6,1265,0011000144,JSW Vijayanagar Metallics Limited,26201882,5000089979,4600000232,80,05-01-26,101,HRC,COIL,11513:2017,BIS,cr3,72083890,N,7.453,24353810,MATCHED
2000,R_HR_CO,Hot Rolled Black Coil,26AJ0389R0,27.89,2001,2,1235,0011000144,JSW Vijayanagar Metallics Limited,26201925,5000089982,4600000232,30,05-01-26,101,HRC,COIL,11513:2017,BIS,cr3,72083990,N,7.453,72961549,MATCHED
2000,R_HR_CO,Hot Rolled Black Coil,26AJ0390R0,24.945,2001,2.5,1110,0011000144,JSW Vijayanagar Metallics Limited,25344282,5000089983,4600000228,50,03-01-26,101,HRC,COIL,11513:2017,BIS,cr3,72083990,N,7.453,35667531,MATCHED
2000,R_HR_CO,Hot Rolled Black Coil,26AJ0391R0,28.005,2001,2.8,1265,0011000144,JSW Vijayanagar Metallics Limited,26201758,5000089985,4600000232,60,05-01-26,101,HRC,COIL,11513:2017,BIS,cr3,72083990,N,7.453,55259729,MATCHED
2000,R_HR_CO,Hot Rolled Black Coil,26AJ0392R0,27.91,2001,2.5,1230,0011000144,JSW Vijayanagar Metallics Limited,26201818,5000090018,4600000232,50,05-01-26,101,HRC,COIL,11513:2017,BIS,cr3,72083990,N,7.453,40801434,MATCHED
2000,R_HR_CO,Hot Rolled Black Coil,26AJ0393R0,27.85,2001,2.8,1190,0011000144,JSW Vijayanagar Metallics Limited,26201960,5000090020,4600000232,140,05-01-26,101,HRC,COIL,11513:2017,BIS,cr2,72083990,N,7.453,30430587,MATCHED
2000,R_HR>3MM_CO,Hot Rolled Black Coil 3mm & Above,26AJ0394R0,27.84,2001,3,1190,0011000144,JSW Vijayanagar Metallics Limited,26201953,5000090019,4600000232,150,05-01-26,101,HRC,COIL,11513:2017,BIS,cr2,72083890,N,7.453,16451102,MATCHED
2000,R_HR>3MM_CO,Hot Rolled Black Coil 3mm & Above,26AJ0395R0,25.72,2001,3.6,1190,0011000144,JSW Vijayanagar Metallics Limited,26202062,5000090021,4600000232,160,05-01-26,101,HRC,COIL,11513:2017,BIS,cr2,72083890,N,7.453,56779034,MATCHED
2000,R_HR>3MM_CO,Hot Rolled Black Coil 3mm & Above,26AJ0396R0,28.08,2001,3.6,1265,0011000144,JSW Vijayanagar Metallics Limited,26201989,5000090022,4600000232,80,05-01-26,101,HRC,COIL,11513:2017,BIS,cr3,72083890,N,7.453,54290746,MATCHED
2000,R_HR_CO,Hot Rolled Black Coil,26AJ0397R0,27.5,2001,2,1235,0011000144,JSW Vijayanagar Metallics Limited,26201934,5000090024,4600000232,30,05-01-26,101,HRC,COIL,11513:2017,BIS,cr3,72083990,N,7.453,38551682,MATCHED
2000,R_HR>3MM_CO,Hot Rolled Black Coil 3mm & Above,26AJ0398R0,24.595,2001,3.6,1265,0011000144,JSW Vijayanagar Metallics Limited,26201766,5000090025,4600000232,80,05-01-26,101,HRC,COIL,11513:2017,BIS,cr3,72083890,N,7.453,66503357,MATCHED
2000,R_HR_CO,Hot Rolled Black Coil,26AJ0399R0,23.085,2001,2.2,1015,0011000144,JSW Vijayanagar Metallics Limited,25343333,5000090026,4600000232,370,08-01-26,101,HRC,COIL,11513:2017,BIS,cr3,72083990,N,7.453,47278274,MATCHED
2000,R_HR_CO,Hot Rolled Black Coil,26AJ0400R0,28.335,2001,2.2,1230,0011000144,JSW Vijayanagar Metallics Limited,25346048,5000090027,4600000232,40,05-01-26,101,HRC,COIL,11513:2017,BIS,cr3,72083990,N,7.453,41803969,MATCHED
2000,R_HR_CO,Hot Rolled Black Coil,26AJ0402R0,27.985,2001,2.8,1265,0011000144,JSW Vijayanagar Metallics Limited,25343988,5000090028,4600000228,90,03-01-26,101,HRC,COIL,11513:2017,BIS,cr3,72083990,N,7.453,64654977,MATCHED
2000,R_HR>3MM_CO,Hot Rolled Black Coil 3mm & Above,26AJ0403R0,27.905,2001,3.6,1265,0011000144,JSW Vijayanagar Metallics Limited,26201985,5000090029,4600000232,80,05-01-26,101,HRC,COIL,11513:2017,BIS,cr3,72083890,N,7.453,98086659,MATCHED
2000,R_HR_CO,Hot Rolled Black Coil,26AJ0404R0,24.33,2001,2.8,1190,0011000144,JSW Vijayanagar Metallics Limited,26201957,5000090030,4600000232,140,05-01-26,101,HRC,COIL,11513:2017,BIS,cr2,72083990,N,7.453,69283010,MATCHED
2000,R_HR_CO,Hot Rolled Black Coil,26AJ0405R0,27.635,2001,2,1235,0011000144,JSW Vijayanagar Metallics Limited,26201929,5000090031,4600000232,30,05-01-26,101,HRC,COIL,11513:2017,BIS,cr3,72083990,N,7.453,37300387,MATCHED
2000,R_HR>3MM_CO,Hot Rolled Black Coil 3mm & Above,26AJ0406R0,27.89,2001,3,1265,0011000144,JSW Vijayanagar Metallics Limited,26201757,5000090032,4600000232,120,05-01-26,101,HRC,COIL,11513:2017,BIS,cr3,72083890,N,7.453,42664400,MATCHED
2000,R_HR>3MM_CO,Hot Rolled Black Coil 3mm & Above,26AJ0407R0,27.92,2001,3,1190,0011000144,JSW Vijayanagar Metallics Limited,26202055,5000090033,4600000232,150,05-01-26,101,HRC,COIL,11513:2017,BIS,cr2,72083890,N,7.453,51328661,MATCHED
2000,R_HR_CO,Hot Rolled Black Coil,26AJ0408R0,27.87,2001,2,1235,0011000144,JSW Vijayanagar Metallics Limited,25344177,5000090034,4600000226,90,30-12-25,101,HRC,COIL,11513:2017,BIS,cr3,72083990,N,7.453,57680151,MATCHED
2000,R_HR_CO,Hot Rolled Black Coil,26AJ0409R0,28.325,2001,2,1235,0011000144,JSW Vijayanagar Metallics Limited,26201927,5000090035,4600000232,30,05-01-26,101,HRC,COIL,11513:2017,BIS,cr3,72083990,N,7.453,64149113,MATCHED
2000,R_HR_CO,Hot Rolled Black Coil,26AJ0410R0,27.885,2001,2.5,1230,0011000144,JSW Vijayanagar Metallics Limited,25345596,5000090036,4600000226,50,30-12-25,101,HRC,COIL,11513:2017,BIS,cr3,72083990,N,7.453,37134671,MATCHED
2000,R_HR>3MM_CO,Hot Rolled Black Coil 3mm & Above,26AJ0411R0,27.96,2001,3,1265,0011000144,JSW Vijayanagar Metallics Limited,26201768,5000090037,4600000232,120,05-01-26,101,HRC,COIL,11513:2017,BIS,cr3,72083890,N,7.453,15064674,MATCHED
2000,R_HR>3MM_CO,Hot Rolled Black Coil 3mm & Above,26AJ0412R0,25.3,2001,3.6,1265,0011000144,JSW Vijayanagar Metallics Limited,25345581,5000090038,4600000228,130,03-01-26,101,HRC,COIL,11513:2017,BIS,cr3,72083890,N,7.453,72143994,MATCHED
2000,R_HR_CO,Hot Rolled Black Coil,26AJ0413R0,27.92,2001,2.8,1190,0011000144,JSW Vijayanagar Metallics Limited,26201963,5000090040,4600000232,140,05-01-26,101,HRC,COIL,11513:2017,BIS,cr2,72083990,N,7.453,95689816,MATCHED
2000,R_HR_CO,Hot Rolled Black Coil,26AJ0414R0,25.495,2001,2.2,1230,0011000144,JSW Vijayanagar Metallics Limited,25344248,5000090039,4600000228,30,03-01-26,101,HRC,COIL,11513:2017,BIS,cr3,72083990,N,7.453,46147380,MATCHED
2000,R_HR_CO,Hot Rolled Black Coil,26AJ0415R0,24.83,2001,2.5,1110,0011000144,JSW Vijayanagar Metallics Limited,25344281,5000090042,4600000228,50,03-01-26,101,HRC,COIL,11513:2017,BIS,cr3,72083990,N,7.453,78246875,MATCHED
2000,R_HR>3MM_CO,Hot Rolled Black Coil 3mm & Above,26AJ0416R0,27.9,2001,3,1190,0011000144,JSW Vijayanagar Metallics Limited,26201952,5000090041,4600000232,150,05-01-26,101,HRC,COIL,11513:2017,BIS,cr2,72083890,N,7.453,73754154,MATCHED
2000,R_HR_CO,Hot Rolled Black Coil,26AJ0417R0,27.825,2001,2.5,1230,0011000144,JSW Vijayanagar Metallics Limited,26201922,5000090043,4600000232,50,05-01-26,101,HRC,COIL,11513:2017,BIS,cr3,72083990,N,7.453,50440020,MATCHED
2000,R_HR_CO,Hot Rolled Black Coil,26AJ0418R0,27.955,2001,2.2,1260,0011000144,JSW Vijayanagar Metallics Limited,25345435,5000090044,4600000228,40,03-01-26,101,HRC,COIL,11513:2017,BIS,cr3,72083990,N,7.453,83201999,MATCHED
2000,R_HR_CO,Hot Rolled Black Coil,26AJ0419R0,27.615,2001,2,1235,0011000144,JSW Vijayanagar Metallics Limited,26201923,5000090045,4600000232,30,05-01-26,101,HRC,COIL,11513:2017,BIS,cr3,72083990,N,7.453,83003878,MATCHED
2000,R_HR_CO,Hot Rolled Black Coil,26AJ0420R0,27.735,2001,2.5,1230,0011000144,JSW Vijayanagar Metallics Limited,25345470,5000090046,4600000226,50,30-12-25,101,HRC,COIL,11513:2017,BIS,cr3,72083990,N,7.453,66871235,MATCHED
2000,R_HR>3MM_CO,Hot Rolled Black Coil 3mm & Above,26AJ0421R0,27.95,2001,3.6,1190,0011000144,JSW Vijayanagar Metallics Limited,26202046,5000090047,4600000232,160,05-01-26,101,HRC,COIL,11513:2017,BIS,cr2,72083890,N,7.453,67610189,MATCHED
2000,R_HR_CO,Hot Rolled Black Coil,26AJ0422R0,27.74,2001,2.5,1230,0011000144,JSW Vijayanagar Metallics Limited,25345469,5000090048,4600000226,50,30-12-25,101,HRC,COIL,11513:2017,BIS,cr3,72083990,N,7.453,96447502,MATCHED
2000,R_HR_CO,Hot Rolled Black Coil,26AJ0423R0,27.875,2001,2,1235,0011000144,JSW Vijayanagar Metallics Limited,26201812,5000090049,4600000232,30,05-01-26,101,HRC,COIL,11513:2017,BIS,cr3,72083990,N,7.453,72485606,MATCHED
2000,R_HR_CO,Hot Rolled Black Coil,26AJ0424R0,25.69,2001,2.2,1230,0011000144,JSW Vijayanagar Metallics Limited,26202274,5000090051,4600000232,40,05-01-26,101,HRC,COIL,11513:2017,BIS,cr3,72083990,N,7.453,54531607,MATCHED
2000,R_HR_CO,Hot Rolled Black Coil,26AJ0425R0,27.98,2001,2,1235,0011000144,JSW Vijayanagar Metallics Limited,26201807,5000090050,4600000232,30,05-01-26,101,HRC,COIL,11513:2017,BIS,cr3,72083990,N,7.453,58874203,MATCHED
2000,R_HR>3MM_CO,Hot Rolled Black Coil 3mm & Above,26AJ0426R0,27.94,2001,3,1190,0011000144,JSW Vijayanagar Metallics Limited,26201951,5000090052,4600000232,150,05-01-26,101,HRC,COIL,11513:2017,BIS,cr2,72083890,N,7.453,10562068,MATCHED
2000,R_HR_CO,Hot Rolled Black Coil,26AJ0427R0,27.805,2001,2,1235,0011000144,JSW Vijayanagar Metallics Limited,26201933,5000090053,4600000232,30,05-01-26,101,HRC,COIL,11513:2017,BIS,cr3,72083990,N,7.453,67353971,MATCHED
2000,R_HR>3MM_CO,Hot Rolled Black Coil 3mm & Above,26AJ0428R0,24.315,2001,3,1190,0011000144,JSW Vijayanagar Metallics Limited,26201956,5000090054,4600000232,150,05-01-26,101,HRC,COIL,11513:2017,BIS,cr2,72083890,N,7.453,65949253,MATCHED
2000,R_HR>3MM_CO,Hot Rolled Black Coil 3mm & Above,26AJ0429R0,27.725,2001,3,1190,0011000144,JSW Vijayanagar Metallics Limited,26202166,5000090056,4600000232,150,05-01-26,101,HRC,COIL,11513:2017,BIS,cr2,72083890,N,7.453,87099492,MATCHED
2000,R_HR_CO,Hot Rolled Black Coil,26AJ0430R0,27.87,2001,2.5,1260,0011000144,JSW Vijayanagar Metallics Limited,25344057,5000090060,4600000226,60,30-12-25,101,HRC,COIL,11513:2017,BIS,cr3,72083990,N,7.453,97361251,MATCHED
2000,R_HR>3MM_CO,Hot Rolled Black Coil 3mm & Above,26AJ0431R0,27.84,2001,3.6,1265,0011000144,JSW Vijayanagar Metallics Limited,26201777,5000090061,4600000232,80,05-01-26,101,HRC,COIL,11513:2017,BIS,cr3,72083890,N,7.453,24925149,MATCHED
2000,R_HR_CO,Hot Rolled Black Coil,26AJ0432R0,27.77,2001,2.5,1230,0011000144,JSW Vijayanagar Metallics Limited,26201921,5000090062,4600000232,50,05-01-26,101,HRC,COIL,11513:2017,BIS,cr3,72083990,N,7.453,10483944,MATCHED
2000,R_HR_CO,Hot Rolled Black Coil,26AJ0433R0,25.035,2001,2.5,1110,0011000144,JSW Vijayanagar Metallics Limited,25347040,5000090063,4600000232,390,08-01-26,101,HRC,COIL,11513:2017,BIS,cr3,72083990,N,7.453,59353639,MATCHED
2000,R_HR_CO,Hot Rolled Black Coil,26AJ0434R0,25.385,2001,2,1235,0011000144,JSW Vijayanagar Metallics Limited,25346049,5000090064,4600000232,30,05-01-26,101,HRC,COIL,11513:2017,BIS,cr3,72083990,N,7.453,67498176,MATCHED
2000,R_HR>3MM_CO,Hot Rolled Black Coil 3mm & Above,26AJ0435R0,28,2001,3.6,1265,0011000144,JSW Vijayanagar Metallics Limited,26201881,5000090065,4600000232,130,05-01-26,101,HRC,COIL,11513:2017,BIS,cr3,72083890,N,7.453,31994655,MATCHED
2000,R_HR>3MM_CO,Hot Rolled Black Coil 3mm & Above,26AJ0436R0,27.935,2001,3,1190,0011000144,JSW Vijayanagar Metallics Limited,26202049,5000090066,4600000232,150,05-01-26,101,HRC,COIL,11513:2017,BIS,cr2,72083890,N,7.453,20061142,MATCHED
2000,R_HR_CO,Hot Rolled Black Coil,26AJ0437R0,23.01,2001,2.8,1190,0011000144,JSW Vijayanagar Metallics Limited,26201965,5000090070,4600000232,140,05-01-26,101,HRC,COIL,11513:2017,BIS,cr2,72083990,N,7.453,59383870,MATCHED
2000,R_HR>3MM_CO,Hot Rolled Black Coil 3mm & Above,26AJ0438R0,27.82,2001,3,1265,0011000144,JSW Vijayanagar Metallics Limited,25344048,5000090074,4600000226,120,30-12-25,101,HRC,COIL,11513:2017,BIS,cr3,72083890,N,7.453,44493343,MATCHED
2000,R_HR_CO,Hot Rolled Black Coil,26AJ0439R0,28.29,2001,2.2,1260,0011000144,JSW Vijayanagar Metallics Limited,25344063,5000090076,4600000228,40,03-01-26,101,HRC,COIL,11513:2017,BIS,cr3,72083990,N,7.453,74803984,MATCHED
2000,R_HR_CO,Hot Rolled Black Coil,26AJ0440R0,27.705,2001,2.5,1230,0011000144,JSW Vijayanagar Metallics Limited,25344244,5000090084,4600000229,60,03-01-26,101,HRC,COIL,11513:2017,BIS,cr3,72083990,N,7.453,58331896,MATCHED
2000,R_HR_CO,Hot Rolled Black Coil,26AJ0441R0,25.85,2001,2.2,1230,0011000144,JSW Vijayanagar Metallics Limited,25344175,5000090113,4600000226,20,30-12-25,101,HRC,COIL,11513:2017,BIS,cr3,72083990,N,7.453,96294758,MATCHED
2000,R_HR_CO,Hot Rolled Black Coil,26AJ0442R0,25.02,2001,2.5,1110,0011000144,JSW Vijayanagar Metallics Limited,25343330,5000090116,4600000226,40,30-12-25,101,HRC,COIL,11513:2017,BIS,cr3,72083990,N,7.453,85234706,MATCHED
2000,R_HR_CO,Hot Rolled Black Coil,26AJ0443R0,22.715,2001,2.2,1230,0011000144,JSW Vijayanagar Metallics Limited,25345945,5000090119,4600000228,30,03-01-26,101,HRC,COIL,11513:2017,BIS,cr3,72083990,N,7.453,50666245,MATCHED
2000,R_HR_CO,Hot Rolled Black Coil,26AJ0444R0,21.955,2001,2.2,1230,0011000144,JSW Vijayanagar Metallics Limited,25345942,5000090123,4600000228,30,03-01-26,101,HRC,COIL,11513:2017,BIS,cr3,72083990,N,7.453,54270819,MATCHED
2000,R_HR_CO,Hot Rolled Black Coil,26AJ0445R0,27.955,2001,2.5,1230,0011000144,JSW Vijayanagar Metallics Limited,25345344,5000090126,4600000229,60,03-01-26,101,HRC,COIL,11513:2017,BIS,cr3,72083990,N,7.453,84339368,MATCHED
2000,R_HR_CO,Hot Rolled Black Coil,26AJ0446R0,28.1,2001,2.5,1230,0011000144,JSW Vijayanagar Metallics Limited,25344172,5000090128,4600000229,60,03-01-26,101,HRC,COIL,11513:2017,BIS,cr3,72083990,N,7.453,43043480,MATCHED
2000,R_HR_CO,Hot Rolled Black Coil,26AJ0447R0,27.96,2001,2.2,1260,0011000144,JSW Vijayanagar Metallics Limited,25345436,5000090130,4600000232,380,08-01-26,101,HRC,COIL,11513:2017,BIS,cr3,72083990,N,7.453,48336564,MATCHED
2000,R_HR>3MM_CO,Hot Rolled Black Coil 3mm & Above,26AJ0448R0,27.695,2001,3.6,1265,0011000144,JSW Vijayanagar Metallics Limited,25343979,5000090131,4600000226,110,30-12-25,101,HRC,COIL,11513:2017,BIS,cr3,72083890,N,7.453,45972141,MATCHED
2000,R_HR>3MM_CO,Hot Rolled Black Coil 3mm & Above,26AJ0449R0,28.01,2001,3.6,1265,0011000144,JSW Vijayanagar Metallics Limited,26201762,5000090132,4600000232,80,05-01-26,101,HRC,COIL,11513:2017,BIS,cr3,72083890,N,7.453,74673996,MATCHED
2000,R_HR_CO,Hot Rolled Black Coil,26AJ0450R0,28.1,2001,2.5,1230,0011000144,JSW Vijayanagar Metallics Limited,26202040,5000090133,4600000232,50,05-01-26,101,HRC,COIL,11513:2017,BIS,cr3,72083990,N,7.453,12979388,MATCHED
2000,R_HR_CO,Hot Rolled Black Coil,26AJ0451R0,27.94,2001,2,1235,0011000144,JSW Vijayanagar Metallics Limited,26201808,5000090134,4600000232,30,05-01-26,101,HRC,COIL,11513:2017,BIS,cr3,72083990,N,7.453,98165122,MATCHED
2000,R_HR>3MM_CO,Hot Rolled Black Coil 3mm & Above,26AJ0452R0,28.045,2001,3.6,1265,0011000144,JSW Vijayanagar Metallics Limited,26202233,5000090135,4600000232,130,05-01-26,101,HRC,COIL,11513:2017,BIS,cr3,72083890,N,7.453,21042295,MATCHED
2000,R_HR_CO,Hot Rolled Black Coil,26AJ0453R0,27.92,2001,2,1235,0011000144,JSW Vijayanagar Metallics Limited,26201814,5000090136,4600000232,30,05-01-26,101,HRC,COIL,11513:2017,BIS,cr3,72083990,N,7.453,52167755,MATCHED
2000,R_HR_CO,Hot Rolled Black Coil,26AJ0454R0,27.93,2001,2.8,1190,0011000144,JSW Vijayanagar Metallics Limited,26201962,5000090137,4600000232,270,05-01-26,101,HRC,COIL,11513:2017,BIS,cr2,72083990,N,7.453,76359514,MATCHED
2000,R_HR_CO,Hot Rolled Black Coil,26AJ0455R0,28.015,2001,2.5,1230,0011000144,JSW Vijayanagar Metallics Limited,26201810,5000090138,4600000232,50,05-01-26,101,HRC,COIL,11513:2017,BIS,cr3,72083990,N,7.453,19005939,MATCHED
2000,R_HR>3MM_CO,Hot Rolled Black Coil 3mm & Above,26AJ0456R0,27.865,2001,3.6,1265,0011000144,JSW Vijayanagar Metallics Limited,26201764,5000090139,4600000232,80,05-01-26,101,HRC,COIL,11513:2017,BIS,cr3,72083890,N,7.453,38866932,MATCHED
2000,R_HR_CO,Hot Rolled Black Coil,26AJ0457R0,27.91,2001,2.5,1230,0011000144,JSW Vijayanagar Metallics Limited,26201809,5000090140,4600000232,50,05-01-26,101,HRC,COIL,11513:2017,BIS,cr3,72083990,N,7.453,59905010,MATCHED
2000,R_HR_CO,Hot Rolled Black Coil,26AJ0458R0,27.645,2001,2,1235,0011000144,JSW Vijayanagar Metallics Limited,26201932,5000090141,4600000232,30,05-01-26,101,HRC,COIL,11513:2017,BIS,cr3,72083990,N,7.453,33976743,MATCHED
2000,R_HR>3MM_CO,Hot Rolled Black Coil 3mm & Above,26AJ0459R0,27.96,2001,3.6,1265,0011000144,JSW Vijayanagar Metallics Limited,26201988,5000090142,4600000232,80,05-01-26,101,HRC,COIL,11513:2017,BIS,cr3,72083890,N,7.453,61662385,MATCHED
2000,R_HR_CO,Hot Rolled Black Coil,26AJ0460R0,26.01,2001,2.5,1230,0011000144,JSW Vijayanagar Metallics Limited,26202039,5000090144,4600000232,50,05-01-26,101,HRC,COIL,11513:2017,BIS,cr3,72083990,N,7.453,93712455,MATCHED
2000,R_HR>3MM_CO,Hot Rolled Black Coil 3mm & Above,26AJ0461R0,27.91,2001,3.6,1190,0011000144,JSW Vijayanagar Metallics Limited,26202164,5000090145,4600000232,160,05-01-26,101,HRC,COIL,11513:2017,BIS,cr2,72083890,N,7.453,57170390,MATCHED
2000,R_HR_CO,Hot Rolled Black Coil,26AJ0462R0,27.865,2001,2.8,1190,0011000144,JSW Vijayanagar Metallics Limited,25201958,5000090146,4600000232,270,05-01-26,101,HRC,COIL,11513:2017,BIS,cr2,72083990,N,7.453,63449290,MATCHED
2000,R_HR_CO,Hot Rolled Black Coil,26AJ0463R0,23.01,2001,2.8,1190,0011000144,JSW Vijayanagar Metallics Limited,26201961,5000090147,4600000232,270,05-01-26,101,HRC,COIL,11513:2017,BIS,cr2,72083990,N,7.453,56570183,MATCHED
2000,R_HR>3MM_CO,Hot Rolled Black Coil 3mm & Above,26AJ0464R0,27.85,2001,3.6,1190,0011000144,JSW Vijayanagar Metallics Limited,26201945,5000090148,4600000232,160,05-01-26,101,HRC,COIL,11513:2017,BIS,cr2,72083890,N,7.453,30688051,MATCHED
2000,R_HR_CO,Hot Rolled Black Coil,26AJ0465R0,27.945,2001,2,1235,0011000144,JSW Vijayanagar Metallics Limited,26201816,5000090149,4600000232,30,05-01-26,101,HRC,COIL,11513:2017,BIS,cr3,72083990,N,7.453,55314807,MATCHED
2000,R_HR>3MM_CO,Hot Rolled Black Coil 3mm & Above,26AJ0466R0,25.735,2001,3.6,1190,0011000144,JSW Vijayanagar Metallics Limited,26202060,5000090150,4600000232,160,05-01-26,101,HRC,COIL,11513:2017,BIS,cr2,72083890,N,7.453,93408326,MATCHED
2000,R_HR_CO,Hot Rolled Black Coil,26AJ0467R0,24.29,2001,2.2,1260,0011000144,JSW Vijayanagar Metallics Limited,26201774,5000090151,4600000232,380,08-01-26,101,HRC,COIL,11513:2017,BIS,cr3,72083990,N,7.453,79164936,MATCHED
2000,R_HR_CO,Hot Rolled Black Coil,26AJ0468R0,27.865,2001,2,1235,0011000144,JSW Vijayanagar Metallics Limited,26201815,5000090152,4600000232,30,05-01-26,101,HRC,COIL,11513:2017,BIS,cr3,72083990,N,7.453,73988138,MATCHED
2000,R_HR_CO,Hot Rolled Black Coil,26AJ0469R0,27.985,2001,2.5,1230,0011000144,JSW Vijayanagar Metallics Limited,26201772,5000090153,4600000232,50,05-01-26,101,HRC,COIL,11513:2017,BIS,cr3,72083990,N,7.453,93275780,MATCHED
2000,R_HR>3MM_CO,Hot Rolled Black Coil 3mm & Above,26AJ0470R0,27.975,2001,3,1190,0011000144,JSW Vijayanagar Metallics Limited,26201948,5000090154,4600000232,280,05-01-26,101,HRC,COIL,11513:2017,BIS,cr2,72083890,N,7.453,71325388,MATCHED
2000,R_HR_CO,Hot Rolled Black Coil,26AJ0471R0,26.93,2001,2,1265,0011000144,JSW Vijayanagar Metallics Limited,25343994,5000090155,4600000228,120,03-01-26,101,HRC,COIL,11513:2017,BIS,cr3,72083990,N,7.453,32684957,MATCHED
2000,R_HR>3MM_CO,Hot Rolled Black Coil 3mm & Above,26AJ0472R0,28.065,2001,3.6,1265,0011000144,JSW Vijayanagar Metallics Limited,25344165,5000090156,4600000226,110,30-12-25,101,HRC,COIL,11513:2017,BIS,cr3,72083890,N,7.453,96755120,MATCHED
2000,R_HR_CO,Hot Rolled Black Coil,26AJ0473R0,27.84,2001,2.8,1265,0011000144,JSW Vijayanagar Metallics Limited,25345422,5000090157,4600000228,90,03-01-26,101,HRC,COIL,11513:2017,BIS,cr3,72083990,N,7.453,50162762,MATCHED
2000,R_HR_CO,Hot Rolled Black Coil,26AJ0474R0,28.005,2001,2.5,1230,0011000144,JSW Vijayanagar Metallics Limited,26201817,5000090161,4600000232,50,05-01-26,101,HRC,COIL,11513:2017,BIS,cr3,72083990,N,7.453,76365353,MATCHED
2000,R_HR>3MM_CO,Hot Rolled Black Coil 3mm & Above,26AJ0475R0,28.335,2001,3.6,1265,0011000144,JSW Vijayanagar Metallics Limited,26201987,5000090162,4600000232,80,05-01-26,101,HRC,COIL,11513:2017,BIS,cr3,72083890,N,7.453,20687863,MATCHED
2000,R_HR>3MM_CO,Hot Rolled Black Coil 3mm & Above,26AJ0476R0,27.95,2001,3.6,1190,11000144,JVML-VJNR,26202048,5000090163,4600000232,160,11-01-26,101,HRC,COIL,11513:2017,BIS,HR3,72083990,N,7.453,22347303,MATCHED
2000,R_HR>3MM_CO,Hot Rolled Black Coil 3mm & Above,26AJ0477R0,27.795,2001,3.6,1190,0011000144,JSW Vijayanagar Metallics Limited,26202044,5000090164,4600000232,160,05-01-26,101,HRC,COIL,11513:2017,BIS,cr2,72083890,N,7.453,88665596,MATCHED
2000,R_HR_CO,Hot Rolled Black Coil,26AJ0478R0,28.015,2001,2.2,1230,0011000144,JSW Vijayanagar Metallics Limited,26201819,5000090166,4600000232,40,05-01-26,101,HRC,COIL,11513:2017,BIS,cr3,72083990,N,7.453,89600965,MATCHED
2000,R_HR>3MM_CO,Hot Rolled Black Coil 3mm & Above,26AJ0479R0,28.395,2001,3.6,1265,0011000144,JSW Vijayanagar Metallics Limited,26201986,5000090168,4600000232,80,05-01-26,101,HRC,COIL,11513:2017,BIS,cr3,72083890,N,7.453,51532819,MATCHED
2000,R_HR>3MM_CO,Hot Rolled Black Coil 3mm & Above,26AJ0480R0,27.825,2001,3.6,1190,0011000144,JSW Vijayanagar Metallics Limited,26202047,5000090169,4600000232,290,05-01-26,101,HRC,COIL,11513:2017,BIS,cr2,72083890,N,7.453,50234261,MATCHED
2000,R_HR>3MM_CO,Hot Rolled Black Coil 3mm & Above,26AJ0481R0,27.565,2001,3,1190,0011000144,JSW Vijayanagar Metallics Limited,26202051,5000090170,4600000232,280,05-01-26,101,HRC,COIL,11513:2017,BIS,cr2,72083890,N,7.453,46554875,MATCHED
2000,R_HR_CO,Hot Rolled Black Coil,26AJ0482R0,28.02,2001,2.5,1260,0011000144,JSW Vijayanagar Metallics Limited,25343990,5000090183,4600000226,60,30-12-25,101,HRC,COIL,11513:2017,BIS,cr3,72083990,N,7.453,92892420,MATCHED
2000,R_HR_CO,Hot Rolled Black Coil,26AJ0483R0,28.22,2001,2.5,1230,0011000144,JSW Vijayanagar Metallics Limited,25345346,5000090185,4600000229,60,03-01-26,101,HRC,COIL,11513:2017,BIS,cr3,72083990,N,7.453,92532715,MATCHED
2000,R_HR_CO,Hot Rolled Black Coil,26AJ0484R0,28.02,2001,2.2,1230,0011000144,JSW Vijayanagar Metallics Limited,25344250,5000090186,4600000228,30,03-01-26,101,HRC,COIL,11513:2017,BIS,cr3,72083990,N,7.453,80072117,MATCHED
2000,R_HR>3MM_CO,Hot Rolled Black Coil 3mm & Above,26AJ0485R0,28.195,2001,3.6,1265,0011000144,JSW Vijayanagar Metallics Limited,25344067,5000090187,4600000226,110,30-12-25,101,HRC,COIL,11513:2017,BIS,cr3,72083890,N,7.453,19346603,MATCHED
2000,R_HR_CO,Hot Rolled Black Coil,26AJ0486R0,27.86,2001,2,1235,0011000144,JSW Vijayanagar Metallics Limited,25346050,5000090188,4600000232,30,05-01-26,101,HRC,COIL,11513:2017,BIS,cr3,72083990,N,7.453,14627176,MATCHED
2000,R_HR>3MM_CO,Hot Rolled Black Coil 3mm & Above,26AJ0487R0,27.865,2001,3.6,1190,0011000144,JSW Vijayanagar Metallics Limited,26202045,5000090189,4600000232,290,05-01-26,101,HRC,COIL,11513:2017,BIS,cr2,72083890,N,7.453,17891291,MATCHED
2000,R_HR>3MM_CO,Hot Rolled Black Coil 3mm & Above,26AJ0488R0,27.835,2001,3,1190,0011000144,JSW Vijayanagar Metallics Limited,26202052,5000090190,4600000232,280,05-01-26,101,HRC,COIL,11513:2017,BIS,cr2,72083890,N,7.453,91035997,MATCHED
2000,R_HR>3MM_CO,Hot Rolled Black Coil 3mm & Above,26AJ0489R0,27.83,2001,3.6,1190,0011000144,JSW Vijayanagar Metallics Limited,26202061,5000090191,4600000232,290,05-01-26,101,HRC,COIL,11513:2017,BIS,cr2,72083890,N,7.453,33469936,MATCHED
2000,R_HR_CO,Hot Rolled Black Coil,26AJ0490R0,27.955,2001,2.8,1265,0011000144,JSW Vijayanagar Metallics Limited,26201759,5000090193,4600000232,60,05-01-26,101,HRC,COIL,11513:2017,BIS,cr3,72083990,N,7.453,48294254,MATCHED
2000,R_HR>3MM_CO,Hot Rolled Black Coil 3mm & Above,26AJ0491R0,27.955,2001,3,1190,0011000144,JSW Vijayanagar Metallics Limited,26202056,5000090194,4600000232,280,05-01-26,101,HRC,COIL,11513:2017,BIS,cr2,72083890,N,7.453,25703873,MATCHED
2000,R_HR>3MM_CO,Hot Rolled Black Coil 3mm & Above,26AJ0492R0,27.8,2001,3.6,1190,0011000144,JSW Vijayanagar Metallics Limited,26202162,5000090196,4600000232,290,05-01-26,101,HRC,COIL,11513:2017,BIS,cr2,72083890,N,7.453,33268975,MATCHED
2000,R_HR_CO,Hot Rolled Black Coil,26AJ0493R0,27.92,2001,2,1235,0011000144,JSW Vijayanagar Metallics Limited,26201813,5000090197,4600000232,30,05-01-26,101,HRC,COIL,11513:2017,BIS,cr3,72083990,N,7.453,19866335,MATCHED
2000,R_HR>3MM_CO,Hot Rolled Black Coil 3mm & Above,26AJ0494R0,28.07,2001,3.6,1265,0011000144,JSW Vijayanagar Metallics Limited,26201775,5000090199,4600000232,80,05-01-26,101,HRC,COIL,11513:2017,BIS,cr3,72083890,N,7.453,63929641,MATCHED
2000,R_HR_CO,Hot Rolled Black Coil,26AJ0495R0,27.82,2001,2.2,1230,0011000144,JSW Vijayanagar Metallics Limited,26201820,5000090201,4600000232,100,05-01-26,101,HRC,COIL,11513:2017,BIS,cr3,72083990,N,7.453,45501230,MATCHED
2000,R_HR>3MM_CO,Hot Rolled Black Coil 3mm & Above,26AJ0496R0,27.985,2001,3,1265,0011000144,JSW Vijayanagar Metallics Limited,26201770,5000090203,4600000232,120,05-01-26,101,HRC,COIL,11513:2017,BIS,cr3,72083890,N,7.453,43896259,MATCHED
2000,R_HR>3MM_CO,Hot Rolled Black Coil 3mm & Above,26AJ0497R0,27.875,2001,3.6,1265,0011000144,JSW Vijayanagar Metallics Limited,26201763,5000090204,4600000232,80,05-01-26,101,HRC,COIL,11513:2017,BIS,cr3,72083890,N,7.453,71554182,MATCHED
2000,R_HR>3MM_CO,Hot Rolled Black Coil 3mm & Above,26AJ0498R0,27.975,2001,3.6,1190,0011000144,JSW Vijayanagar Metallics Limited,26201947,5000090205,4600000232,290,05-01-26,101,HRC,COIL,11513:2017,BIS,cr2,72083890,N,7.453,81194527,MATCHED
2000,R_HR_CO,Hot Rolled Black Coil,26AJ0499R0,27.87,2001,2,1235,0011000144,JSW Vijayanagar Metallics Limited,26202038,5000090212,4600000232,30,05-01-26,101,HRC,COIL,11513:2017,BIS,cr3,72083990,N,7.453,99233969,MATCHED
2000,R_HR>3MM_CO,Hot Rolled Black Coil 3mm & Above,26AJ0500R0,24.29,2001,3,1190,0011000144,JSW Vijayanagar Metallics Limited,26201955,5000090213,4600000232,280,05-01-26,101,HRC,COIL,11513:2017,BIS,cr2,72083890,N,7.453,96904760,MATCHED
2000,R_HR_CO,Hot Rolled Black Coil,26AJ0501R0,28,2001,2.5,1230,0011000144,JSW Vijayanagar Metallics Limited,26201801,5000090214,4600000232,50,05-01-26,101,HRC,COIL,11513:2017,BIS,cr3,72083990,N,7.453,75338556,MATCHED
2000,R_HR_CO,Hot Rolled Black Coil,26AJ0502R0,27.99,2001,2,1235,0011000144,JSW Vijayanagar Metallics Limited,26201811,5000090215,4600000232,30,05-01-26,101,HRC,COIL,11513:2017,BIS,cr3,72083990,N,7.453,80840105,MATCHED
2000,R_HR>3MM_CO,Hot Rolled Black Coil 3mm & Above,26AJ0503R0,28.22,2001,3.6,1265,0011000144,JSW Vijayanagar Metallics Limited,26202229,5000090218,4600000232,80,05-01-26,101,HRC,COIL,11513:2017,BIS,cr3,72083890,N,7.453,21545770,MATCHED
2000,R_HR_CO,Hot Rolled Black Coil,26AJ0504R0,27.775,2001,2,1235,0011000144,JSW Vijayanagar Metallics Limited,26201935,5000090219,4600000232,30,05-01-26,101,HRC,COIL,11513:2017,BIS,cr3,72083990,N,7.453,16785603,MATCHED
2000,R_HR_CO,Hot Rolled Black Coil,26AJ0505R0,28.235,2001,2,1235,0011000144,JSW Vijayanagar Metallics Limited,26202037,5000090220,4600000232,30,05-01-26,101,HRC,COIL,11513:2017,BIS,cr3,72083990,N,7.453,29692953,MATCHED
2000,R_HR>3MM_CO,Hot Rolled Black Coil 3mm & Above,26AJ0506R0,27.835,2001,3.6,1190,0011000144,JSW Vijayanagar Metallics Limited,26202058,5000090221,4600000232,290,05-01-26,101,HRC,COIL,11513:2017,BIS,cr2,72083890,N,7.453,98876715,MATCHED
2000,R_HR_CO,Hot Rolled Black Coil,26AJ0507R0,27.815,2001,2,1235,0011000144,JSW Vijayanagar Metallics Limited,26201805,5000090222,4600000232,30,05-01-26,101,HRC,COIL,11513:2017,BIS,cr3,72083990,N,7.453,17110975,MATCHED
2000,R_HR_CO,Hot Rolled Black Coil,26AJ0508R0,23.035,2001,2.8,1190,0011000144,JSW Vijayanagar Metallics Limited,26201961,5000090224,4600000232,270,05-01-26,101,HRC,COIL,11513:2017,BIS,cr2,72083990,N,7.453,65072113,MATCHED
2000,R_HR>3MM_CO,Hot Rolled Black Coil 3mm & Above,26AJ0509R0,24.66,2001,3.6,1265,0011000144,JSW Vijayanagar Metallics Limited,26201767,5000090225,4600000232,260,05-01-26,101,HRC,COIL,11513:2017,BIS,cr3,72083890,N,7.453,14613475,MATCHED
2000,R_HR>3MM_CO,Hot Rolled Black Coil 3mm & Above,26AJ0510R0,24.35,2001,3.6,1190,0011000144,JSW Vijayanagar Metallics Limited,26201946,5000090226,4600000232,290,05-01-26,101,HRC,COIL,11513:2017,BIS,cr2,72083890,N,7.453,39736190,MATCHED
2000,R_HR_CO,Hot Rolled Black Coil,26AJ0511R0,27.795,2001,2.8,1190,0011000144,JSW Vijayanagar Metallics Limited,26201959,5000090227,4600000232,270,05-01-26,101,HRC,COIL,11513:2017,BIS,cr2,72083990,N,7.453,71785485,MATCHED
2000,R_HR>3MM_CO,Hot Rolled Black Coil 3mm & Above,26AJ0512R0,27.715,2001,3.6,1190,0011000144,JSW Vijayanagar Metallics Limited,26202063,5000090228,4600000232,290,05-01-26,101,HRC,COIL,11513:2017,BIS,cr2,72083890,N,7.453,10182930,MATCHED
2000,R_HR_CO,Hot Rolled Black Coil,26AJ0514R0,24.305,2001,2.2,1260,0011000144,JSW Vijayanagar Metallics Limited,26201773,5000090230,4600000232,380,08-01-26,101,HRC,COIL,11513:2017,BIS,cr3,72083990,N,7.453,50208105,MATCHED
2000,R_HR>3MM_CO,Hot Rolled Black Coil 3mm & Above,26AJ0516R0,27.99,2001,3,1190,0011000144,JSW Vijayanagar Metallics Limited,26202053,5000090232,4600000232,280,05-01-26,101,HRC,COIL,11513:2017,BIS,cr2,72083890,N,7.453,82840451,MATCHED
2000,R_HR_CO,Hot Rolled Black Coil,26AJ0517R0,27.705,2001,2.5,1230,0011000144,JSW Vijayanagar Metallics Limited,26201802,5000090233,4600000232,110,05-01-26,101,HRC,COIL,11513:2017,BIS,cr3,72083990,N,7.453,71074828,MATCHED
2000,R_HR>3MM_CO,Hot Rolled Black Coil 3mm & Above,26AJ0519R0,28.075,2001,3,1265,0011000144,JSW Vijayanagar Metallics Limited,26201771,5000090235,4600000232,70,05-01-26,101,HRC,COIL,11513:2017,BIS,cr3,72083890,N,7.453,55179961,MATCHED
2000,R_HR>3MM_CO,Hot Rolled Black Coil 3mm & Above,26AJ0521R0,27.805,2001,3.6,1265,0011000144,JSW Vijayanagar Metallics Limited,26201776,5000090237,4600000232,80,05-01-26,101,HRC,COIL,11513:2017,BIS,cr3,72083890,N,7.453,76497132,MATCHED
2000,R_HR>3MM_CO,Hot Rolled Black Coil 3mm & Above,26AJ0523R0,24.3,2001,3.6,1265,0011000144,JSW Vijayanagar Metallics Limited,26201765,5000090239,4600000232,80,05-01-26,101,HRC,COIL,11513:2017,BIS,cr3,72083890,N,7.453,35480972,MATCHED
2000,R_HR_CO,Hot Rolled Black Coil,26AJ0525R0,27.225,2001,2.2,1260,0011000144,JSW Vijayanagar Metallics Limited,25345582,5000090241,4600000228,40,03-01-26,101,HRC,COIL,11513:2017,BIS,cr3,72083990,N,7.453,43680358,MATCHED
2000,R_HR_CO,Hot Rolled Black Coil,26AJ0527R0,27.74,2001,2.5,1230,0011000144,JSW Vijayanagar Metallics Limited,25345597,5000090243,4600000226,50,30-12-25,101,HRC,COIL,11513:2017,BIS,cr3,72083990,N,7.453,19272009,MATCHED
2000,R_HR>3MM_CO,Hot Rolled Black Coil 3mm & Above,26AJ0528R0,27.84,2001,3,1190,0011000144,JSW Vijayanagar Metallics Limited,26201954,5000090248,4600000232,280,05-01-26,101,HRC,COIL,11513:2017,BIS,cr2,72083890,N,7.453,17963619,MATCHED
2000,R_HR>3MM_CO,Hot Rolled Black Coil 3mm & Above,26AJ0529R0,28.03,2001,3,1190,0011000144,JSW Vijayanagar Metallics Limited,26201950,5000090250,4600000232,280,05-01-26,101,HRC,COIL,11513:2017,BIS,cr2,72083890,N,7.453,63608809,MATCHED
2000,R_HR_CO,Hot Rolled Black Coil,26AJ0530R0,28.795,2001,2.2,1230,0011000144,JSW Vijayanagar Metallics Limited,25345601,5000090251,4600000228,30,03-01-26,101,HRC,COIL,11513:2017,BIS,cr3,72083990,N,7.453,36575782,MATCHED
2000,R_HR_CO,Hot Rolled Black Coil,26AJ0531R0,27.9,2001,2,1235,0011000144,JSW Vijayanagar Metallics Limited,25344180,5000090252,4600000228,110,03-01-26,101,HRC,COIL,11513:2017,BIS,cr3,72083990,N,7.453,83878235,MATCHED
2000,R_HR_CO,Hot Rolled Black Coil,26AJ0532R0,27.885,2001,2.5,1230,0011000144,JSW Vijayanagar Metallics Limited,25345472,5000090253,4600000226,50,30-12-25,101,HRC,COIL,11513:2017,BIS,cr3,72083990,N,7.453,30223816,MATCHED
2000,R_HR_CO,Hot Rolled Black Coil,26AJ0533R0,27.77,2001,2.5,1230,11000144,JVML-VJNR,25345479,5000090255,4600000226,50,12-01-26,101,HRC,COIL,11513:2017,BIS,HR3,72083990,N,7.453,38461467,MATCHED
2000,R_HR_CO,Hot Rolled Black Coil,26AJ0534R0,28.08,2001,2,1235,0011000144,JSW Vijayanagar Metallics Limited,25345604,5000090271,4600000232,10,07-01-26,101,HRC,COIL,11513:2017,BIS,cr3,72083990,N,7.453,33794948,MATCHED
2000,R_HR_CO,Hot Rolled Black Coil,26AJ0535R0,27.56,2001,2,1235,0011000144,JSW Vijayanagar Metallics Limited,25344271,5000090272,4600000232,10,07-01-26,101,HRC,COIL,11513:2017,BIS,cr3,72083990,N,7.453,12740155,MATCHED
2000,R_HR_CO,Hot Rolled Black Coil,26AJ0536R0,27.95,2001,2,1235,0011000144,JSW Vijayanagar Metallics Limited,25345605,5000090273,4600000232,10,07-01-26,101,HRC,COIL,11513:2017,BIS,cr3,72083990,N,7.453,39240896,MATCHED
2000,R_HR_CO,Hot Rolled Black Coil,26AJ0537R0,28.05,2001,2.5,1230,0011000144,JSW Vijayanagar Metallics Limited,25345592,5000090275,4600000229,60,03-01-26,101,HRC,COIL,11513:2017,BIS,cr3,72083990,N,7.453,21572334,MATCHED
2000,R_HR_CO,Hot Rolled Black Coil,26AJ0538R0,27.94,2001,2,1235,0011000144,JSW Vijayanagar Metallics Limited,25344262,5000090276,4600000228,110,03-01-26,101,HRC,COIL,11513:2017,BIS,cr3,72083990,N,7.453,88751444,MATCHED
2000,R_HR_CO,Hot Rolled Black Coil,26AJ0539R0,27.98,2001,2,1235,0011000144,JSW Vijayanagar Metallics Limited,25344364,5000090278,4600000228,110,03-01-26,101,HRC,COIL,11513:2017,BIS,cr3,72083990,N,7.453,76991768,MATCHED
2000,R_HR_CO,Hot Rolled Black Coil,26AJ0540R0,27.86,2001,2,1235,0011000144,JSW Vijayanagar Metallics Limited,25345603,5000090280,4600000232,10,07-01-26,101,HRC,COIL,11513:2017,BIS,cr3,72083990,N,7.453,18674618,MATCHED
2000,R_HR_CO,Hot Rolled Black Coil,26AJ0546R0,27.785,2001,2.2,1230,0011000144,JSW Vijayanagar Metallics Limited,26202270,5000090551,4600000232,100,05-01-26,101,HRC,COIL,11513:2017,BIS,cr3,72083990,N,7.453,14708302,MATCHED
2000,R_HR>3MM_CO,Hot Rolled Black Coil 3mm & Above,26AJ0547R0,27.865,2001,3.6,1265,0011000144,JSW Vijayanagar Metallics Limited,26202717,5000090552,4600000232,80,05-01-26,101,HRC,COIL,11513:2017,BIS,cr3,72083890,N,7.453,89956223,MATCHED
2000,R_HR>3MM_CO,Hot Rolled Black Coil 3mm & Above,26AJ0548R0,27.81,2001,3.6,1265,0011000144,JSW Vijayanagar Metallics Limited,26202715,5000090553,4600000232,80,05-01-26,101,HRC,COIL,11513:2017,BIS,cr3,72083890,N,7.453,23017512,MATCHED
2000,R_HR>3MM_CO,Hot Rolled Black Coil 3mm & Above,26AJ0549R0,27.455,2001,3.6,1265,0011000144,JSW Vijayanagar Metallics Limited,26204970,5000090554,4600000232,80,05-01-26,101,HRC,COIL,11513:2017,BIS,cr3,72083890,N,7.453,46817017,MATCHED
2000,R_HR>3MM_CO,Hot Rolled Black Coil 3mm & Above,26AJ0550R0,27.495,2001,3.6,1265,0011000144,JSW Vijayanagar Metallics Limited,26204974,5000090555,4600000232,80,05-01-26,101,HRC,COIL,11513:2017,BIS,cr3,72083890,N,7.453,17740315,MATCHED
2000,R_HR>3MM_CO,Hot Rolled Black Coil 3mm & Above,26AJ0551R0,28.225,2001,3.6,1265,0011000144,JSW Vijayanagar Metallics Limited,26202231,5000090556,4600000232,80,05-01-26,101,HRC,COIL,11513:2017,BIS,cr3,72083890,N,7.453,41830104,MATCHED
2000,R_HR>3MM_CO,Hot Rolled Black Coil 3mm & Above,26AJ0552R0,27.49,2001,3.6,1265,0011000144,JSW Vijayanagar Metallics Limited,26204973,5000090557,4600000232,80,05-01-26,101,HRC,COIL,11513:2017,BIS,cr3,72083890,N,7.453,82738757,MATCHED
2000,R_HR_CO,Hot Rolled Black Coil,26AJ0553R0,28.465,2001,2.8,1265,0011000144,JSW Vijayanagar Metallics Limited,26203073,5000090558,4600000232,60,05-01-26,101,HRC,COIL,11513:2017,BIS,cr3,72083990,N,7.453,70392439,MATCHED
2000,R_HR>3MM_CO,Hot Rolled Black Coil 3mm & Above,26AJ0554R0,23.13,2001,3.6,1265,0011000144,JSW Vijayanagar Metallics Limited,26202230,5000090559,4600000232,260,05-01-26,101,HRC,COIL,11513:2017,BIS,cr3,72083890,N,7.453,47304430,MATCHED
2000,R_HR>3MM_CO,Hot Rolled Black Coil 3mm & Above,26AJ0555R0,28.055,2001,3.6,1265,0011000144,JSW Vijayanagar Metallics Limited,26202719,5000090560,4600000232,260,05-01-26,101,HRC,COIL,11513:2017,BIS,cr3,72083890,N,7.453,24105669,MATCHED
2000,R_HR>3MM_CO,Hot Rolled Black Coil 3mm & Above,26AJ0556R0,28.415,2001,3.6,1265,0011000144,JSW Vijayanagar Metallics Limited,26202762,5000090561,4600000232,260,05-01-26,101,HRC,COIL,11513:2017,BIS,cr3,72083890,N,7.453,54715223,MATCHED
2000,R_HR>3MM_CO,Hot Rolled Black Coil 3mm & Above,26AJ0557R0,27.535,2001,3.6,1265,0011000144,JSW Vijayanagar Metallics Limited,26204972,5000090562,4600000232,260,05-01-26,101,HRC,COIL,11513:2017,BIS,cr3,72083890,N,7.453,93067113,MATCHED
2000,R_HR>3MM_CO,Hot Rolled Black Coil 3mm & Above,26AJ0558R0,27.55,2001,3,1265,0011000144,JSW Vijayanagar Metallics Limited,26204976,5000090563,4600000234,10,08-01-26,101,HRC,COIL,11513:2017,BIS,cr3,72083890,N,7.453,27029638,MATCHED
2000,R_HR>3MM_CO,Hot Rolled Black Coil 3mm & Above,26AJ0559R0,24.89,2001,3,1265,0011000144,JSW Vijayanagar Metallics Limited,26204978,5000090564,4600000234,10,08-01-26,101,HRC,COIL,11513:2017,BIS,cr3,72083890,N,7.453,26159884,MATCHED
2000,R_HR>3MM_CO,Hot Rolled Black Coil 3mm & Above,26AJ0560R0,27.79,2001,3,1265,0011000144,JSW Vijayanagar Metallics Limited,26202933,5000090565,4600000234,10,08-01-26,101,HRC,COIL,11513:2017,BIS,cr3,72083890,N,7.453,26326142,MATCHED
2000,R_HR>3MM_CO,Hot Rolled Black Coil 3mm & Above,26AJ0561R0,28.38,2001,3,1265,0011000144,JSW Vijayanagar Metallics Limited,26201756,5000090566,4600000234,10,08-01-26,101,HRC,COIL,11513:2017,BIS,cr3,72083890,N,7.453,43526156,MATCHED
2000,R_HR>3MM_CO,Hot Rolled Black Coil 3mm & Above,26AJ0562R0,25.23,2001,3,1265,0011000144,JSW Vijayanagar Metallics Limited,26205074,5000090567,4600000234,10,08-01-26,101,HRC,COIL,11513:2017,BIS,cr3,72083890,N,7.453,70433866,MATCHED
2000,R_HR>3MM_CO,Hot Rolled Black Coil 3mm & Above,26AJ0563R0,25.905,2001,3,1265,0011000144,JSW Vijayanagar Metallics Limited,26202938,5000090568,4600000234,10,08-01-26,101,HRC,COIL,11513:2017,BIS,cr3,72083890,N,7.453,83153507,MATCHED
2000,R_HR>3MM_CO,Hot Rolled Black Coil 3mm & Above,26AJ0564R0,27.51,2001,3,1265,0011000144,JSW Vijayanagar Metallics Limited,26204977,5000090569,4600000234,10,08-01-26,101,HRC,COIL,11513:2017,BIS,cr3,72083890,N,7.453,94150143,MATCHED
2000,R_HR_CO,Hot Rolled Black Coil,26AJ0565R0,27.275,RC01,2.5,1230,0011000144,JSW Vijayanagar Metallics Limited,26205195,5000090570,4600000232,50,05-01-26,101,HRC,COIL,11513:2017,BIS,cr3,72083990,N,7.453,57246801,MATCHED
2000,R_HR_CO,Hot Rolled Black Coil,26AJ0566R0,27.57,2001,2,1235,0011000144,JSW Vijayanagar Metallics Limited,26204987,5000090571,4600000232,90,05-01-26,101,HRC,COIL,11513:2017,BIS,cr3,72083990,N,7.453,16910718,MATCHED
2000,R_HR_CO,Hot Rolled Black Coil,26AJ0567R0,27.26,RC01,2.5,1230,0011000144,JSW Vijayanagar Metallics Limited,26205190,5000090572,4600000232,50,05-01-26,101,HRC,COIL,11513:2017,BIS,cr3,72083990,N,7.453,14112514,MATCHED
2000,R_HR_CO,Hot Rolled Black Coil,26AJ0568R0,27.475,2001,2.5,1230,0011000144,JSW Vijayanagar Metallics Limited,26204991,5000090573,4600000232,50,05-01-26,101,HRC,COIL,11513:2017,BIS,cr3,72083990,N,7.453,50717966,MATCHED
2000,R_HR_CO,Hot Rolled Black Coil,26AJ0569R0,22.47,2001,2,1235,0011000139,JSW Steel Limited,26001922,5000090623,4600000235,20,13-01-26,101,HRC,COIL,11513:2017,BIS,cr3,72083990,N,7.453,31576825,MATCHED
2000,R_HR_CO,Hot Rolled Black Coil,26AJ0570R0,22.275,2001,2,1235,0011000139,JSW Steel Limited,26001924,5000090628,4600000235,20,13-01-26,101,HRC,COIL,11513:2017,BIS,cr3,72083990,N,7.453,47114374,MATCHED
2000,R_HR_CO,Hot Rolled Black Coil,26AJ0571R0,22.39,2001,2,1235,0011000139,JSW Steel Limited,26001919,5000090631,4600000235,20,13-01-26,101,HRC,COIL,11513:2017,BIS,cr3,72083990,N,7.453,17940315,MATCHED
2000,R_HR_CO,Hot Rolled Black Coil,26AJ0572R0,27.55,RC01,2.5,1230,0011000144,JSW Vijayanagar Metallics Limited,26205079,5000090634,4600000232,50,05-01-26,101,HRC,COIL,11513:2017,BIS,cr3,72083990,N,7.453,87089993,MATCHED
2000,R_HR_CO,Hot Rolled Black Coil,26AJ0573R0,16.685,2001,2.5,915,0011000139,JSW Steel Limited,25134738,5000090635,4600000235,10,13-01-26,101,HRC,COIL,11513:2017,BIS,cr3,72083990,N,7.453,92994310,MATCHED
2000,R_HR_CO,Hot Rolled Black Coil,26AJ0574R0,16.66,2001,2.5,915,0011000139,JSW Steel Limited,25134733,5000090636,4600000235,10,13-01-26,101,HRC,COIL,11513:2017,BIS,cr3,72083990,N,7.453,91570764,MATCHED
2000,R_HR_CO,Hot Rolled Black Coil,26AJ0575R0,27.27,2001,2.5,1230,0011000144,JSW Vijayanagar Metallics Limited,26205207,5000090637,4600000232,50,05-01-26,101,HRC,COIL,11513:2017,BIS,cr3,72083990,N,7.453,35593974,MATCHED
2000,R_HR_CO,Hot Rolled Black Coil,26AJ0576R0,27.51,RC01,2,1235,0011000144,JSW Vijayanagar Metallics Limited,26204982,5000090638,4600000232,90,05-01-26,101,HRC,COIL,11513:2017,BIS,cr3,72083990,N,7.453,74193617,MATCHED
2000,R_HR_CO,Hot Rolled Black Coil,26AJ0577R0,25.24,2001,2.5,1230,0011000144,JSW Vijayanagar Metallics Limited,26205076,5000090639,4600000232,50,05-01-26,101,HRC,COIL,11513:2017,BIS,cr3,72083990,N,7.453,79438840,MATCHED
2000,R_HR_CO,Hot Rolled Black Coil,26AJ0578R0,27.535,2001,2.5,1230,0011000144,JSW Vijayanagar Metallics Limited,26205078,5000090640,4600000232,50,05-01-26,101,HRC,COIL,11513:2017,BIS,cr3,72083990,N,7.453,89348057,MATCHED
2000,R_HR_CO,Hot Rolled Black Coil,26AJ0579R0,27.195,2001,2.5,1230,0011000144,JSW Vijayanagar Metallics Limited,26205204,5000090641,4600000232,50,05-01-26,101,HRC,COIL,11513:2017,BIS,cr3,72083990,N,7.453,16596281,MATCHED
2000,R_HR_CO,Hot Rolled Black Coil,26AJ0580R0,27.505,2001,2,1235,0011000144,JSW Vijayanagar Metallics Limited,26204989,5000090642,4600000232,90,05-01-26,101,HRC,COIL,11513:2017,BIS,cr3,72083990,N,7.453,20967154,MATCHED
2000,R_HR_CO,Hot Rolled Black Coil,26AJ0581R0,22.3,2001,2.2,1235,0011000139,JSW Steel Limited,26001672,5000090643,4600000235,30,13-01-26,101,HRC,COIL,11513:2017,BIS,cr3,72083990,N,7.453,29077610,MATCHED
2000,R_HR_CO,Hot Rolled Black Coil,26AJ0582R0,27.42,2001,2.5,1230,0011000144,JSW Vijayanagar Metallics Limited,26204990,5000090644,4600000232,50,05-01-26,101,HRC,COIL,11513:2017,BIS,cr3,72083990,N,7.453,19027570,MATCHED
2000,R_HR_CO,Hot Rolled Black Coil,26AJ0583R0,27.63,RC01,2.5,1230,0011000144,JSW Vijayanagar Metallics Limited,26205077,5000090645,4600000232,50,05-01-26,101,HRC,COIL,11513:2017,BIS,cr3,72083990,N,7.453,42431359,MATCHED
2000,R_HR>3MM_CO,Hot Rolled Black Coil 3mm & Above,26AJ0584R0,27.695,2001,3,1265,0011000144,JSW Vijayanagar Metallics Limited,26205069,5000090648,4600000232,70,05-01-26,101,HRC,COIL,11513:2017,BIS,cr3,72083890,N,7.453,47497093,MATCHED
2000,R_HR>3MM_CO,Hot Rolled Black Coil 3mm & Above,26AJ0585R0,27.875,2001,3.6,1265,0011000144,JSW Vijayanagar Metallics Limited,26202716,5000090649,4600000232,130,05-01-26,101,HRC,COIL,11513:2017,BIS,cr3,72083890,N,7.453,23041426,MATCHED
2000,R_HR_CO,Hot Rolled Black Coil,26AJ0586R0,16.37,2001,2.5,915,0011000139,JSW Steel Limited,25134741,5000090650,4600000235,10,13-01-26,101,HRC,COIL,11513:2017,BIS,cr3,72083990,N,7.453,31170397,MATCHED
2000,R_HR>3MM_CO,Hot Rolled Black Coil 3mm & Above,26AJ0587R0,27.82,2001,3.6,1265,0011000144,JSW Vijayanagar Metallics Limited,26202723,5000090651,4600000232,130,05-01-26,101,HRC,COIL,11513:2017,BIS,cr3,72083890,N,7.453,82682633,MATCHED
2000,R_HR>3MM_CO,Hot Rolled Black Coil 3mm & Above,26AJ0588R0,25.08,2001,3,1265,0011000144,JSW Vijayanagar Metallics Limited,26205070,5000090652,4600000232,70,05-01-26,101,HRC,COIL,11513:2017,BIS,cr3,72083890,N,7.453,69610611,MATCHED
2000,R_HR_CO,Hot Rolled Black Coil,26AJ0589R0,15.79,2001,2.5,915,0011000139,JSW Steel Limited,25135514,5000090653,4600000235,10,13-01-26,101,HRC,COIL,11513:2017,BIS,cr3,72083990,N,7.453,91787171,MATCHED
2000,R_HR>3MM_CO,Hot Rolled Black Coil 3mm & Above,26AJ0590R0,27.09,2001,3,1265,0011000144,JSW Vijayanagar Metallics Limited,26202936,5000090654,4600000232,70,05-01-26,101,HRC,COIL,11513:2017,BIS,cr3,72083890,N,7.453,98783495,MATCHED
2000,R_HR_CO,Hot Rolled Black Coil,26AJ0591R0,27.53,2001,2,1235,0011000144,JSW Vijayanagar Metallics Limited,26205083,5000090655,4600000232,90,05-01-26,101,HRC,COIL,11513:2017,BIS,cr3,72083990,N,7.453,14594575,MATCHED
2000,R_HR_CO,Hot Rolled Black Coil,26AJ0592R0,16.71,2001,2.5,915,0011000139,JSW Steel Limited,25134732,5000090656,4600000235,10,13-01-26,101,HRC,COIL,11513:2017,BIS,cr3,72083990,N,7.453,53719172,MATCHED
2000,R_HR_CO,Hot Rolled Black Coil,26AJ0593R0,16.57,2001,2.5,915,0011000139,JSW Steel Limited,25135578,5000090657,4600000235,10,13-01-26,101,HRC,COIL,11513:2017,BIS,cr3,72083990,N,7.453,49625636,MATCHED
2000,R_HR_CO,Hot Rolled Black Coil,26AJ0594R0,25.54,RC01,2,1235,0011000144,JSW Vijayanagar Metallics Limited,26204983,5000090658,4600000232,30,05-01-26,101,HRC,COIL,11513:2017,BIS,cr3,72083990,N,7.453,56680045,MATCHED
2000,R_HR>3MM_CO,Hot Rolled Black Coil 3mm & Above,26AJ0595R0,28.665,2001,3.6,1265,0011000144,JSW Vijayanagar Metallics Limited,26202765,5000090659,4600000232,130,05-01-26,101,HRC,COIL,11513:2017,BIS,cr3,72083890,N,7.453,21873064,MATCHED
2000,R_HR_CO,Hot Rolled Black Coil,26AJ0596R0,27.155,RC01,2.5,1230,0011000144,JSW Vijayanagar Metallics Limited,26205188,5000090662,4600000232,50,05-01-26,101,HRC,COIL,11513:2017,BIS,cr3,72083990,N,7.453,90828239,MATCHED
2000,R_HR>3MM_CO,Hot Rolled Black Coil 3mm & Above,26AJ0597R0,28.09,2001,3.6,1265,0011000144,JSW Vijayanagar Metallics Limited,26202718,5000090660,4600000232,130,05-01-26,101,HRC,COIL,11513:2017,BIS,cr3,72083890,N,7.453,52573854,MATCHED
2000,R_HR>3MM_CO,Hot Rolled Black Coil 3mm & Above,26AJ0598R0,27.635,2001,3.6,1265,0011000144,JSW Vijayanagar Metallics Limited,26205067,5000090661,4600000232,130,05-01-26,101,HRC,COIL,11513:2017,BIS,cr3,72083890,N,7.453,41213269,MATCHED
2000,R_HR>3MM_CO,Hot Rolled Black Coil 3mm & Above,26AJ0599R0,27.67,2001,3,1265,0011000144,JSW Vijayanagar Metallics Limited,26205072,5000090663,4600000232,70,05-01-26,101,HRC,COIL,11513:2017,BIS,cr3,72083890,N,7.453,44702298,MATCHED
2000,R_HR_CO,Hot Rolled Black Coil,26AJ0600R0,27.51,2001,2,1235,0011000144,JSW Vijayanagar Metallics Limited,26204986,5000090664,4600000232,30,05-01-26,101,HRC,COIL,11513:2017,BIS,cr3,72083990,N,7.453,10041342,MATCHED
2000,R_HR>3MM_CO,Hot Rolled Black Coil 3mm & Above,26AJ0601R0,23.21,2001,3.6,1265,0011000144,JSW Vijayanagar Metallics Limited,26205175,5000090665,4600000232,130,05-01-26,101,HRC,COIL,11513:2017,BIS,cr3,72083890,N,7.453,38786938,MATCHED
2000,R_HR_CO,Hot Rolled Black Coil,26AJ0602R0,27.175,2001,2.5,1230,0011000144,JSW Vijayanagar Metallics Limited,26205179,5000090666,4600000232,50,05-01-26,101,HRC,COIL,11513:2017,BIS,cr3,72083990,N,7.453,29258429,MATCHED
2000,R_HR>3MM_CO,Hot Rolled Black Coil 3mm & Above,26AJ0603R0,27.74,2001,3,1265,0011000144,JSW Vijayanagar Metallics Limited,26202941,5000090667,4600000232,70,05-01-26,101,HRC,COIL,11513:2017,BIS,cr3,72083890,N,7.453,91151128,MATCHED
2000,R_HR_CO,Hot Rolled Black Coil,26AJ0604R0,27.19,RC01,2.5,1230,0011000144,JSW Vijayanagar Metallics Limited,26205193,5000090668,4600000232,50,05-01-26,101,HRC,COIL,11513:2017,BIS,cr3,72083990,N,7.453,67821411,MATCHED
2000,R_HR>3MM_CO,Hot Rolled Black Coil 3mm & Above,26AJ0605R0,22.835,2001,3,1190,0011000144,JSW Vijayanagar Metallics Limited,26202165,5000090669,4600000232,280,05-01-26,101,HRC,COIL,11513:2017,BIS,cr2,72083890,N,7.453,24271200,MATCHED
2000,R_HR_CO,Hot Rolled Black Coil,26AJ0606R0,27.36,2001,2.5,1230,0011000144,JSW Vijayanagar Metallics Limited,26204992,5000090670,4600000232,50,05-01-26,101,HRC,COIL,11513:2017,BIS,cr3,72083990,N,7.453,87295971,MATCHED
2000,R_HR_CO,Hot Rolled Black Coil,26AJ0607R0,27.405,2001,2.5,1230,0011000144,JSW Vijayanagar Metallics Limited,26204993,5000090671,4600000232,50,05-01-26,101,HRC,COIL,11513:2017,BIS,cr3,72083990,N,7.453,26758216,MATCHED
2000,R_HR_CO,Hot Rolled Black Coil,26AJ0608R0,27.36,2001,2.5,1230,0011000144,JSW Vijayanagar Metallics Limited,26205178,5000090672,4600000232,50,05-01-26,101,HRC,COIL,11513:2017,BIS,cr3,72083990,N,7.453,71710326,MATCHED
2000,R_HR>3MM_CO,Hot Rolled Black Coil 3mm & Above,26AJ0609R0,25.675,2001,3.6,1265,0011000144,JSW Vijayanagar Metallics Limited,26205065,5000090673,4600000232,130,05-01-26,101,HRC,COIL,11513:2017,BIS,cr3,72083890,N,7.453,20405033,MATCHED
2000,R_HR>3MM_CO,Hot Rolled Black Coil 3mm & Above,26AJ0610R0,25.075,2001,3,1265,0011000144,JSW Vijayanagar Metallics Limited,26205073,5000090674,4600000232,70,05-01-26,101,HRC,COIL,11513:2017,BIS,cr3,72083890,N,7.453,10875798,MATCHED
2000,R_HR>3MM_CO,Hot Rolled Black Coil 3mm & Above,26AJ0611R0,27.66,2001,3,1265,11000144,JVML-VJNR,26205071,5000090675,4600000232,160,12-01-26,250,HRC,COIL,11513:2017,BIS,HR3,72083990,N,7.453,66194704,MATCHED
2000,R_HR>3MM_CO,Hot Rolled Black Coil 3mm & Above,26AJ0612R0,24.92,2001,3,1265,0011000144,JSW Vijayanagar Metallics Limited,26204979,5000090676,4600000232,250,05-01-26,101,HRC,COIL,11513:2017,BIS,cr3,72083890,N,7.453,66337784,MATCHED
2000,R_HR>3MM_CO,Hot Rolled Black Coil 3mm & Above,26AJ0613R0,28.925,2001,3.6,1265,0011000144,JSW Vijayanagar Metallics Limited,26202763,5000090677,4600000232,130,05-01-26,101,HRC,COIL,11513:2017,BIS,cr3,72083890,N,7.453,95602620,MATCHED
2000,R_HR>3MM_CO,Hot Rolled Black Coil 3mm & Above,26AJ0614R0,26.865,2001,3,1265,0011000144,JSW Vijayanagar Metallics Limited,26202937,5000090678,4600000232,70,05-01-26,101,HRC,COIL,11513:2017,BIS,cr3,72083890,N,7.453,75606543,MATCHED
2000,R_HR_CO,Hot Rolled Black Coil,26AJ0615R0,27.87,2001,2.2,1230,0011000144,JSW Vijayanagar Metallics Limited,26202272,5000090679,4600000232,100,05-01-26,101,HRC,COIL,11513:2017,BIS,cr3,72083990,N,7.453,22045894,MATCHED
2000,R_HR>3MM_CO,Hot Rolled Black Coil 3mm & Above,26AJ0616R0,27.32,2001,3.6,1265,0011000144,JSW Vijayanagar Metallics Limited,26205247,5000090680,4600000232,130,05-01-26,101,HRC,COIL,11513:2017,BIS,cr3,72083890,N,7.453,40630825,MATCHED
2000,R_HR_CO,Hot Rolled Black Coil,26AJ0617R0,16.715,2001,2.5,915,0011000139,JSW Steel Limited,25134734,5000090681,4600000235,10,13-01-26,101,HRC,COIL,11513:2017,BIS,cr3,72083990,N,7.453,96008283,MATCHED
2000,R_HR_CO,Hot Rolled Black Coil,26AJ0618R0,16.36,2001,2.5,915,0011000139,JSW Steel Limited,25134737,5000090682,4600000235,10,13-01-26,101,HRC,COIL,11513:2017,BIS,cr3,72083990,N,7.453,65251822,MATCHED
2000,R_HR_CO,Hot Rolled Black Coil,26AJ0619R0,15.16,2001,2.5,915,0011000139,JSW Steel Limited,25135118,5000090683,4600000235,10,13-01-26,101,HRC,COIL,11513:2017,BIS,cr3,72083990,N,7.453,63221284,MATCHED
2000,R_HR_CO,Hot Rolled Black Coil,26AJ0620R0,16.69,2001,2.5,915,0011000139,JSW Steel Limited,25134739,5000090684,4600000235,10,13-01-26,101,HRC,COIL,11513:2017,BIS,cr3,72083990,N,7.453,87389721,MATCHED
2000,R_HR_CO,Hot Rolled Black Coil,26AJ0621R0,22.49,2001,2,1235,0011000139,JSW Steel Limited,26001920,5000090685,4600000235,20,13-01-26,101,HRC,COIL,11513:2017,BIS,cr3,72083990,N,7.453,52458024,MATCHED
2000,R_HR_CO,Hot Rolled Black Coil,26AJ0622R0,22.455,2001,2,1235,0011000139,JSW Steel Limited,26001923,5000090686,4600000235,20,13-01-26,101,HRC,COIL,11513:2017,BIS,cr3,72083990,N,7.453,21458799,MATCHED
2000,R_HR_CO,Hot Rolled Black Coil,26AJ0623R0,27.33,2001,2.5,1230,0011000144,JSW Vijayanagar Metallics Limited,26205200,5000090710,4600000232,50,05-01-26,101,HRC,COIL,11513:2017,BIS,cr3,72083990,N,7.453,87992855,MATCHED
2000,R_HR>3MM_CO,Hot Rolled Black Coil 3mm & Above,26AJ0624R0,28.95,2001,3.6,1265,0011000144,JSW Vijayanagar Metallics Limited,26202721,5000090712,4600000232,130,05-01-26,101,HRC,COIL,11513:2017,BIS,cr3,72083890,N,7.453,93053123,MATCHED
2000,R_HR>3MM_CO,Hot Rolled Black Coil 3mm & Above,26AJ0625R0,27.445,2001,3.6,1230,0011000144,JSW Vijayanagar Metallics Limited,26206786,5000090711,4600000232,190,05-01-26,101,HRC,COIL,11513:2017,BIS,cr2,72083890,N,7.453,18132941,MATCHED
2000,R_HR>3MM_CO,Hot Rolled Black Coil 3mm & Above,26AJ0626R0,27.325,2001,3,1265,0011000144,JSW Vijayanagar Metallics Limited,26205693,5000090713,4600000234,10,08-01-26,101,HRC,COIL,11513:2017,BIS,cr3,72083890,N,7.453,87239568,MATCHED
2000,R_HR_CO,Hot Rolled Black Coil,26AJ0627R0,22.295,2001,2.2,1235,0011000139,JSW Steel Limited,26001960,5000090714,4600000235,30,13-01-26,101,HRC,COIL,11513:2017,BIS,cr3,72083990,N,7.453,33994504,MATCHED
2000,R_HR_CO,Hot Rolled Black Coil,26AJ0628R0,22.495,RC01,2,1235,0011000139,JSW Steel Limited,26001916,5000090715,4600000235,20,13-01-26,101,HRC,COIL,11513:2017,BIS,cr3,72083990,N,7.453,42874364,MATCHED
2000,R_HR_CO,Hot Rolled Black Coil,26AJ0629R0,27.39,2001,2,1235,0011000144,JSW Vijayanagar Metallics Limited,26205097,5000090716,4600000232,90,05-01-26,101,HRC,COIL,11513:2017,BIS,cr3,72083990,N,7.453,29226194,MATCHED
2000,R_HR_CO,Hot Rolled Black Coil,26AJ0630R0,27.335,2001,2,1235,0011000144,JSW Vijayanagar Metallics Limited,26204981,5000090717,4600000232,90,05-01-26,101,HRC,COIL,11513:2017,BIS,cr3,72083990,N,7.453,39291804,MATCHED
2000,R_HR_CO,Hot Rolled Black Coil,26AJ0631R0,21.42,2001,2,1080,0011000144,JSW Vijayanagar Metallics Limited,26205634,5000090718,4600000232,220,05-01-26,101,HRC,COIL,11513:2017,BIS,cr3,72083990,N,7.453,37427511,MATCHED
2000,R_HR_CO,Hot Rolled Black Coil,26AJ0632R0,15.29,2001,2.5,915,0011000139,JSW Steel Limited,25135053,5000090719,4600000235,10,13-01-26,101,HRC,COIL,11513:2017,BIS,cr3,72083990,N,7.453,43676061,MATCHED
2000,R_HR_CO,Hot Rolled Black Coil,26AJ0633R0,16.66,2001,2.5,915,0011000139,JSW Steel Limited,25134729,5000090720,4600000235,10,13-01-26,101,HRC,COIL,11513:2017,BIS,cr3,72083990,N,7.453,89586650,MATCHED
2000,R_HR_CO,Hot Rolled Black Coil,26AJ0634R0,25.57,2001,2.5,1230,0011000144,JSW Vijayanagar Metallics Limited,26205081,5000090721,4600000232,50,05-01-26,101,HRC,COIL,11513:2017,BIS,cr3,72083990,N,7.453,12658024,MATCHED
2000,R_HR>3MM_CO,Hot Rolled Black Coil 3mm & Above,26AJ0635R0,25.685,2001,3.6,1265,0011000144,JSW Vijayanagar Metallics Limited,26205064,5000090722,4600000232,130,05-01-26,101,HRC,COIL,11513:2017,BIS,cr3,72083890,N,7.453,77124031,MATCHED
2000,R_HR_CO,Hot Rolled Black Coil,26AJ0636R0,25.37,2001,2.5,1230,0011000144,JSW Vijayanagar Metallics Limited,26206217,5000090723,4600000232,50,05-01-26,101,HRC,COIL,11513:2017,BIS,cr3,72083990,N,7.453,15938779,MATCHED
2000,R_HR_CO,Hot Rolled Black Coil,26AJ0637R0,27.17,2001,2.8,1260,0011000144,JSW Vijayanagar Metallics Limited,26206470,5000090724,4600000232,210,05-01-26,101,HRC,COIL,11513:2017,BIS,cr2,72083990,N,7.453,67147906,MATCHED
2000,R_HR_CO,Hot Rolled Black Coil,26AJ0638R0,21.49,2001,2,1080,0011000144,JSW Vijayanagar Metallics Limited,26205636,5000090725,4600000232,220,05-01-26,101,HRC,COIL,11513:2017,BIS,cr3,72083990,N,7.453,55501941,MATCHED
2000,R_HR_CO,Hot Rolled Black Coil,26AJ0639R0,26.795,RC01,2.5,1230,0011000144,JSW Vijayanagar Metallics Limited,26205254,5000090726,4600000232,50,05-01-26,101,HRC,COIL,11513:2017,BIS,cr3,72083990,N,7.453,72096479,MATCHED
2000,R_HR>3MM_CO,Hot Rolled Black Coil 3mm & Above,26AJ0640R0,27.595,2001,3.6,1230,0011000144,JSW Vijayanagar Metallics Limited,26206687,5000090727,4600000232,190,05-01-26,101,HRC,COIL,11513:2017,BIS,cr2,72083890,N,7.453,41484149,MATCHED
2000,R_HR>3MM_CO,Hot Rolled Black Coil 3mm & Above,26AJ0641R0,25.99,2001,3,1265,0011000144,JSW Vijayanagar Metallics Limited,26205695,5000090728,4600000234,10,08-01-26,101,HRC,COIL,11513:2017,BIS,cr3,72083890,N,7.453,27822989,MATCHED
2000,R_HR>3MM_CO,Hot Rolled Black Coil 3mm & Above,26AJ0642R0,26.685,2001,3,1265,0011000144,JSW Vijayanagar Metallics Limited,26202940,5000090729,4600000234,10,08-01-26,101,HRC,COIL,11513:2017,BIS,cr3,72083890,N,7.453,32531987,MATCHED
2000,R_HR_CO,Hot Rolled Black Coil,26AJ0643R0,27.365,2001,2,1235,0011000144,JSW Vijayanagar Metallics Limited,26205098,5000090730,4600000232,230,05-01-26,101,HRC,COIL,11513:2017,BIS,cr3,72083990,N,7.453,30757718,MATCHED
2000,R_HR>3MM_CO,Hot Rolled Black Coil 3mm & Above,26AJ0644R0,27.18,2001,3,1265,0011000144,JSW Vijayanagar Metallics Limited,26205249,5000090731,4600000234,10,08-01-26,101,HRC,COIL,11513:2017,BIS,cr3,72083890,N,7.453,70012397,MATCHED
2000,R_HR_CO,Hot Rolled Black Coil,26AJ0645R0,27.28,2001,2.2,1230,0011000144,JSW Vijayanagar Metallics Limited,26205197,5000090732,4600000232,100,05-01-26,101,HRC,COIL,11513:2017,BIS,cr3,72083990,N,7.453,98980236,MATCHED
2000,R_HR_CO,Hot Rolled Black Coil,26AJ0646R0,21.53,2001,2,1080,0011000144,JSW Vijayanagar Metallics Limited,26205635,5000090733,4600000232,20,05-01-26,101,HRC,COIL,11513:2017,BIS,cr3,72083990,N,7.453,94512494,MATCHED
2000,R_HR_CO,Hot Rolled Black Coil,26AJ0647R0,27.26,2001,2.5,1230,0011000144,JSW Vijayanagar Metallics Limited,26205201,5000090734,4600000232,50,05-01-26,101,HRC,COIL,11513:2017,BIS,cr3,72083990,N,7.453,45522369,MATCHED
2000,R_HR>3MM_CO,Hot Rolled Black Coil 3mm & Above,26AJ0648R0,27.4,2001,3.6,1230,0011000144,JSW Vijayanagar Metallics Limited,26206605,5000090735,4600000232,190,05-01-26,101,HRC,COIL,11513:2017,BIS,cr2,72083890,N,7.453,62186739,MATCHED
2000,R_HR_CO,Hot Rolled Black Coil,26AJ0649R0,27.81,2001,2.8,1260,0011000144,JSW Vijayanagar Metallics Limited,26206478,5000090736,4600000232,210,05-01-26,101,HRC,COIL,11513:2017,BIS,cr2,72083990,N,7.453,43601295,MATCHED
2000,R_HR_CO,Hot Rolled Black Coil,26AJ0650R0,27.29,2001,2.8,1230,0011000144,JSW Vijayanagar Metallics Limited,26206630,5000090737,4600000232,300,05-01-26,101,HRC,COIL,11513:2017,BIS,cr2,72083990,N,7.453,17161556,MATCHED
2000,R_HR_CO,Hot Rolled Black Coil,26AJ0651R0,24.93,2001,2.5,1230,0011000144,JSW Vijayanagar Metallics Limited,26205075,5000090738,4600000232,50,05-01-26,101,HRC,COIL,11513:2017,BIS,cr3,72083990,N,7.453,99360890,MATCHED
2000,R_HR_CO,Hot Rolled Black Coil,26AJ0652R0,23.765,2001,2.5,1230,0011000144,JSW Vijayanagar Metallics Limited,26205011,5000090739,4600000232,50,05-01-26,101,HRC,COIL,11513:2017,BIS,cr3,72083990,N,7.453,77664400,MATCHED
2000,R_HR_CO,Hot Rolled Black Coil,26AJ0653R0,27.22,2001,2.5,1230,0011000144,JSW Vijayanagar Metallics Limited,26205187,5000090740,4600000232,50,05-01-26,101,HRC,COIL,11513:2017,BIS,cr3,72083990,N,7.453,15325447,MATCHED
2000,R_HR_CO,Hot Rolled Black Coil,26AJ0656R0,27.2,2001,2,1235,0011000144,JSW Vijayanagar Metallics Limited,26205260,5000090808,4600000232,90,05-01-26,101,HRC,COIL,11513:2017,BIS,cr3,72083990,N,7.453,26735301,MATCHED
2000,R_HR>3MM_CO,Hot Rolled Black Coil 3mm & Above,26AJ0657R0,26.415,2001,3.6,1230,0011000144,JSW Vijayanagar Metallics Limited,26207153,5000090809,4600000232,190,05-01-26,101,HRC,COIL,11513:2017,BIS,cr2,72083890,N,7.453,65197142,MATCHED
2000,R_HR_CO,Hot Rolled Black Coil,26AJ0658R0,21.565,2001,2.8,1160,0011000144,JSW Vijayanagar Metallics Limited,26205449,5000090811,4600000232,350,05-01-26,101,HRC,COIL,11513:2017,BIS,cr2,72083990,N,7.453,12474566,MATCHED
2000,R_HR_CO,Hot Rolled Black Coil,26AJ0659R0,20.86,2001,2.8,1160,0011000144,JSW Vijayanagar Metallics Limited,26206719,5000090812,4600000232,350,05-01-26,101,HRC,COIL,11513:2017,BIS,cr2,72083990,N,7.453,12269112,MATCHED
2000,R_HR_CO,Hot Rolled Black Coil,26AJ0660R0,27.32,2001,2.5,1230,0011000144,JSW Vijayanagar Metallics Limited,26205259,5000090814,4600000232,50,05-01-26,101,HRC,COIL,11513:2017,BIS,cr3,72083990,N,7.453,52214114,MATCHED
2000,R_HR_CO,Hot Rolled Black Coil,26AJ0661R0,21.385,2001,2,1080,0011000144,JSW Vijayanagar Metallics Limited,26205633,5000090815,4600000232,20,05-01-26,101,HRC,COIL,11513:2017,BIS,cr3,72083990,N,7.453,77914612,MATCHED
2000,R_HR_CO,Hot Rolled Black Coil,26AJ0662R0,21.495,2001,2,1080,0011000144,JSW Vijayanagar Metallics Limited,26205637,5000090816,4600000232,20,05-01-26,101,HRC,COIL,11513:2017,BIS,cr3,72083990,N,7.453,97966982,MATCHED
2000,R_HR_CO,Hot Rolled Black Coil,26AJ0666R0,22.15,2001,2,1235,0011000139,JSW Steel Limited,26001918,5000090896,4600000235,20,13-01-26,101,HRC,COIL,11513:2017,BIS,cr3,72083990,N,7.453,80147701,MATCHED
2000,R_HR_CO,Hot Rolled Black Coil,26AJ0667R0,16.73,2001,2.5,915,0011000139,JSW Steel Limited,25134728,5000090897,4600000235,10,13-01-26,101,HRC,COIL,11513:2017,BIS,cr3,72083990,N,7.453,69456017,MATCHED
2000,R_HR>3MM_CO,Hot Rolled Black Coil 3mm & Above,26AJ0668R0,27.19,2001,3.6,1265,0011000144,JSW Vijayanagar Metallics Limited,26205246,5000090898,4600000232,130,05-01-26,101,HRC,COIL,11513:2017,BIS,cr3,72083890,N,7.453,21173604,MATCHED
2000,R_HR_CO,Hot Rolled Black Coil,26AJ0669R0,27.23,2001,2.5,1230,0011000144,JSW Vijayanagar Metallics Limited,26205176,5000090899,4600000232,110,05-01-26,101,HRC,COIL,11513:2017,BIS,cr3,72083990,N,7.453,86060588,MATCHED
2000,R_HR>3MM_CO,Hot Rolled Black Coil 3mm & Above,26AJ0670R0,28.865,2001,3,1265,0011000144,JSW Vijayanagar Metallics Limited,26202934,5000090900,4600000232,70,05-01-26,101,HRC,COIL,11513:2017,BIS,cr3,72083890,N,7.453,33351810,MATCHED
2000,R_HR>3MM_CO,Hot Rolled Black Coil 3mm & Above,26AJ0671R0,28.705,2001,3,1265,0011000144,JSW Vijayanagar Metallics Limited,26202935,5000090901,4600000232,70,05-01-26,101,HRC,COIL,11513:2017,BIS,cr3,72083890,N,7.453,41455885,MATCHED
2000,R_HR>3MM_CO,Hot Rolled Black Coil 3mm & Above,26AJ0672R0,28.97,2001,3.6,1265,0011000144,JSW Vijayanagar Metallics Limited,26202720,5000090902,4600000232,130,05-01-26,101,HRC,COIL,11513:2017,BIS,cr3,72083890,N,7.453,66381386,MATCHED
2000,R_HR_CO,Hot Rolled Black Coil,26AJ0673R0,26.925,2001,2.5,1230,0011000144,JSW Vijayanagar Metallics Limited,26205191,5000090903,4600000232,110,05-01-26,101,HRC,COIL,11513:2017,BIS,cr3,72083990,N,7.453,18278011,MATCHED
2000,R_HR_CO,Hot Rolled Black Coil,26AJ0674R0,27.325,2001,2.5,1230,0011000144,JSW Vijayanagar Metallics Limited,26205205,5000090904,4600000232,110,05-01-26,101,HRC,COIL,11513:2017,BIS,cr3,72083990,N,7.453,78339748,MATCHED
2000,R_HR_CO,Hot Rolled Black Coil,26AJ0675R0,22.17,2001,2.2,1235,0011000139,JSW Steel Limited,26001670,5000090905,4600000235,30,13-01-26,101,HRC,COIL,11513:2017,BIS,cr3,72083990,N,7.453,77321453,MATCHED
2000,R_HR_CO,Hot Rolled Black Coil,26AJ0676R0,21.395,2001,2,1080,0011000144,JSW Vijayanagar Metallics Limited,26205640,5000090906,4600000232,20,05-01-26,101,HRC,COIL,11513:2017,BIS,cr3,72083990,N,7.453,77755370,MATCHED
2000,R_HR_CO,Hot Rolled Black Coil,26AJ0677R0,21.41,2001,2,1080,0011000144,JSW Vijayanagar Metallics Limited,26205641,5000090907,4600000232,20,05-01-26,101,HRC,COIL,11513:2017,BIS,cr3,72083990,N,7.453,58468543,MATCHED
2000,R_HR_CO,Hot Rolled Black Coil,26AJ0678R0,21.12,2001,2,1080,0011000144,JSW Vijayanagar Metallics Limited,26206807,5000090908,4600000232,20,05-01-26,101,HRC,COIL,11513:2017,BIS,cr3,72083990,N,7.453,97471660,MATCHED
2000,R_HR_CO,Hot Rolled Black Coil,26AJ0679R0,21.385,2001,2.8,1180,0011000144,JSW Vijayanagar Metallics Limited,26205538,5000090909,4600000237,20,20-01-26,101,HRC,COIL,11513:2017,BIS,cr2,72083990,N,7.453,29552902,MATCHED
2000,R_HR_CO,Hot Rolled Black Coil,26AJ0680R0,27.56,2001,2,1235,0011000144,JSW Vijayanagar Metallics Limited,26204988,5000090910,4600000232,90,05-01-26,101,HRC,COIL,11513:2017,BIS,cr3,72083990,N,7.453,57265545,MATCHED
2000,R_HR>3MM_CO,Hot Rolled Black Coil 3mm & Above,26AJ0681R0,27.885,2001,3.6,1265,0011000144,JSW Vijayanagar Metallics Limited,26202722,5000090911,4600000232,130,05-01-26,101,HRC,COIL,11513:2017,BIS,cr3,72083890,N,7.453,75933389,MATCHED
2000,R_HR_CO,Hot Rolled Black Coil,26AJ0682R0,27.19,2001,2,1235,0011000144,JSW Vijayanagar Metallics Limited,26205185,5000090912,4600000232,90,05-01-26,101,HRC,COIL,11513:2017,BIS,cr3,72083990,N,7.453,27342501,MATCHED
2000,R_HR_CO,Hot Rolled Black Coil,26AJ0683R0,27.4,2001,2.8,1230,0011000144,JSW Vijayanagar Metallics Limited,26206619,5000090913,4600000232,170,05-01-26,101,HRC,COIL,11513:2017,BIS,cr2,72083990,N,7.453,41573989,MATCHED
2000,R_HR>3MM_CO,Hot Rolled Black Coil 3mm & Above,26AJ0684R0,27.375,2001,3,1230,0011000144,JSW Vijayanagar Metallics Limited,26206616,5000090914,4600000232,180,05-01-26,101,HRC,COIL,11513:2017,BIS,cr2,72083890,N,7.453,21670321,MATCHED
2000,R_HR_CO,Hot Rolled Black Coil,26AJ0685R0,26.895,2001,2.2,1230,0011000144,JSW Vijayanagar Metallics Limited,26205256,5000090915,4600000237,50,20-01-26,101,HRC,COIL,11513:2017,BIS,cr3,72083990,N,7.453,59192433,MATCHED
2000,R_HR>3MM_CO,Hot Rolled Black Coil 3mm & Above,26AJ0686R0,21.575,2001,3,1210,0011000144,JSW Vijayanagar Metallics Limited,26205530,5000090916,4600000232,200,05-01-26,101,HRC,COIL,11513:2017,BIS,cr2,72083890,N,7.453,68035822,MATCHED
2000,R_HR>3MM_CO,Hot Rolled Black Coil 3mm & Above,26AJ0687R0,27.58,2001,3,1265,0011000144,JSW Vijayanagar Metallics Limited,26205694,5000090917,4600000232,70,05-01-26,101,HRC,COIL,11513:2017,BIS,cr3,72083890,N,7.453,37899732,MATCHED
2000,R_HR>3MM_CO,Hot Rolled Black Coil 3mm & Above,26AJ0688R0,24.64,2001,3,1265,0011000144,JSW Vijayanagar Metallics Limited,26206257,5000090918,4600000232,70,05-01-26,101,HRC,COIL,11513:2017,BIS,cr3,72083890,N,7.453,68361536,MATCHED
2000,R_HR_CO,Hot Rolled Black Coil,26AJ0689R0,27.625,2001,2,1235,0011000144,JSW Vijayanagar Metallics Limited,26205086,5000090919,4600000232,90,05-01-26,101,HRC,COIL,11513:2017,BIS,cr3,72083990,N,7.453,26742023,MATCHED
2000,R_HR>3MM_CO,Hot Rolled Black Coil 3mm & Above,26AJ0690R0,27.325,2001,3.6,1230,0011000144,JSW Vijayanagar Metallics Limited,26206785,5000090920,4600000232,320,05-01-26,101,HRC,COIL,11513:2017,BIS,cr2,72083890,N,7.453,70093302,MATCHED
2000,R_HR_CO,Hot Rolled Black Coil,26AJ0691R0,23.875,2001,2.5,1230,0011000144,JSW Vijayanagar Metallics Limited,26205012,5000090922,4600000232,110,05-01-26,101,HRC,COIL,11513:2017,BIS,cr3,72083990,N,7.453,78383433,MATCHED
2000,R_HR_CO,Hot Rolled Black Coil,26AJ0692R0,26.49,2001,2.5,1230,0011000144,JSW Vijayanagar Metallics Limited,26205255,5000090923,4600000232,110,05-01-26,101,HRC,COIL,11513:2017,BIS,cr3,72083990,N,7.453,32062919,MATCHED
2000,R_HR_CO,Hot Rolled Black Coil,26AJ0693R0,27.22,2001,2,1235,0011000144,JSW Vijayanagar Metallics Limited,26205184,5000090924,4600000232,90,05-01-26,101,HRC,COIL,11513:2017,BIS,cr3,72083990,N,7.453,34889204,MATCHED
2000,R_HR_CO,Hot Rolled Black Coil,26AJ0695R0,25.785,2001,2.5,1110,0011000144,JSW Vijayanagar Metallics Limited,25343231,5000090933,4600000237,60,20-01-26,101,HRC,COIL,11513:2017,BIS,cr3,72083990,N,7.453,61392638,MATCHED
2000,R_HR_CO,Hot Rolled Black Coil,26AJ0696R0,21.42,2001,2.2,1110,0011000144,JSW Vijayanagar Metallics Limited,26205552,5000090935,4600000237,30,20-01-26,101,HRC,COIL,11513:2017,BIS,cr3,72083990,N,7.453,23371702,MATCHED
2000,R_HR_CO,Hot Rolled Black Coil,26AJ0697R0,21.445,2001,2.2,1110,0011000144,JSW Vijayanagar Metallics Limited,26205548,5000090936,4600000237,30,20-01-26,101,HRC,COIL,11513:2017,BIS,cr3,72083990,N,7.453,61998606,MATCHED
2000,R_HR_CO,Hot Rolled Black Coil,26AJ0698R0,21.43,2001,2.2,1110,0011000144,JSW Vijayanagar Metallics Limited,26205555,5000090938,4600000237,30,20-01-26,101,HRC,COIL,11513:2017,BIS,cr3,72083990,N,7.453,56130915,MATCHED
2000,R_HR_CO,Hot Rolled Black Coil,26AJ0699R0,21.43,2001,2.2,1110,0011000144,JSW Vijayanagar Metallics Limited,26205550,5000090939,4600000237,30,20-01-26,101,HRC,COIL,11513:2017,BIS,cr3,72083990,N,7.453,88421582,MATCHED
2000,R_HR_CO,Hot Rolled Black Coil,26AJ0700R0,21.05,2001,2.2,1110,0011000144,JSW Vijayanagar Metallics Limited,26206218,5000090940,4600000237,30,20-01-26,101,HRC,COIL,11513:2017,BIS,cr3,72083990,N,7.453,33531586,MATCHED
2000,R_HR_CO,Hot Rolled Black Coil,26AJ0701R0,21.36,2001,2.2,1110,0011000144,JSW Vijayanagar Metallics Limited,26205551,5000090942,4600000237,30,20-01-26,101,HRC,COIL,11513:2017,BIS,cr3,72083990,N,7.453,42109141,MATCHED
2000,R_HR_CO,Hot Rolled Black Coil,26AJ0702R0,21.355,2001,2.2,1110,0011000144,JSW Vijayanagar Metallics Limited,26205553,5000090943,4600000237,30,20-01-26,101,HRC,COIL,11513:2017,BIS,cr3,72083990,N,7.453,30133643,MATCHED
2000,R_HR_CO,Hot Rolled Black Coil,26AJ0703R0,21.42,2001,2.2,1110,0011000144,JSW Vijayanagar Metallics Limited,26206219,5000090944,4600000237,30,20-01-26,101,HRC,COIL,11513:2017,BIS,cr3,72083990,N,7.453,29986566,MATCHED
2000,R_HR_CO,Hot Rolled Black Coil,26AJ0704R0,21.395,2001,2.2,1110,0011000144,JSW Vijayanagar Metallics Limited,26205546,5000090945,4600000237,30,20-01-26,101,HRC,COIL,11513:2017,BIS,cr3,72083990,N,7.453,24028856,MATCHED
2000,R_HR_CO,Hot Rolled Black Coil,26AJ0705R0,19.395,2001,2,1115,0011000144,JSW Vijayanagar Metallics Limited,25340131,5000090947,4600000237,40,20-01-26,101,HRC,COIL,11513:2017,BIS,cr3,72083990,N,7.453,62205374,MATCHED
2000,R_HR_CO,Hot Rolled Black Coil,26AJ0706R0,19.38,2001,2.5,1110,0011000144,JSW Vijayanagar Metallics Limited,25339837,5000090956,4600000237,60,20-01-26,101,HRC,COIL,11513:2017,BIS,cr3,72083990,N,7.453,29412341,MATCHED
2000,R_HR_CO,Hot Rolled Black Coil,26AJ0707R0,21.335,2001,2.5,1110,0011000144,JSW Vijayanagar Metallics Limited,26205544,5000090957,4600000237,60,20-01-26,101,HRC,COIL,11513:2017,BIS,cr3,72083990,N,7.453,51875704,MATCHED
2000,R_HR_CO,Hot Rolled Black Coil,26AJ0708R0,21.495,2001,2.2,1110,0011000144,JSW Vijayanagar Metallics Limited,26205639,5000090959,4600000237,30,20-01-26,101,HRC,COIL,11513:2017,BIS,cr3,72083990,N,7.453,79515120,MATCHED
2000,R_HR_CO,Hot Rolled Black Coil,26AJ0709R0,21.37,2001,2.2,1110,0011000144,JSW Vijayanagar Metallics Limited,26205545,5000090961,4600000237,30,20-01-26,101,HRC,COIL,11513:2017,BIS,cr3,72083990,N,7.453,90940156,MATCHED
2000,R_HR_CO,Hot Rolled Black Coil,26AJ0710R0,21.63,2001,2.2,1110,0011000144,JSW Vijayanagar Metallics Limited,26205549,5000090963,4600000237,30,20-01-26,101,HRC,COIL,11513:2017,BIS,cr3,72083990,N,7.453,97780644,MATCHED
2000,R_HR_CO,Hot Rolled Black Coil,26AJ0711R0,21.15,2001,2,1115,0011000144,JSW Vijayanagar Metallics Limited,26205630,5000090964,4600000237,40,20-01-26,101,HRC,COIL,11513:2017,BIS,cr3,72083990,N,7.453,60072260,MATCHED
2000,R_HR_CO,Hot Rolled Black Coil,26AJ0712R0,21.375,2001,2.2,1110,0011000144,JSW Vijayanagar Metallics Limited,26205547,5000090965,4600000237,30,20-01-26,101,HRC,COIL,11513:2017,BIS,cr3,72083990,N,7.453,71388737,MATCHED
2000,R_HR_CO,Hot Rolled Black Coil,26AJ0714R0,27.64,2001,2,1235,0011000144,JSW Vijayanagar Metallics Limited,26205087,5000090997,4600000232,90,05-01-26,101,HRC,COIL,11513:2017,BIS,cr3,72083990,N,7.453,89425969,MATCHED
2000,R_HR>3MM_CO,Hot Rolled Black Coil 3mm & Above,26AJ0715R0,27.425,2001,3,1210,0011000144,JSW Vijayanagar Metallics Limited,26206635,5000091000,4600000232,200,05-01-26,101,HRC,COIL,11513:2017,BIS,cr2,72083890,N,7.453,57056722,MATCHED
2000,R_HR>3MM_CO,Hot Rolled Black Coil 3mm & Above,26AJ0716R0,27.34,2001,3,1265,0011000144,JSW Vijayanagar Metallics Limited,26206681,5000091001,4600000232,70,05-01-26,101,HRC,COIL,11513:2017,BIS,cr3,72083890,N,7.453,47427580,MATCHED
2000,R_HR_CO,Hot Rolled Black Coil,26AJ0717R0,27.435,2001,2.8,1230,0011000144,JSW Vijayanagar Metallics Limited,26206621,5000091002,4600000232,170,05-01-26,101,HRC,COIL,11513:2017,BIS,cr2,72083990,N,7.453,98847192,MATCHED
2000,R_HR>3MM_CO,Hot Rolled Black Coil 3mm & Above,26AJ0718R0,27.425,2001,3,1210,0011000144,JSW Vijayanagar Metallics Limited,26206636,5000091003,4600000232,200,05-01-26,101,HRC,COIL,11513:2017,BIS,cr2,72083890,N,7.453,15209401,MATCHED
2000,R_HR>3MM_CO,Hot Rolled Black Coil 3mm & Above,26AJ0719R0,29.655,2001,3,1265,0011000144,JSW Vijayanagar Metallics Limited,26206463,5000091004,4600000232,70,05-01-26,101,HRC,COIL,11513:2017,BIS,cr3,72083890,N,7.453,31746762,MATCHED
2000,R_HR_CO,Hot Rolled Black Coil,26AJ0720R0,27.3,2001,2.5,1230,0011000144,JSW Vijayanagar Metallics Limited,26205180,5000091005,4600000232,110,05-01-26,101,HRC,COIL,11513:2017,BIS,cr3,72083990,N,7.453,32519160,MATCHED
2000,R_HR>3MM_CO,Hot Rolled Black Coil 3mm & Above,26AJ0721R0,21.35,2001,3,1210,0011000144,JSW Vijayanagar Metallics Limited,26205533,5000091006,4600000232,200,05-01-26,101,HRC,COIL,11513:2017,BIS,cr2,72083890,N,7.453,88589807,MATCHED
2000,R_HR_CO,Hot Rolled Black Coil,26AJ0722R0,27.165,2001,2.8,1260,0011000144,JSW Vijayanagar Metallics Limited,26206472,5000091009,4600000232,210,05-01-26,101,HRC,COIL,11513:2017,BIS,cr2,72083990,N,7.453,84647640,MATCHED
2000,R_HR_CO,Hot Rolled Black Coil,26AJ0723R0,27.515,2001,2,1235,0011000144,JSW Vijayanagar Metallics Limited,26205095,5000091011,4600000232,90,05-01-26,101,HRC,COIL,11513:2017,BIS,cr3,72083990,N,7.453,43586192,MATCHED
2000,R_HR>3MM_CO,Hot Rolled Black Coil 3mm & Above,26AJ0725R0,27.17,2001,3,1265,0011000144,JSW Vijayanagar Metallics Limited,26205251,5000091012,4600000234,10,08-01-26,101,HRC,COIL,11513:2017,BIS,cr3,72083890,N,7.453,26554510,MATCHED
2000,R_HR>3MM_CO,Hot Rolled Black Coil 3mm & Above,26AJ0726R0,21.575,2001,3,1210,0011000144,JSW Vijayanagar Metallics Limited,26205532,5000091013,4600000232,200,05-01-26,101,HRC,COIL,11513:2017,BIS,cr2,72083890,N,7.453,60814715,MATCHED
2000,R_HR>3MM_CO,Hot Rolled Black Coil 3mm & Above,26AJ0727R0,27.62,2001,3,1230,0011000144,JSW Vijayanagar Metallics Limited,26206612,5000091014,4600000232,180,05-01-26,101,HRC,COIL,11513:2017,BIS,cr2,72083890,N,7.453,93427566,MATCHED
2000,R_HR>3MM_CO,Hot Rolled Black Coil 3mm & Above,26AJ0728R0,27.31,2001,3,1265,0011000144,JSW Vijayanagar Metallics Limited,26205248,5000091015,4600000234,10,08-01-26,101,HRC,COIL,11513:2017,BIS,cr3,72083890,N,7.453,79126747,MATCHED
2000,R_HR>3MM_CO,Hot Rolled Black Coil 3mm & Above,26AJ0729R0,27.68,2001,3.6,1265,0011000144,JSW Vijayanagar Metallics Limited,26204971,5000091016,4600000232,130,05-01-26,101,HRC,COIL,11513:2017,BIS,cr3,72083890,N,7.453,22179855,MATCHED
2000,R_HR>3MM_CO,Hot Rolled Black Coil 3mm & Above,26AJ0730R0,27.365,2001,3,1265,0011000144,JSW Vijayanagar Metallics Limited,26205692,5000091017,4600000234,10,08-01-26,101,HRC,COIL,11513:2017,BIS,cr3,72083890,N,7.453,33931474,MATCHED
2000,R_HR_CO,Hot Rolled Black Coil,26AJ0731R0,27.14,2001,2.8,1260,0011000144,JSW Vijayanagar Metallics Limited,26206469,5000091018,4600000232,210,05-01-26,101,HRC,COIL,11513:2017,BIS,cr2,72083990,N,7.453,43932070,MATCHED
2000,R_HR_CO,Hot Rolled Black Coil,26AJ0732R0,27.19,2001,2.2,1230,0011000144,JSW Vijayanagar Metallics Limited,26205183,5000091020,4600000237,50,20-01-26,101,HRC,COIL,11513:2017,BIS,cr3,72083990,N,7.453,40459170,MATCHED
2000,R_HR_CO,Hot Rolled Black Coil,26AJ0733R0,27.175,2001,2.2,1230,0011000144,JSW Vijayanagar Metallics Limited,26205198,5000091021,4600000237,50,20-01-26,101,HRC,COIL,11513:2017,BIS,cr3,72083990,N,7.453,29760846,MATCHED
2000,R_HR_CO,Hot Rolled Black Coil,26AJ0734R0,27.26,2001,2.2,1230,0011000144,JSW Vijayanagar Metallics Limited,26205182,5000091023,4600000237,50,20-01-26,101,HRC,COIL,11513:2017,BIS,cr3,72083990,N,7.453,97859299,MATCHED
2000,R_HR_CO,Hot Rolled Black Coil,26AJ0735R0,27.255,2001,2.2,1230,0011000144,JSW Vijayanagar Metallics Limited,26205257,5000091027,4600000237,50,20-01-26,101,HRC,COIL,11513:2017,BIS,cr3,72083990,N,7.453,97009944,MATCHED
2000,R_HR_CO,Hot Rolled Black Coil,26AJ0736R0,24.94,2001,2,1235,0011000144,JSW Vijayanagar Metallics Limited,26205099,5000091032,4600000232,30,05-01-26,101,HRC,COIL,11513:2017,BIS,cr3,72083990,N,7.453,53412690,MATCHED
2000,R_HR_CO,Hot Rolled Black Coil,26AJ0737R0,21.185,2001,2.8,1180,0011000144,JSW Vijayanagar Metallics Limited,26205539,5000091035,4600000237,20,20-01-26,101,HRC,COIL,11513:2017,BIS,cr2,72083990,N,7.453,81573139,MATCHED
2000,R_HR_CO,Hot Rolled Black Coil,26AJ0738R0,20.71,2001,2.8,1160,0011000144,JSW Vijayanagar Metallics Limited,26206721,5000091036,4600000237,10,20-01-26,101,HRC,COIL,11513:2017,BIS,cr2,72083990,N,7.453,55811222,MATCHED
2000,R_HR_CO,Hot Rolled Black Coil,26AJ0739R0,21.005,2001,2.8,1180,0011000144,JSW Vijayanagar Metallics Limited,26205537,5000091038,4600000237,20,20-01-26,101,HRC,COIL,11513:2017,BIS,cr2,72083990,N,7.453,82258467,MATCHED
2000,R_HR_CO,Hot Rolled Black Coil,26AJ0740R0,21.27,2001,2.8,1160,0011000144,JSW Vijayanagar Metallics Limited,26205450,5000091050,4600000237,10,20-01-26,101,HRC,COIL,11513:2017,BIS,cr2,72083990,N,7.453,92398845,MATCHED
2000,R_HR_CO,Hot Rolled Black Coil,26AJ0741R0,20.85,2001,2.8,1190,0011000144,JSW Vijayanagar Metallics Limited,26205536,5000091051,4600000237,90,20-01-26,101,HRC,COIL,11513:2017,BIS,cr2,72083990,N,7.453,23613781,MATCHED
2000,R_HR_CO,Hot Rolled Black Coil,26AJ0742R0,21.445,2001,2.8,1180,0011000144,JSW Vijayanagar Metallics Limited,26205543,5000091054,4600000237,20,20-01-26,101,HRC,COIL,11513:2017,BIS,cr2,72083990,N,7.453,98670084,MATCHED
2000,R_HR_CO,Hot Rolled Black Coil,26AJ0743R0,20.805,2001,2.8,1180,0011000144,JSW Vijayanagar Metallics Limited,26205448,5000091056,4600000237,20,20-01-26,101,HRC,COIL,11513:2017,BIS,cr2,72083990,N,7.453,39706392,MATCHED
2000,R_HR_CO,Hot Rolled Black Coil,26AJ0744R0,21.43,2001,2.8,1180,0011000144,JSW Vijayanagar Metallics Limited,26205542,5000091058,4600000237,20,20-01-26,101,HRC,COIL,11513:2017,BIS,cr2,72083990,N,7.453,72639775,MATCHED
2000,R_HR_CO,Hot Rolled Black Coil,26AJ0745R0,21.405,2001,2.8,1180,0011000144,JSW Vijayanagar Metallics Limited,26205540,5000091062,4600000237,20,20-01-26,101,HRC,COIL,11513:2017,BIS,cr2,72083990,N,7.453,66288759,MATCHED
2000,R_HR>3MM_CO,Hot Rolled Black Coil 3mm & Above,26AJ0746R0,27.925,2001,3,1265,0011000144,JSW Vijayanagar Metallics Limited,25343986,5000091069,4600000237,70,20-01-26,101,HRC,COIL,11513:2017,BIS,cr3,72083890,N,7.453,14580018,MATCHED
2000,R_HR_CO,Hot Rolled Black Coil,26AJ0747R0,20.695,2001,2.8,1180,0011000144,JSW Vijayanagar Metallics Limited,26205541,5000091070,4600000237,20,20-01-26,101,HRC,COIL,11513:2017,BIS,cr2,72083990,N,7.453,55588860,MATCHED
2000,R_HR>3MM_CO,Hot Rolled Black Coil 3mm & Above,26AJ0748R0,27.785,2001,3.6,1190,0011000144,JSW Vijayanagar Metallics Limited,26202163,5000091072,4600000237,80,20-01-26,101,HRC,COIL,11513:2017,BIS,cr2,72083890,N,7.453,36935627,MATCHED
2000,R_HR_CO,Hot Rolled Black Coil,26AJ0749R0,27.98,2001,2.8,1190,0011000144,JSW Vijayanagar Metallics Limited,26202167,5000091075,4600000237,90,20-01-26,101,HRC,COIL,11513:2017,BIS,cr2,72083990,N,7.453,45206124,MATCHED
2000,R_HR>3MM_CO,Hot Rolled Black Coil 3mm & Above,26AJ0750R0,27.27,2001,3,1230,0011000144,JSW Vijayanagar Metallics Limited,26206617,5000091083,4600000232,180,05-01-26,101,HRC,COIL,11513:2017,BIS,cr2,72083890,N,7.453,54689720,MATCHED
2000,R_HR>3MM_CO,Hot Rolled Black Coil 3mm & Above,26AJ0751R0,27.305,2001,3,1265,0011000144,JSW Vijayanagar Metallics Limited,26205691,5000091085,4600000234,10,08-01-26,101,HRC,COIL,11513:2017,BIS,cr3,72083890,N,7.453,24720620,MATCHED
2000,R_HR_CO,Hot Rolled Black Coil,26AJ0752R0,27.305,2001,2.8,1260,0011000144,JSW Vijayanagar Metallics Limited,26206476,5000091086,4600000232,210,05-01-26,101,HRC,COIL,11513:2017,BIS,cr2,72083990,N,7.453,35523198,MATCHED
2000,R_HR>3MM_CO,Hot Rolled Black Coil 3mm & Above,26AJ0753R0,21.015,2001,3,1210,0011000144,JSW Vijayanagar Metallics Limited,26205534,5000091087,4600000232,200,05-01-26,101,HRC,COIL,11513:2017,BIS,cr2,72083890,N,7.453,54095333,MATCHED
2000,R_HR>3MM_CO,Hot Rolled Black Coil 3mm & Above,26AJ0754R0,27.435,2001,3,1265,0011000144,JSW Vijayanagar Metallics Limited,26204975,5000091088,4600000234,10,08-01-26,101,HRC,COIL,11513:2017,BIS,cr3,72083890,N,7.453,53739849,MATCHED
2000,R_HR>3MM_CO,Hot Rolled Black Coil 3mm & Above,26AJ0755R0,27.26,2001,3,1265,0011000144,JSW Vijayanagar Metallics Limited,26205252,5000091089,4600000234,10,08-01-26,101,HRC,COIL,11513:2017,BIS,cr3,72083890,N,7.453,88720611,MATCHED
2000,R_HR>3MM_CO,Hot Rolled Black Coil 3mm & Above,26AJ0756R0,24.46,2001,3,1265,0011000144,JSW Vijayanagar Metallics Limited,26206256,5000091092,4600000234,10,08-01-26,101,HRC,COIL,11513:2017,BIS,cr3,72083890,N,7.453,91195423,MATCHED
2000,R_HR_CO,Hot Rolled Black Coil,26AJ0757R0,27.285,2001,2.5,1230,0011000144,JSW Vijayanagar Metallics Limited,26205253,5000091093,4600000232,110,05-01-26,101,HRC,COIL,11513:2017,BIS,cr3,72083990,N,7.453,92583565,MATCHED
2000,R_HR>3MM_CO,Hot Rolled Black Coil 3mm & Above,26AJ0758R0,26.835,2001,3,1265,0011000144,JSW Vijayanagar Metallics Limited,26205250,5000091096,4600000234,10,08-01-26,101,HRC,COIL,11513:2017,BIS,cr3,72083890,N,7.453,11486770,MATCHED
2000,R_HR_CO,Hot Rolled Black Coil,26AJ0759R0,27.22,2001,2.2,1230,0011000144,JSW Vijayanagar Metallics Limited,26205181,5000091099,4600000237,50,20-01-26,101,HRC,COIL,11513:2017,BIS,cr3,72083990,N,7.453,92004089,MATCHED
2000,R_HR>3MM_CO,Hot Rolled Black Coil 3mm & Above,26AJ0760R0,27.66,2001,3.6,1230,0011000144,JSW Vijayanagar Metallics Limited,26206607,5000091100,4600000232,190,05-01-26,101,HRC,COIL,11513:2017,BIS,cr2,72083890,N,7.453,11402351,MATCHED
2000,R_HR>3MM_CO,Hot Rolled Black Coil 3mm & Above,26AJ0762R0,23.78,2001,3.6,1265,0011000144,JSW Vijayanagar Metallics Limited,26205245,5000091102,4600000232,130,05-01-26,101,HRC,COIL,11513:2017,BIS,cr3,72083890,N,7.453,49932415,MATCHED
2000,R_HR>3MM_CO,Hot Rolled Black Coil 3mm & Above,26AJ0772R0,24.045,2001,3.6,1265,0011000144,JSW Vijayanagar Metallics Limited,26205066,5000091112,4600000232,130,05-01-26,101,HRC,COIL,11513:2017,BIS,cr3,72083890,N,7.453,22614472,MATCHED
2000,R_HR_CO,Hot Rolled Black Coil,26AJ0773R0,27.27,2001,2.5,1230,0011000144,JSW Vijayanagar Metallics Limited,26205196,5000091114,4600000232,110,05-01-26,101,HRC,COIL,11513:2017,BIS,cr3,72083990,N,7.453,68971278,MATCHED
2000,R_HR_CO,Hot Rolled Black Coil,26AJ0774R0,27.255,2001,2.5,1230,0011000144,JSW Vijayanagar Metallics Limited,26205189,5000091115,4600000232,110,05-01-26,101,HRC,COIL,11513:2017,BIS,cr3,72083990,N,7.453,24615967,MATCHED
2000,R_HR_CO,Hot Rolled Black Coil,26AJ0775R0,21.505,2001,2,1080,0011000144,JSW Vijayanagar Metallics Limited,26205638,5000091116,4600000232,20,05-01-26,101,HRC,COIL,11513:2017,BIS,cr3,72083990,N,7.453,92193004,MATCHED
2000,R_HR_CO,Hot Rolled Black Coil,26AJ0796R0,27.25,2001,2.2,1230,0011000144,JSW Vijayanagar Metallics Limited,26205258,5000091142,4600000237,50,20-01-26,101,HRC,COIL,11513:2017,BIS,cr3,72083990,N,7.453,71373892,MATCHED
2000,R_HR_CO,Hot Rolled Black Coil,26AJ0797R0,27.325,2001,2.2,1230,0011000144,JSW Vijayanagar Metallics Limited,26205199,5000091143,4600000237,50,20-01-26,101,HRC,COIL,11513:2017,BIS,cr3,72083990,N,7.453,28140679,MATCHED
2000,R_HR_CO,Hot Rolled Black Coil,26AJ0806R0,25.49,2001,2.5,1230,0011000144,JSW Vijayanagar Metallics Limited,26205090,5000091290,4600000232,240,05-01-26,101,HRC,COIL,11513:2017,BIS,cr3,72083990,N,7.453,83538380,MATCHED
2000,R_HR_CO,Hot Rolled Black Coil,26AJ0807R0,27.055,2001,2.5,1230,0011000144,JSW Vijayanagar Metallics Limited,26205192,5000091292,4600000232,240,05-01-26,101,HRC,COIL,11513:2017,BIS,cr3,72083990,N,7.453,11086469,MATCHED
2000,R_HR_CO,Hot Rolled Black Coil,26AJ0808R0,25.49,2001,2.5,1230,0011000144,JSW Vijayanagar Metallics Limited,26205091,5000091294,4600000232,240,05-01-26,101,HRC,COIL,11513:2017,BIS,cr3,72083990,N,7.453,49783645,MATCHED
2000,R_HR_CO,Hot Rolled Black Coil,26AJ0809R0,27.315,2001,2.5,1230,0011000144,JSW Vijayanagar Metallics Limited,26205194,5000091296,4600000232,110,05-01-26,101,HRC,COIL,11513:2017,BIS,cr3,72083990,N,7.453,51892801,MATCHED
2000,R_HR_CO,Hot Rolled Black Coil,26AJ0810R0,27.16,2001,2.5,1230,0011000144,JSW Vijayanagar Metallics Limited,26205177,5000091297,4600000232,240,05-01-26,101,HRC,COIL,11513:2017,BIS,cr3,72083990,N,7.453,45861929,MATCHED
2000,R_HR_CO,Hot Rolled Black Coil,26AJ0811R0,27.505,2001,2.5,1230,0011000144,JSW Vijayanagar Metallics Limited,26205092,5000091298,4600000232,240,05-01-26,101,HRC,COIL,11513:2017,BIS,cr3,72083990,N,7.453,15291317,MATCHED
2000,R_HR_CO,Hot Rolled Black Coil,26AJ0812R0,27.565,2001,2.5,1230,0011000144,JSW Vijayanagar Metallics Limited,26205089,5000091299,4600000232,240,05-01-26,101,HRC,COIL,11513:2017,BIS,cr3,72083990,N,7.453,61040351,MATCHED
2000,R_HR_CO,Hot Rolled Black Coil,26AJ0813R0,27.715,2001,2.5,1230,0011000144,JSW Vijayanagar Metallics Limited,26205080,5000091300,4600000232,240,05-01-26,101,HRC,COIL,11513:2017,BIS,cr3,72083990,N,7.453,53339039,MATCHED
2000,R_HR_CO,Hot Rolled Black Coil,26AJ0814R0,27.245,2001,2.5,1230,0011000144,JSW Vijayanagar Metallics Limited,26205202,5000091301,4600000232,240,05-01-26,101,HRC,COIL,11513:2017,BIS,cr3,72083990,N,7.453,83916097,MATCHED
2000,R_HR>3MM_CO,Hot Rolled Black Coil 3mm & Above,26AJ0815R0,26.39,2001,3.6,1230,0011000144,JSW Vijayanagar Metallics Limited,26207152,5000091302,4600000232,190,05-01-26,101,HRC,COIL,11513:2017,BIS,cr2,72083890,N,7.453,20941363,MATCHED
2000,R_HR>3MM_CO,Hot Rolled Black Coil 3mm & Above,26AJ0816R0,25.34,2001,3,1265,0011000144,JSW Vijayanagar Metallics Limited,26206258,5000091303,4600000234,10,08-01-26,101,HRC,COIL,11513:2017,BIS,cr3,72083890,N,7.453,61812203,MATCHED
2000,R_HR_CO,Hot Rolled Black Coil,26AJ0817R0,27.495,2001,2,1235,0011000144,JSW Vijayanagar Metallics Limited,26205082,5000091304,4600000232,230,05-01-26,101,HRC,COIL,11513:2017,BIS,cr3,72083990,N,7.453,41386700,MATCHED
2000,R_HR_CO,Hot Rolled Black Coil,26AJ0818R0,27.49,2001,2,1235,0011000144,JSW Vijayanagar Metallics Limited,26204985,5000091306,4600000232,230,05-01-26,101,HRC,COIL,11513:2017,BIS,cr3,72083990,N,7.453,99337635,MATCHED
2000,R_HR_CO,Hot Rolled Black Coil,26AJ0819R0,27.475,2001,2,1235,0011000144,JSW Vijayanagar Metallics Limited,26204984,5000091308,4600000232,230,05-01-26,101,HRC,COIL,11513:2017,BIS,cr3,72083990,N,7.453,32849888,MATCHED
2000,R_HR>3MM_CO,Hot Rolled Black Coil 3mm & Above,26AJ0820R0,21.565,2001,3,1210,0011000144,JSW Vijayanagar Metallics Limited,26205529,5000091310,4600000232,330,05-01-26,101,HRC,COIL,11513:2017,BIS,cr2,72083890,N,7.453,47140403,MATCHED
2000,R_HR_CO,Hot Rolled Black Coil,26AJ0821R0,27.57,2001,2,1235,0011000144,JSW Vijayanagar Metallics Limited,26205085,5000091312,4600000232,230,05-01-26,101,HRC,COIL,11513:2017,BIS,cr3,72083990,N,7.453,12815595,MATCHED
2000,R_HR_CO,Hot Rolled Black Coil,26AJ0822R0,21.565,2001,2,1080,0011000144,JSW Vijayanagar Metallics Limited,26205632,5000091313,4600000232,20,05-01-26,101,HRC,COIL,11513:2017,BIS,cr3,72083990,N,7.453,31665529,MATCHED
2000,R_HR>3MM_CO,Hot Rolled Black Coil 3mm & Above,26AJ0823R0,28.045,2001,3.6,1265,0011000144,JSW Vijayanagar Metallics Limited,26202724,5000091315,4600000232,260,05-01-26,101,HRC,COIL,11513:2017,BIS,cr3,72083890,N,7.453,42293449,MATCHED
2000,R_HR>3MM_CO,Hot Rolled Black Coil 3mm & Above,26AJ0824R0,27.92,2001,3.6,1265,0011000144,JSW Vijayanagar Metallics Limited,26202311,5000091316,4600000232,130,05-01-26,101,HRC,COIL,11513:2017,BIS,cr3,72083890,N,7.453,35299108,MATCHED
2000,R_HR>3MM_CO,Hot Rolled Black Coil 3mm & Above,26AJ0825R0,28.75,2001,3.6,1265,0011000144,JSW Vijayanagar Metallics Limited,26202764,5000091318,4600000232,130,05-01-26,101,HRC,COIL,11513:2017,BIS,cr3,72083890,N,7.453,16856880,MATCHED
2000,R_HR_CO,Hot Rolled Black Coil,26AJ0826R0,27.51,2001,2,1235,0011000144,JSW Vijayanagar Metallics Limited,26205084,5000091319,4600000232,230,05-01-26,101,HRC,COIL,11513:2017,BIS,cr3,72083990,N,7.453,78657077,MATCHED
2000,R_HR_CO,Hot Rolled Black Coil,26AJ0827R0,27.485,2001,2,1235,0011000144,JSW Vijayanagar Metallics Limited,26205096,5000091320,4600000232,230,05-01-26,101,HRC,COIL,11513:2017,BIS,cr3,72083990,N,7.453,62155757,MATCHED
2000,R_HR>3MM_CO,Hot Rolled Black Coil 3mm & Above,26AJ0828R0,24.3,2001,3,1230,0011000144,JSW Vijayanagar Metallics Limited,26206846,5000091323,4600000232,180,05-01-26,101,HRC,COIL,11513:2017,BIS,cr2,72083890,N,7.453,65899035,MATCHED
2000,R_HR>3MM_CO,Hot Rolled Black Coil 3mm & Above,26AJ0829R0,28.575,2001,3,1230,0011000144,JSW Vijayanagar Metallics Limited,26206847,5000091324,4600000232,180,05-01-26,101,HRC,COIL,11513:2017,BIS,cr2,72083890,N,7.453,33845228,MATCHED
2000,R_HR>3MM_CO,Hot Rolled Black Coil 3mm & Above,26AJ0830R0,27.5,2001,3.6,1230,0011000144,JSW Vijayanagar Metallics Limited,26206789,5000091326,4600000232,190,05-01-26,101,HRC,COIL,11513:2017,BIS,cr2,72083890,N,7.453,54393182,MATCHED
2000,R_HR_CO,Hot Rolled Black Coil,26AJ0831R0,27.175,2001,2,1235,0011000144,JSW Vijayanagar Metallics Limited,26205186,5000091327,4600000232,90,05-01-26,101,HRC,COIL,11513:2017,BIS,cr3,72083990,N,7.453,77428415,MATCHED
2000,R_HR>3MM_CO,Hot Rolled Black Coil 3mm & Above,26AJ0832R0,27.405,2001,3,1230,0011000144,JSW Vijayanagar Metallics Limited,26206626,5000091328,4600000232,180,05-01-26,101,HRC,COIL,11513:2017,BIS,cr2,72083890,N,7.453,68288524,MATCHED
2000,R_HR>3MM_CO,Hot Rolled Black Coil 3mm & Above,26AJ0833R0,25.1,2001,3,1265,0011000144,JSW Vijayanagar Metallics Limited,26206259,5000091329,4600000234,10,08-01-26,101,HRC,COIL,11513:2017,BIS,cr3,72083890,N,7.453,35500937,MATCHED
2000,R_HR>3MM_CO,Hot Rolled Black Coil 3mm & Above,26AJ0834R0,25.245,2001,3,1265,0011000144,JSW Vijayanagar Metallics Limited,26202939,5000091330,4600000234,10,08-01-26,101,HRC,COIL,11513:2017,BIS,cr3,72083890,N,7.453,14302037,MATCHED
2000,R_HR_CO,Hot Rolled Black Coil,26AJ0835R0,16.73,2001,2.5,915,0011000139,JSW Steel Limited,25134731,5000091331,4600000235,10,13-01-26,101,HRC,COIL,11513:2017,BIS,cr3,72083990,N,7.453,31641202,MATCHED
2000,R_HR_CO,Hot Rolled Black Coil,26AJ0836R0,16.65,2001,2.5,915,0011000139,JSW Steel Limited,25134735,5000091332,4600000235,10,13-01-26,101,HRC,COIL,11513:2017,BIS,cr3,72083990,N,7.453,38987276,MATCHED
2000,R_HR_CO,Hot Rolled Black Coil,26AJ0837R0,22.375,2001,2.2,1235,0011000139,JSW Steel Limited,26001959,5000091333,4600000235,30,13-01-26,101,HRC,COIL,11513:2017,BIS,cr3,72083990,N,7.453,85942201,MATCHED
2000,R_HR_CO,Hot Rolled Black Coil,26AJ0838R0,22.295,2001,2,1235,0011000139,JSW Steel Limited,26001921,5000091334,4600000235,20,13-01-26,101,HRC,COIL,11513:2017,BIS,cr3,72083990,N,7.453,79705983,MATCHED
2000,R_HR_CO,Hot Rolled Black Coil,26AJ0839R0,21.98,2001,2.2,1235,0011000139,JSW Steel Limited,26001669,5000091335,4600000235,30,13-01-26,101,HRC,COIL,11513:2017,BIS,cr3,72083990,N,7.453,29987000,MATCHED
2000,R_HR_CO,Hot Rolled Black Coil,26AJ0840R0,21.945,2001,2,1235,0011000139,JSW Steel Limited,26001917,5000091336,4600000235,20,13-01-26,101,HRC,COIL,11513:2017,BIS,cr3,72083990,N,7.453,40420154,MATCHED
2000,R_HR_CO,Hot Rolled Black Coil,26AJ0841R0,21.525,2001,2.8,1160,0011000144,JSW Vijayanagar Metallics Limited,26205451,5000091356,4600000242,20,24-01-26,101,HRC,COIL,11513:2017,BIS,cr3,72083990,N,7.453,57745233,MATCHED
2000,R_HR_CO,Hot Rolled Black Coil,26AJ0842R0,21.465,2001,2.8,1180,0011000144,JSW Vijayanagar Metallics Limited,26205447,5000091359,4600000242,10,24-01-26,101,HRC,COIL,11513:2017,BIS,cr3,72083990,N,7.453,32196391,MATCHED
2000,R_HR_CO,Hot Rolled Black Coil,26AJ0843R0,21.49,2001,2.8,1160,0011000144,JSW Vijayanagar Metallics Limited,26205535,5000091360,4600000242,20,24-01-26,101,HRC,COIL,11513:2017,BIS,cr3,72083990,N,7.453,11881580,MATCHED
2000,R_HR_CO,Hot Rolled Black Coil,26AJ0844R0,28.635,2001,2.8,1265,0011000144,JSW Vijayanagar Metallics Limited,26203074,5000091361,4600000242,30,24-01-26,101,HRC,COIL,11513:2017,BIS,cr3,72083990,N,7.453,64114379,MATCHED
2000,R_HR_CO,Hot Rolled Black Coil,26AJ0845R0,23.09,2001,2.8,1265,0011000144,JSW Vijayanagar Metallics Limited,26201761,5000091362,4600000242,30,24-01-26,101,HRC,COIL,11513:2017,BIS,cr3,72083990,N,7.453,42583741,MATCHED
2000,R_HR_CO,Hot Rolled Black Coil,26AJ0846R0,23.11,2001,2.8,1265,0011000144,JSW Vijayanagar Metallics Limited,26201760,5000091363,4600000242,30,24-01-26,101,HRC,COIL,11513:2017,BIS,cr3,72083990,N,7.453,68223548,MATCHED
2000,R_HR_CO,Hot Rolled Black Coil,26AJ0892R0,20.795,2001,2.8,1190,0011000144,JSW Vijayanagar Metallics Limited,26205535,5000091444,4600000232,270,05-01-26,101,HRC,COIL,11513:2017,BIS,cr2,72083990,N,7.453,54462408,MATCHED
2000,R_HR>3MM_CO,Hot Rolled Black Coil 3mm & Above,26AJ0951R0,30.375,2001,3,1500,0011000144,JSW Vijayanagar Metallics Limited,26211619,5000091621,4600000243,160,27-01-26,101,HRC,COIL,11513:2017,BIS,cr3,72083890,N,7.453,25621905,MATCHED
2000,R_HR>3MM_CO,Hot Rolled Black Coil 3mm & Above,26AJ0952R0,30.265,2001,3,1500,0011000144,JSW Vijayanagar Metallics Limited,26211717,5000091622,4600000243,160,27-01-26,101,HRC,COIL,11513:2017,BIS,cr3,72083890,N,7.453,46434434,MATCHED
2000,R_HR>3MM_CO,Hot Rolled Black Coil 3mm & Above,26AJ0953R0,30.3,2001,3,1500,0011000144,JSW Vijayanagar Metallics Limited,26211718,5000091623,4600000243,160,27-01-26,101,HRC,COIL,11513:2017,BIS,cr3,72083890,N,7.453,22894120,MATCHED
2000,R_HR>3MM_CO,Hot Rolled Black Coil 3mm & Above,26AJ0954R0,30.35,2001,3,1500,0011000144,JSW Vijayanagar Metallics Limited,26211620,5000091624,4600000243,160,27-01-26,101,HRC,COIL,11513:2017,BIS,cr3,72083890,N,7.453,28910926,MATCHED
2000,R_HR>3MM_CO,Hot Rolled Black Coil 3mm & Above,26AJ0955R0,30.305,2001,3,1500,0011000144,JSW Vijayanagar Metallics Limited,26211714,5000091630,4600000243,160,27-01-26,101,HRC,COIL,11513:2017,BIS,cr3,72083890,N,7.453,22689028,MATCHED
2000,R_HR_CO,Hot Rolled Black Coil,26AJ0956R0,27.315,2001,2.8,1230,0011000144,JSW Vijayanagar Metallics Limited,26206623,5000091632,4600000243,50,27-01-26,101,HRC,COIL,11513:2017,BIS,cr2,72083990,N,7.453,80652174,MATCHED
2000,R_HR_CO,Hot Rolled Black Coil,26AJ0957R0,24.765,2001,2,1080,0011000144,JSW Vijayanagar Metallics Limited,26206892,5000091634,4600000243,80,27-01-26,101,HRC,COIL,11513:2017,BIS,cr3,72083990,N,7.453,46289283,MATCHED
2000,R_HR>3MM_CO,Hot Rolled Black Coil 3mm & Above,26AJ0958R0,26.33,2001,3,1210,0011000144,JSW Vijayanagar Metallics Limited,26207073,5000091635,4600000243,110,27-01-26,101,HRC,COIL,11513:2017,BIS,cr2,72083890,N,7.453,33108209,MATCHED
2000,R_HR>3MM_CO,Hot Rolled Black Coil 3mm & Above,26AJ0959R0,27.495,2001,3,1210,0011000144,JSW Vijayanagar Metallics Limited,26206637,5000091636,4600000243,110,27-01-26,101,HRC,COIL,11513:2017,BIS,cr2,72083890,N,7.453,39600690,MATCHED
2000,R_HR_CO,Hot Rolled Black Coil,26AJ0965R0,21.45,2001,2,1080,0011000144,JSW Vijayanagar Metallics Limited,26206804,5000091732,4600000243,80,27-01-26,101,HRC,COIL,11513:2017,BIS,cr3,72083990,N,7.453,48428793,MATCHED
2000,R_HR_CO,Hot Rolled Black Coil,26AJ0966R0,27.305,2001,2.8,1260,0011000144,JSW Vijayanagar Metallics Limited,26206475,5000091736,4600000243,60,27-01-26,101,HRC,COIL,11513:2017,BIS,cr2,72083990,N,7.453,51970177,MATCHED
2000,R_HR_CO,Hot Rolled Black Coil,26AJ0967R0,26.41,2001,2.2,1110,0011000144,JSW Vijayanagar Metallics Limited,26212181,5000091737,4600000243,170,27-01-26,101,HRC,COIL,11513:2017,BIS,cr3,72083990,N,7.453,27482712,MATCHED
2000,R_HR_CO,Hot Rolled Black Coil,26AJ0968R0,27.405,2001,2.8,1230,0011000144,JSW Vijayanagar Metallics Limited,26206629,5000091741,4600000243,50,27-01-26,101,HRC,COIL,11513:2017,BIS,cr2,72083990,N,7.453,96933548,MATCHED
2000,R_HR>3MM_CO,Hot Rolled Black Coil 3mm & Above,26AJ0969R0,23.1,2001,3.6,1230,0011000144,JSW Vijayanagar Metallics Limited,26211971,5000091746,4600000243,90,27-01-26,101,HRC,COIL,11513:2017,BIS,cr2,72083890,N,7.453,13017085,MATCHED
2000,R_HR>3MM_CO,Hot Rolled Black Coil 3mm & Above,26AJ0970R0,30.31,2001,3,1500,0011000144,JSW Vijayanagar Metallics Limited,26211622,5000091749,4600000243,160,27-01-26,101,HRC,COIL,11513:2017,BIS,cr3,72083890,N,7.453,93314414,MATCHED
2000,R_HR_CO,Hot Rolled Black Coil,26AJ0971R0,27.21,2001,2.5,1230,0011000144,JSW Vijayanagar Metallics Limited,26204994,5000091751,4600000243,20,27-01-26,101,HRC,COIL,11513:2017,BIS,cr3,72083990,N,7.453,98917478,MATCHED
2000,R_HR>3MM_CO,Hot Rolled Black Coil 3mm & Above,26AJ0972R0,30.27,2001,3,1500,0011000144,JSW Vijayanagar Metallics Limited,26211617,5000091752,4600000243,160,27-01-26,101,HRC,COIL,11513:2017,BIS,cr3,72083890,N,7.453,48024976,MATCHED
2000,R_HR_CO,Hot Rolled Black Coil,26AJ0973R0,25.19,2001,2.5,1110,0011000144,JSW Vijayanagar Metallics Limited,26207154,5000091753,4600000243,180,27-01-26,101,HRC,COIL,11513:2017,BIS,cr3,72083990,N,7.453,36338533,MATCHED
2000,R_HR_CO,Hot Rolled Black Coil,26AJ0974R0,26.74,2001,2.8,1180,0011000144,JSW Vijayanagar Metallics Limited,26206800,5000091754,4600000243,40,27-01-26,101,HRC,COIL,11513:2017,BIS,cr2,72083990,N,7.453,72332412,MATCHED
2000,R_HR>3MM_CO,Hot Rolled Black Coil 3mm & Above,26AJ0975R0,27.335,2001,3.6,1230,0011000144,JSW Vijayanagar Metallics Limited,26206609,5000091756,4600000243,90,27-01-26,101,HRC,COIL,11513:2017,BIS,cr2,72083890,N,7.453,22557218,MATCHED
2000,R_HR>3MM_CO,Hot Rolled Black Coil 3mm & Above,26AJ0976R0,27.495,RC01,3,1265,0011000144,JSW Vijayanagar Metallics Limited,26211855,5000091759,4600000243,150,27-01-26,101,HRC,COIL,11513:2017,BIS,cr3,72083890,N,7.453,13121817,MATCHED
2000,R_HR>3MM_CO,Hot Rolled Black Coil 3mm & Above,26AJ0977R0,27.465,2001,3,1265,0011000144,JSW Vijayanagar Metallics Limited,26211853,5000091766,4600000243,150,27-01-26,101,HRC,COIL,11513:2017,BIS,cr3,72083890,N,7.453,67342786,MATCHED
2000,R_HR_CO,Hot Rolled Black Coil,26AJ0978R0,27.235,2001,2.8,1260,0011000144,JSW Vijayanagar Metallics Limited,26206473,5000091773,4600000243,60,27-01-26,101,HRC,COIL,11513:2017,BIS,cr2,72083990,N,7.453,10706710,MATCHED
2000,R_HR>3MM_CO,Hot Rolled Black Coil 3mm & Above,26AJ0979R0,26.4,2001,3.6,1230,0011000144,JSW Vijayanagar Metallics Limited,26207150,5000091774,4600000243,90,27-01-26,101,HRC,COIL,11513:2017,BIS,cr2,72083890,N,7.453,81273065,MATCHED
2000,R_HR>3MM_CO,Hot Rolled Black Coil 3mm & Above,26AJ0980R0,27.52,2001,3.6,1265,0011000144,JSW Vijayanagar Metallics Limited,26211995,5000091776,4600000243,140,27-01-26,101,HRC,COIL,11513:2017,BIS,cr3,72083890,N,7.453,53840150,MATCHED
2000,R_HR_CO,Hot Rolled Black Coil,26AJ0981R0,27.33,2001,2.8,1230,0011000144,JSW Vijayanagar Metallics Limited,26206631,5000091778,4600000243,50,27-01-26,101,HRC,COIL,11513:2017,BIS,cr2,72083990,N,7.453,10071756,MATCHED
2000,R_HR_CO,Hot Rolled Black Coil,26AJ0982R0,25.42,2001,2.8,1260,0011000144,JSW Vijayanagar Metallics Limited,26207859,5000091779,4600000243,60,27-01-26,101,HRC,COIL,11513:2017,BIS,cr2,72083990,N,7.453,12152185,MATCHED
2000,R_HR>3MM_CO,Hot Rolled Black Coil 3mm & Above,26AJ0983R0,27.42,2001,3,1265,0011000144,JSW Vijayanagar Metallics Limited,26211854,5000091780,4600000243,150,27-01-26,101,HRC,COIL,11513:2017,BIS,cr3,72083890,N,7.453,20382164,MATCHED
2000,R_HR>3MM_CO,Hot Rolled Black Coil 3mm & Above,26AJ0984R0,27.465,2001,3,1265,0011000144,JSW Vijayanagar Metallics Limited,26211850,5000091781,4600000243,150,27-01-26,101,HRC,COIL,11513:2017,BIS,cr3,72083890,N,7.453,58008891,MATCHED
2000,R_HR>3MM_CO,Hot Rolled Black Coil 3mm & Above,26AJ0985R0,24.21,2001,3,1230,0011000144,JSW Vijayanagar Metallics Limited,26206845,5000091869,4600000243,120,27-01-26,101,HRC,COIL,11513:2017,BIS,cr2,72083890,N,7.453,42476002,MATCHED
2000,R_HR>3MM_CO,Hot Rolled Black Coil 3mm & Above,26AJ0986R0,27.295,2001,3,1230,0011000144,JSW Vijayanagar Metallics Limited,26206615,5000091874,4600000243,120,27-01-26,101,HRC,COIL,11513:2017,BIS,cr2,72083890,N,7.453,14724377,MATCHED
2000,R_HR>3MM_CO,Hot Rolled Black Coil 3mm & Above,26AJ0987R0,21.665,2001,3,1210,0011000144,JSW Vijayanagar Metallics Limited,26207071,5000091875,4600000243,110,27-01-26,101,HRC,COIL,11513:2017,BIS,cr2,72083890,N,7.453,47838089,MATCHED
2000,R_HR>3MM_CO,Hot Rolled Black Coil 3mm & Above,26AJ0988R0,27.405,2001,3.6,1230,0011000144,JSW Vijayanagar Metallics Limited,26206611,5000091878,4600000243,90,27-01-26,101,HRC,COIL,11513:2017,BIS,cr2,72083890,N,7.453,70901433,MATCHED
2000,R_HR>3MM_CO,Hot Rolled Black Coil 3mm & Above,26AJ0989R0,27.64,2001,3,1230,0011000144,JSW Vijayanagar Metallics Limited,26207884,5000091879,4600000243,120,27-01-26,101,HRC,COIL,11513:2017,BIS,cr2,72083890,N,7.453,17985770,MATCHED
2000,R_HR>3MM_CO,Hot Rolled Black Coil 3mm & Above,26AJ0990R0,29.31,2001,3,1500,0011000144,JSW Vijayanagar Metallics Limited,26211819,5000091882,4600000243,160,27-01-26,101,HRC,COIL,11513:2017,BIS,cr3,72083890,N,7.453,80728090,MATCHED
2000,R_HR_CO,Hot Rolled Black Coil,26AJ0991R0,19.415,2001,2.2,1110,0011000144,JSW Vijayanagar Metallics Limited,26212186,5000091883,4600000243,170,27-01-26,101,HRC,COIL,11513:2017,BIS,cr3,72083990,N,7.453,50998918,MATCHED
2000,R_HR>3MM_CO,Hot Rolled Black Coil 3mm & Above,26AJ0992R0,30.17,2001,3,1500,0011000144,JSW Vijayanagar Metallics Limited,26211716,5000091884,4600000243,160,27-01-26,101,HRC,COIL,11513:2017,BIS,cr3,72083890,N,7.453,19657743,MATCHED
2000,R_HR_CO,Hot Rolled Black Coil,26AJ0993R0,26.465,2001,2.2,1110,0011000144,JSW Vijayanagar Metallics Limited,26212182,5000091885,4600000243,170,27-01-26,101,HRC,COIL,11513:2017,BIS,cr3,72083990,N,7.453,59896817,MATCHED
2000,R_HR>3MM_CO,Hot Rolled Black Coil 3mm & Above,26AJ0994R0,27.17,2001,3,1230,0011000144,JSW Vijayanagar Metallics Limited,26206688,5000091888,4600000243,120,27-01-26,101,HRC,COIL,11513:2017,BIS,cr2,72083890,N,7.453,60701142,MATCHED
2000,R_HR_CO,Hot Rolled Black Coil,26AJ0995R0,27.1,2001,2.8,1180,0011000144,JSW Vijayanagar Metallics Limited,26206802,5000091891,4600000243,40,27-01-26,101,HRC,COIL,11513:2017,BIS,cr2,72083990,N,7.453,38512522,MATCHED
2000,R_HR>3MM_CO,Hot Rolled Black Coil 3mm & Above,26AJ0996R0,26.185,2001,3,1500,0011000144,JSW Vijayanagar Metallics Limited,26211820,5000091893,4600000243,160,27-01-26,101,HRC,COIL,11513:2017,BIS,cr3,72083890,N,7.453,96025820,MATCHED
2000,R_HR_CO,Hot Rolled Black Coil,26AJ0997R0,27.46,2001,2.8,1265,0011000144,JSW Vijayanagar Metallics Limited,26211857,5000091895,4600000243,190,27-01-26,101,HRC,COIL,11513:2017,BIS,cr3,72083990,N,7.453,70385436,MATCHED
2000,R_HR_CO,Hot Rolled Black Coil,26AJ0998R0,20.29,2001,2,1080,0011000144,JSW Vijayanagar Metallics Limited,26206803,5000091896,4600000243,80,27-01-26,101,HRC,COIL,11513:2017,BIS,cr3,72083990,N,7.453,14131422,MATCHED
2000,R_HR>3MM_CO,Hot Rolled Black Coil 3mm & Above,26AJ0999R0,27.415,2001,3.6,1265,0011000144,JSW Vijayanagar Metallics Limited,26211994,5000091903,4600000243,140,27-01-26,101,HRC,COIL,11513:2017,BIS,cr3,72083890,N,7.453,58554299,MATCHED
2000,R_HR>3MM_CO,Hot Rolled Black Coil 3mm & Above,26AJ1000R0,27.24,2001,3,1230,0011000144,JSW Vijayanagar Metallics Limited,26206618,5000091904,4600000243,120,27-01-26,101,HRC,COIL,11513:2017,BIS,cr2,72083890,N,7.453,85120134,MATCHED
2000,R_HR_CO,Hot Rolled Black Coil,26AJ1002R0,24.345,2001,2.5,1110,0011000144,JSW Vijayanagar Metallics Limited,26212180,5000091950,4600000243,180,27-01-26,101,HRC,COIL,11513:2017,BIS,cr3,72083990,N,7.453,37864015,MATCHED
2000,R_HR_CO,Hot Rolled Black Coil,26AJ1017R0,19.385,2001,2.2,1110,0011000144,JSW Vijayanagar Metallics Limited,26212187,5000091989,4600000243,170,27-01-26,101,HRC,COIL,11513:2017,BIS,cr3,72083990,N,7.453,39078257,MATCHED
2000,R_HR_CO,Hot Rolled Black Coil,26AJ1018R0,19.65,2001,2.2,1110,0011000144,JSW Vijayanagar Metallics Limited,26212244,5000091990,4600000243,170,27-01-26,101,HRC,COIL,11513:2017,BIS,cr3,72083990,N,7.453,73887845,MATCHED
2000,R_HR>3MM_CO,Hot Rolled Black Coil 3mm & Above,26AJ1019R0,27.445,2001,3.6,1265,0011000144,JSW Vijayanagar Metallics Limited,26211998,5000091991,4600000243,140,27-01-26,101,HRC,COIL,11513:2017,BIS,cr3,72083890,N,7.453,22109843,MATCHED
2000,R_HR>3MM_CO,Hot Rolled Black Coil 3mm & Above,26AJ1020R0,25.585,2001,3,1265,0011000144,JSW Vijayanagar Metallics Limited,26206460,5000091993,4600000243,130,27-01-26,101,HRC,COIL,11513:2017,BIS,cr3,72083890,N,7.453,92764451,MATCHED
2000,R_HR_CO,Hot Rolled Black Coil,26AJ1021R0,19.495,2001,2,1115,11000144,JVML-VJNR,26212185,5000091996,4600000243,200,24-01-26,101,HRC,COIL,11513:2017,BIS,HR3,72083990,N,7.453,18349319,MATCHED
2000,R_HR>3MM_CO,Hot Rolled Black Coil 3mm & Above,26AJ1022R0,25.3,2001,3,1265,0011000144,JSW Vijayanagar Metallics Limited,26206462,5000091997,4600000243,130,27-01-26,101,HRC,COIL,11513:2017,BIS,cr3,72083890,N,7.453,52419843,MATCHED
2000,R_HR>3MM_CO,Hot Rolled Black Coil 3mm & Above,26AJ1023R0,27.435,2001,3.6,1265,0011000144,JSW Vijayanagar Metallics Limited,26211992,5000091998,4600000243,220,27-01-26,101,HRC,COIL,11513:2017,BIS,cr3,72083890,N,7.453,64378481,MATCHED
2000,R_HR_CO,Hot Rolled Black Coil,26AJ1024R0,21.3,2001,2.5,1110,0011000144,JSW Vijayanagar Metallics Limited,26205626,5000091999,4600000243,180,27-01-26,101,HRC,COIL,11513:2017,BIS,cr3,72083990,N,7.453,56515897,MATCHED
2000,R_HR_CO,Hot Rolled Black Coil,26AJ1025R0,19.445,2001,2.2,1110,0011000144,JSW Vijayanagar Metallics Limited,26212245,5000092001,4600000243,170,27-01-26,101,HRC,COIL,11513:2017,BIS,cr3,72083990,N,7.453,24589910,MATCHED
2000,R_HR_CO,Hot Rolled Black Coil,26AJ1026R0,19.65,2001,2,1115,0011000144,JSW Vijayanagar Metallics Limited,26212184,5000092002,4600000243,200,27-01-26,101,HRC,COIL,11513:2017,BIS,cr3,72083990,N,7.453,52567985,MATCHED
2000,R_HR>3MM_CO,Hot Rolled Black Coil 3mm & Above,26AJ1027R0,26.935,2001,3,1230,0011000144,JSW Vijayanagar Metallics Limited,26206689,5000092003,4600000243,120,27-01-26,101,HRC,COIL,11513:2017,BIS,cr2,72083890,N,7.453,34023496,MATCHED
2000,R_HR_CO,Hot Rolled Black Coil,26AJ1028R0,21.18,2001,2.2,1110,0011000144,JSW Vijayanagar Metallics Limited,26205554,5000092004,4600000243,10,27-01-26,101,HRC,COIL,11513:2017,BIS,cr3,72083990,N,7.453,96680703,MATCHED
2000,R_HR_CO,Hot Rolled Black Coil,26AJ1029R0,21.42,2001,2,1080,0011000144,JSW Vijayanagar Metallics Limited,26206806,5000092005,4600000243,80,27-01-26,101,HRC,COIL,11513:2017,BIS,cr3,72083990,N,7.453,24155192,MATCHED
2000,R_HR>3MM_CO,Hot Rolled Black Coil 3mm & Above,26AJ1030R0,29.275,2001,3,1500,0011000144,JSW Vijayanagar Metallics Limited,26211822,5000092008,4600000243,160,27-01-26,101,HRC,COIL,11513:2017,BIS,cr3,72083890,N,7.453,92561717,MATCHED
2000,R_HR>3MM_CO,Hot Rolled Black Coil 3mm & Above,26AJ1031R0,29.295,2001,3,1500,0011000144,JSW Vijayanagar Metallics Limited,26211818,5000092009,4600000243,160,27-01-26,101,HRC,COIL,11513:2017,BIS,cr3,72083890,N,7.453,51463969,MATCHED
2000,R_HR_CO,Hot Rolled Black Coil,26AJ1032R0,27.1,2001,2.8,1180,0011000144,JSW Vijayanagar Metallics Limited,26206801,5000092010,4600000243,40,27-01-26,101,HRC,COIL,11513:2017,BIS,cr2,72083990,N,7.453,70150896,MATCHED
2000,R_HR>3MM_CO,Hot Rolled Black Coil 3mm & Above,26AJ1033R0,26.465,2001,3.6,1230,0011000144,JSW Vijayanagar Metallics Limited,26207151,5000092011,4600000243,90,27-01-26,101,HRC,COIL,11513:2017,BIS,cr2,72083890,N,7.453,46772544,MATCHED
2000,R_HR>3MM_CO,Hot Rolled Black Coil 3mm & Above,26AJ1034R0,27.705,2001,3,1230,0011000144,JSW Vijayanagar Metallics Limited,26207883,5000092013,4600000243,120,27-01-26,101,HRC,COIL,11513:2017,BIS,cr2,72083890,N,7.453,54843289,MATCHED
2000,R_HR>3MM_CO,Hot Rolled Black Coil 3mm & Above,26AJ1035R0,21.64,2001,3,1210,0011000144,JSW Vijayanagar Metallics Limited,26207072,5000092015,4600000243,110,27-01-26,101,HRC,COIL,11513:2017,BIS,cr2,72083890,N,7.453,15481155,MATCHED
2000,R_HR>3MM_CO,Hot Rolled Black Coil 3mm & Above,26AJ1036R0,27.33,2001,3,1230,0011000144,JSW Vijayanagar Metallics Limited,26206614,5000092016,4600000243,120,27-01-26,101,HRC,COIL,11513:2017,BIS,cr2,72083890,N,7.453,25316574,MATCHED
2000,R_HR_CO,Hot Rolled Black Coil,26AJ1037R0,27.33,2001,2.8,1230,0011000144,JSW Vijayanagar Metallics Limited,26206628,5000092017,4600000243,50,27-01-26,101,HRC,COIL,11513:2017,BIS,cr2,72083990,N,7.453,21948219,MATCHED
2000,R_HR>3MM_CO,Hot Rolled Black Coil 3mm & Above,26AJ1038R0,27.585,2001,3,1230,0011000144,JSW Vijayanagar Metallics Limited,26207885,5000092018,4600000243,120,27-01-26,101,HRC,COIL,11513:2017,BIS,cr2,72083890,N,7.453,60881844,MATCHED
2000,R_HR>3MM_CO,Hot Rolled Black Coil 3mm & Above,26AJ1039R0,27.415,2001,3.6,1230,0011000144,JSW Vijayanagar Metallics Limited,26206606,5000092089,4600000243,90,27-01-26,101,HRC,COIL,11513:2017,BIS,cr2,72083890,N,7.453,33463580,MATCHED
2000,R_HR>3MM_CO,Hot Rolled Black Coil 3mm & Above,26AJ1040R0,27.55,2001,3.6,1230,0011000144,JSW Vijayanagar Metallics Limited,26206787,5000092092,4600000243,90,27-01-26,101,HRC,COIL,11513:2017,BIS,cr2,72083890,N,7.453,56951256,MATCHED
2000,R_HR_CO,Hot Rolled Black Coil,26AJ1041R0,27.285,2001,2.8,1230,0011000144,JSW Vijayanagar Metallics Limited,26206627,5000092100,4600000243,50,27-01-26,101,HRC,COIL,11513:2017,BIS,cr2,72083990,N,7.453,64557130,MATCHED
2000,R_HR_CO,Hot Rolled Black Coil,26AJ1042R0,27.36,2001,2.8,1230,0011000144,JSW Vijayanagar Metallics Limited,26206624,5000092106,4600000243,50,27-01-26,101,HRC,COIL,11513:2017,BIS,cr2,72083990,N,7.453,43818474,MATCHED
2000,R_HR_CO,Hot Rolled Black Coil,26AJ1043R0,27.42,2001,2.8,1265,0011000144,JSW Vijayanagar Metallics Limited,26211860,5000092110,4600000243,70,27-01-26,101,HRC,COIL,11513:2017,BIS,cr3,72083990,N,7.453,91435681,MATCHED
2000,R_HR>3MM_CO,Hot Rolled Black Coil 3mm & Above,26AJ1044R0,27.315,2001,3,1265,0011000144,JSW Vijayanagar Metallics Limited,26206682,5000092113,4600000243,130,27-01-26,101,HRC,COIL,11513:2017,BIS,cr3,72083890,N,7.453,23497374,MATCHED
2000,R_HR>3MM_CO,Hot Rolled Black Coil 3mm & Above,26AJ1045R0,27.515,2001,3,1265,0011000144,JSW Vijayanagar Metallics Limited,26211851,5000092116,4600000243,150,27-01-26,101,HRC,COIL,11513:2017,BIS,cr3,72083890,N,7.453,31489669,MATCHED
2000,R_HR>3MM_CO,Hot Rolled Black Coil 3mm & Above,26AJ1046R0,27.52,2001,3.6,1265,0011000144,JSW Vijayanagar Metallics Limited,26211991,5000092118,4600000243,220,27-01-26,101,HRC,COIL,11513:2017,BIS,cr3,72083890,N,7.453,88960181,MATCHED
2000,R_HR_CO,Hot Rolled Black Coil,26AJ1047R0,27.47,2001,2.8,1265,0011000144,JSW Vijayanagar Metallics Limited,26211858,5000092120,4600000243,190,27-01-26,101,HRC,COIL,11513:2017,BIS,cr3,72083990,N,7.453,11932023,MATCHED
2000,R_HR>3MM_CO,Hot Rolled Black Coil 3mm & Above,26AJ1048R0,27.505,2001,3.6,1265,0011000144,JSW Vijayanagar Metallics Limited,26211993,5000092123,4600000243,220,27-01-26,101,HRC,COIL,11513:2017,BIS,cr3,72083890,N,7.453,11575601,MATCHED
2000,R_HR_CO,Hot Rolled Black Coil,26AT0031R0,26.35,2001,2.5,1230,0011000082,TATA STEEL LTD,257752097,5000089191,4600000216,60,05-12-25,101,HRC,COIL,11513:2017,BIS,cr3,72083990,N,7.453,10746040,MATCHED
2000,R_HR_CO,Hot Rolled Black Coil,26AT0032R0,28.49,2001,2,1235,0011000082,TATA STEEL LTD,257703087,5000089192,4600000216,40,05-12-25,101,HRC,COIL,11513:2017,BIS,cr3,72083990,N,7.453,25124051,MATCHED
2000,R_HR_CO,Hot Rolled Black Coil,26AT0033R0,27.37,2001,2,1235,11000082,TATA STEEL MERAMANDLI,257744104,5000089193,4600000216,40,01-01-26,101,HRC,COIL,11513:2017,BIS,HR3,72083990,N,7.453,84278893,MATCHED
2000,R_HR_CO,Hot Rolled Black Coil,26AT0034R0,28.71,2001,2.2,1230,0011000082,TATA STEEL LTD,257744097,5000089194,4600000216,50,05-12-25,101,HRC,COIL,11513:2017,BIS,cr3,72083990,N,7.453,76704200,MATCHED
2000,R_HR_CO,Hot Rolled Black Coil,26AT0035R0,28.77,2001,2,1235,0011000082,TATA STEEL LTD,257746103,5000089195,4600000216,40,05-12-25,101,HRC,COIL,11513:2017,BIS,cr3,72083990,N,7.453,53781590,MATCHED
2000,R_HR_CO,Hot Rolled Black Coil,26AT0036R0,26.29,2001,2.5,1230,0011000082,TATA STEEL LTD,257752094,5000089196,4600000216,60,05-12-25,101,HRC,COIL,11513:2017,BIS,cr3,72083990,N,7.453,29749761,MATCHED
2000,R_HR_CO,Hot Rolled Black Coil,26AT0037R0,27.24,2001,2.5,1230,0011000082,TATA STEEL LTD,257754018,5000089197,4600000216,60,05-12-25,101,HRC,COIL,11513:2017,BIS,cr3,72083990,N,7.453,33819381,MATCHED
2000,R_HR_CO,Hot Rolled Black Coil,26AT0038R0,27.68,2001,2.2,1230,0011000082,TATA STEEL LTD,257751094,5000089199,4600000216,50,05-12-25,101,HRC,COIL,11513:2017,BIS,cr3,72083990,N,7.453,90842789,MATCHED
2000,R_HR_CO,Hot Rolled Black Coil,26AT0039R0,28.73,2001,2,1235,0011000082,TATA STEEL LTD,257743092,5000089198,4600000216,40,05-12-25,101,HRC,COIL,11513:2017,BIS,cr3,72083990,N,7.453,87745041,MATCHED
2000,R_HR_CO,Hot Rolled Black Coil,26AT0040R0,27.79,2001,2.2,1230,0011000082,TATA STEEL LTD,257751095,5000089200,4600000216,50,05-12-25,101,HRC,COIL,11513:2017,BIS,cr3,72083990,N,7.453,70880360,MATCHED
2000,R_HR_CO,Hot Rolled Black Coil,26AT0041R0,28.73,2001,2.2,1230,0011000082,TATA STEEL LTD,257746072,5000089201,4600000216,50,05-12-25,101,HRC,COIL,11513:2017,BIS,cr3,72083990,N,7.453,56024431,MATCHED
2000,R_HR_CO,Hot Rolled Black Coil,26AT0042R0,27.1,2001,2.2,1230,0011000082,TATA STEEL LTD,257751093,5000089202,4600000216,50,05-12-25,101,HRC,COIL,11513:2017,BIS,cr3,72083990,N,7.453,22844231,MATCHED
2000,R_HR_CO,Hot Rolled Black Coil,26AT0050R0,27.58,2001,2.2,1230,0011000082,TATA STEEL LTD,257751090,5000089258,4600000216,50,05-12-25,101,HRC,COIL,11513:2017,BIS,cr3,72083990,N,7.453,59505470,MATCHED
2000,R_HR_CO,Hot Rolled Black Coil,26AT0051R0,27.32,2001,2,1235,0011000082,TATA STEEL LTD,257751099,5000089259,4600000216,40,05-12-25,101,HRC,COIL,11513:2017,BIS,cr3,72083990,N,7.453,80685120,MATCHED
2000,R_HR_CO,Hot Rolled Black Coil,26AT0052R0,27.21,2001,2.2,1230,0011000082,TATA STEEL LTD,257751089,5000089260,4600000216,50,05-12-25,101,HRC,COIL,11513:2017,BIS,cr3,72083990,N,7.453,92075729,MATCHED
2000,R_HR_CO,Hot Rolled Black Coil,26AT0053R0,27.6,2001,2.5,1230,0011000082,TATA STEEL LTD,257751082,5000089261,4600000216,60,05-12-25,101,HRC,COIL,11513:2017,BIS,cr3,72083990,N,7.453,59126231,MATCHED
2000,R_HR_CO,Hot Rolled Black Coil,26AT0054R0,27.64,2001,2.2,1230,0011000082,TATA STEEL LTD,257751092,5000089262,4600000216,50,05-12-25,101,HRC,COIL,11513:2017,BIS,cr3,72083990,N,7.453,32322369,MATCHED
2000,R_HR_CO,Hot Rolled Black Coil,26AT0055R0,27.61,2001,2,1235,0011000082,TATA STEEL LTD,257751097,5000089263,4600000216,40,05-12-25,101,HRC,COIL,11513:2017,BIS,cr3,72083990,N,7.453,69957804,MATCHED
2000,R_HR_CO,Hot Rolled Black Coil,26AT0056R0,27.81,2001,2.2,1230,0011000082,TATA STEEL LTD,257751096,5000089264,4600000216,50,05-12-25,101,HRC,COIL,11513:2017,BIS,cr3,72083990,N,7.453,16590823,MATCHED
2000,R_HR_CO,Hot Rolled Black Coil,26AT0057R0,27.64,2001,2.2,1230,0011000082,TATA STEEL LTD,257751087,5000089265,4600000216,50,05-12-25,101,HRC,COIL,11513:2017,BIS,cr3,72083990,N,7.453,88114486,MATCHED
2000,R_HR_CO,Hot Rolled Black Coil,26AT0058R0,27.55,2001,2.2,1230,0011000082,TATA STEEL LTD,257751091,5000089266,4600000216,50,05-12-25,101,HRC,COIL,11513:2017,BIS,cr3,72083990,N,7.453,71724043,MATCHED
2000,R_HR_CO,Hot Rolled Black Coil,26AT0059R0,28.57,2001,2.2,1230,0011000082,TATA STEEL LTD,257746077,5000089267,4600000216,50,05-12-25,101,HRC,COIL,11513:2017,BIS,cr3,72083990,N,7.453,46654756,MATCHED
2000,R_HR_CO,Hot Rolled Black Coil,26AT0060R0,27.52,2001,2.2,1230,0011000082,TATA STEEL LTD,257751088,5000089268,4600000216,50,05-12-25,101,HRC,COIL,11513:2017,BIS,cr3,72083990,N,7.453,51074355,MATCHED
2000,R_HR_CO,Hot Rolled Black Coil,26AT0061R0,28.69,2001,2,1235,0011000082,TATA STEEL LTD,257744102,5000089269,4600000216,40,05-12-25,101,HRC,COIL,11513:2017,BIS,cr3,72083990,N,7.453,48325150,MATCHED
2000,R_HR_CO,Hot Rolled Black Coil,26AT0062R0,28.68,2001,2,1235,0011000082,TATA STEEL LTD,257745088,5000089270,4600000216,40,05-12-25,101,HRC,COIL,11513:2017,BIS,cr3,72083990,N,7.453,91988461,MATCHED
2000,R_HR_CO,Hot Rolled Black Coil,26AT0063R0,28.84,2001,2.5,1230,0011000082,TATA STEEL LTD,257746091,5000089271,4600000216,60,05-12-25,101,HRC,COIL,11513:2017,BIS,cr3,72083990,N,7.453,50373219,MATCHED
2000,R_HR_CO,Hot Rolled Black Coil,26AT0064R0,27.72,2001,2.5,1230,0011000082,TATA STEEL LTD,257751086,5000089272,4600000216,60,05-12-25,101,HRC,COIL,11513:2017,BIS,cr3,72083990,N,7.453,56004321,MATCHED
2000,R_HR_CO,Hot Rolled Black Coil,26AT0065R0,28.66,2001,2,1235,0011000082,TATA STEEL LTD,257745087,5000089280,4600000216,40,05-12-25,101,HRC,COIL,11513:2017,BIS,cr3,72083990,N,7.453,92134247,MATCHED
2000,R_HR_CO,Hot Rolled Black Coil,26AT0066R0,27.54,2001,2.5,1230,0011000082,TATA STEEL LTD,257751034,5000089281,4600000216,60,05-12-25,101,HRC,COIL,11513:2017,BIS,cr3,72083990,N,7.453,88045093,MATCHED
2000,R_HR_CO,Hot Rolled Black Coil,26AT0067R0,28.85,2001,2.5,1230,0011000082,TATA STEEL LTD,257746090,5000089283,4600000216,60,05-12-25,101,HRC,COIL,11513:2017,BIS,cr3,72083990,N,7.453,94669738,MATCHED
2000,R_HR_CO,Hot Rolled Black Coil,26AT0068R0,27.94,2001,2.2,1230,0011000082,TATA STEEL LTD,257751045,5000089284,4600000216,50,05-12-25,101,HRC,COIL,11513:2017,BIS,cr3,72083990,N,7.453,18981519,MATCHED
2000,R_HR_CO,Hot Rolled Black Coil,26AT0069R0,28.71,2001,2,1235,0011000082,TATA STEEL LTD,257744106,5000089286,4600000216,40,05-12-25,101,HRC,COIL,11513:2017,BIS,cr3,72083990,N,7.453,76409400,MATCHED
2000,R_HR_CO,Hot Rolled Black Coil,26AT0070R0,27.74,2001,2.5,1230,0011000082,TATA STEEL LTD,257750068,5000089289,4600000216,60,05-12-25,101,HRC,COIL,11513:2017,BIS,cr3,72083990,N,7.453,46913028,MATCHED
2000,R_HR_CO,Hot Rolled Black Coil,26AT0071R0,27.22,2001,2.2,1230,0011000082,TATA STEEL LTD,257751043,5000089290,4600000216,50,05-12-25,101,HRC,COIL,11513:2017,BIS,cr3,72083990,N,7.453,79400395,MATCHED
2000,R_HR_CO,Hot Rolled Black Coil,26AT0072R0,27.24,2001,2.5,1230,0011000082,TATA STEEL LTD,257754017,5000089292,4600000216,60,05-12-25,101,HRC,COIL,11513:2017,BIS,cr3,72083990,N,7.453,55152312,MATCHED
2000,R_HR_CO,Hot Rolled Black Coil,26AT0073R0,26.15,2001,2.2,1230,0011000082,TATA STEEL LTD,257752101,5000089293,4600000216,50,05-12-25,101,HRC,COIL,11513:2017,BIS,cr3,72083990,N,7.453,21781351,MATCHED
2000,R_HR_CO,Hot Rolled Black Coil,26AT0074R0,28.77,2001,2,1235,0011000082,TATA STEEL LTD,257744107,5000089294,4600000216,40,05-12-25,101,HRC,COIL,11513:2017,BIS,cr3,72083990,N,7.453,20548617,MATCHED
2000,R_HR_CO,Hot Rolled Black Coil,26AT0075R0,26.04,2001,2.2,1230,0011000082,TATA STEEL LTD,257752102,5000089296,4600000216,50,05-12-25,101,HRC,COIL,11513:2017,BIS,cr3,72083990,N,7.453,23768364,MATCHED
2000,R_HR_CO,Hot Rolled Black Coil,26AT0076R0,28.69,2001,2,1235,0011000082,TATA STEEL LTD,257743095,5000089297,4600000216,40,05-12-25,101,HRC,COIL,11513:2017,BIS,cr3,72083990,N,7.453,69363660,MATCHED
2000,R_HR_CO,Hot Rolled Black Coil,26AT0077R0,26.24,2001,2.2,1230,0011000082,TATA STEEL LTD,257752105,5000089300,4600000216,50,05-12-25,101,HRC,COIL,11513:2017,BIS,cr3,72083990,N,7.453,50377928,MATCHED
2000,R_HR_CO,Hot Rolled Black Coil,26AT0078R0,27.3,2001,2.2,1230,0011000082,TATA STEEL LTD,257752103,5000089303,4600000216,50,05-12-25,101,HRC,COIL,11513:2017,BIS,cr3,72083990,N,7.453,66010807,MATCHED
2000,R_HR_CO,Hot Rolled Black Coil,26AT0079R0,28.76,2001,2.2,1230,0011000082,TATA STEEL LTD,257745084,5000089304,4600000216,50,05-12-25,101,HRC,COIL,11513:2017,BIS,cr3,72083990,N,7.453,79501499,MATCHED
2000,R_HR_CO,Hot Rolled Black Coil,26AT0080R0,28.65,2001,2,1235,0011000082,TATA STEEL LTD,257744101,5000089310,4600000216,40,05-12-25,101,HRC,COIL,11513:2017,BIS,cr3,72083990,N,7.453,28096478,MATCHED
2000,R_HR_CO,Hot Rolled Black Coil,26AT0081R0,28.73,2001,2,1235,0011000082,TATA STEEL LTD,257744098,5000089312,4600000216,40,05-12-25,101,HRC,COIL,11513:2017,BIS,cr3,72083990,N,7.453,40138250,MATCHED
2000,R_HR_CO,Hot Rolled Black Coil,26AT0082R0,28.58,2001,2.2,1230,0011000082,TATA STEEL LTD,257713054,5000089314,4600000216,50,05-12-25,101,HRC,COIL,11513:2017,BIS,cr3,72083990,N,7.453,97500089,MATCHED
2000,R_HR_CO,Hot Rolled Black Coil,26AT0083R0,28.72,2001,2.2,1230,0011000082,TATA STEEL LTD,257745086,5000089317,4600000216,50,05-12-25,101,HRC,COIL,11513:2017,BIS,cr3,72083990,N,7.453,75776763,MATCHED
2000,R_HR_CO,Hot Rolled Black Coil,26AT0084R0,28.68,2001,2,1235,0011000082,TATA STEEL LTD,257743093,5000089319,4600000216,40,05-12-25,101,HRC,COIL,11513:2017,BIS,cr3,72083990,N,7.453,15471323,MATCHED
2000,R_HR_CO,Hot Rolled Black Coil,26AT0085R0,27.74,2001,2.2,1230,0011000082,TATA STEEL LTD,257746079,5000089321,4600000216,50,05-12-25,101,HRC,COIL,11513:2017,BIS,cr3,72083990,N,7.453,77054663,MATCHED
2000,R_HR_CO,Hot Rolled Black Coil,26AT0086R0,27.76,2001,2.2,1230,0011000082,TATA STEEL LTD,257703038A,5000089322,4600000216,50,05-12-25,101,HRC,COIL,11513:2017,BIS,cr3,72083990,N,7.453,96415212,MATCHED
2000,R_HR_CO,Hot Rolled Black Coil,26AT0087R0,27.87,2001,2,1235,0011000082,TATA STEEL LTD,257744100,5000089323,4600000216,40,05-12-25,101,HRC,COIL,11513:2017,BIS,cr3,72083990,N,7.453,81147183,MATCHED
2000,R_HR_CO,Hot Rolled Black Coil,26AT0088R0,27.73,2001,2.5,1230,0011000082,TATA STEEL LTD,257751077,5000089325,4600000216,60,05-12-25,101,HRC,COIL,11513:2017,BIS,cr3,72083990,N,7.453,96752657,MATCHED
2000,R_HR_CO,Hot Rolled Black Coil,26AT0089R0,27.63,2001,2.2,1230,0011000082,TATA STEEL LTD,257751039,5000089326,4600000216,50,05-12-25,101,HRC,COIL,11513:2017,BIS,cr3,72083990,N,7.453,14724027,MATCHED
2000,R_HR_CO,Hot Rolled Black Coil,26AT0090R0,27.82,2001,2.2,1230,0011000082,TATA STEEL LTD,257751041,5000089328,4600000216,50,05-12-25,101,HRC,COIL,11513:2017,BIS,cr3,72083990,N,7.453,97942627,MATCHED
2000,R_HR_CO,Hot Rolled Black Coil,26AT0091R0,27.71,2001,2.2,1230,0011000082,TATA STEEL LTD,257751038,5000089329,4600000216,50,05-12-25,101,HRC,COIL,11513:2017,BIS,cr3,72083990,N,7.453,54911747,MATCHED
2000,R_HR_CO,Hot Rolled Black Coil,26AT0092R0,27.75,2001,2.2,1230,0011000082,TATA STEEL LTD,257751046,5000089330,4600000216,50,05-12-25,101,HRC,COIL,11513:2017,BIS,cr3,72083990,N,7.453,97174371,MATCHED
2000,R_HR_CO,Hot Rolled Black Coil,26AT0093R0,28.84,2001,2.2,1230,0011000082,TATA STEEL LTD,257746074,5000089331,4600000216,50,05-12-25,101,HRC,COIL,11513:2017,BIS,cr3,72083990,N,7.453,71451184,MATCHED
2000,R_HR_CO,Hot Rolled Black Coil,26AT0094R0,27.42,2001,2.5,1230,0011000082,TATA STEEL LTD,257752090,5000089332,4600000216,60,05-12-25,101,HRC,COIL,11513:2017,BIS,cr3,72083990,N,7.453,72866339,MATCHED
2000,R_HR_CO,Hot Rolled Black Coil,26AT0095R0,28.75,2001,2,1235,0011000082,TATA STEEL LTD,257744103,5000089333,4600000216,40,05-12-25,101,HRC,COIL,11513:2017,BIS,cr3,72083990,N,7.453,32373049,MATCHED
2000,R_HR_CO,Hot Rolled Black Coil,26AT0096R0,27.84,2001,2.2,1230,0011000082,TATA STEEL LTD,257751040,5000089343,4600000216,50,05-12-25,101,HRC,COIL,11513:2017,BIS,cr3,72083990,N,7.453,81303880,MATCHED
2000,R_HR_CO,Hot Rolled Black Coil,26AT0097R0,28.6,2001,2.2,1230,0011000082,TATA STEEL LTD,257746075,5000089344,4600000216,50,05-12-25,101,HRC,COIL,11513:2017,BIS,cr3,72083990,N,7.453,60784351,MATCHED
2000,R_HR_CO,Hot Rolled Black Coil,26AT0098R0,27.59,2001,2.5,1230,0011000082,TATA STEEL LTD,257751083,5000089345,4600000216,60,05-12-25,101,HRC,COIL,11513:2017,BIS,cr3,72083990,N,7.453,65526891,MATCHED
2000,R_HR_CO,Hot Rolled Black Coil,26AT0099R0,27.77,2001,2,1235,0011000082,TATA STEEL LTD,257746100A,5000089346,4600000216,40,05-12-25,101,HRC,COIL,11513:2017,BIS,cr3,72083990,N,7.453,99387012,MATCHED
2000,R_HR_CO,Hot Rolled Black Coil,26AT0100R0,28.71,2001,2.5,1230,0011000082,TATA STEEL LTD,257744094,5000089347,4600000216,60,05-12-25,101,HRC,COIL,11513:2017,BIS,cr3,72083990,N,7.453,31122593,MATCHED
2000,R_HR_CO,Hot Rolled Black Coil,26AT0101R0,26.31,2001,2.2,1230,0011000082,TATA STEEL LTD,257752104,5000089348,4600000216,50,05-12-25,101,HRC,COIL,11513:2017,BIS,cr3,72083990,N,7.453,97277035,MATCHED
2000,R_HR_CO,Hot Rolled Black Coil,26AT0102R0,27.9,2001,2.5,1230,0011000082,TATA STEEL LTD,257751080,5000089349,4600000216,60,05-12-25,101,HRC,COIL,11513:2017,BIS,cr3,72083990,N,7.453,17121497,MATCHED
2000,R_HR_CO,Hot Rolled Black Coil,26AT0103R0,28.04,2001,2.5,1230,0011000082,TATA STEEL LTD,257751036,5000089350,4600000216,60,05-12-25,101,HRC,COIL,11513:2017,BIS,cr3,72083990,N,7.453,58903192,MATCHED
2000,R_HR_CO,Hot Rolled Black Coil,26AT0104R0,26.34,2001,2.5,1230,0011000082,TATA STEEL LTD,257752098,5000089351,4600000216,60,05-12-25,101,HRC,COIL,11513:2017,BIS,cr3,72083990,N,7.453,16852741,MATCHED
2000,R_HR_CO,Hot Rolled Black Coil,26AT0105R0,27.55,2001,2.5,1230,0011000082,TATA STEEL LTD,257751081,5000089352,4600000216,60,05-12-25,101,HRC,COIL,11513:2017,BIS,cr3,72083990,N,7.453,36738558,MATCHED
2000,R_HR_CO,Hot Rolled Black Coil,26AT0106R0,27.81,2001,2.2,1230,0011000082,TATA STEEL LTD,257751047,5000089353,4600000216,50,05-12-25,101,HRC,COIL,11513:2017,BIS,cr3,72083990,N,7.453,51063605,MATCHED
2000,R_HR_CO,Hot Rolled Black Coil,26AT0107R0,27.81,2001,2.5,1230,0011000082,TATA STEEL LTD,257751079,5000089354,4600000216,60,05-12-25,101,HRC,COIL,11513:2017,BIS,cr3,72083990,N,7.453,50177931,MATCHED
2000,R_HR_CO,Hot Rolled Black Coil,26AT0108R0,28.77,2001,2.2,1230,0011000082,TATA STEEL LTD,257746071,5000089357,4600000216,50,05-12-25,101,HRC,COIL,11513:2017,BIS,cr3,72083990,N,7.453,96861574,MATCHED
2000,R_HR_CO,Hot Rolled Black Coil,26AT0109R0,27.35,2001,2,1235,0011000082,TATA STEEL LTD,257751100,5000089358,4600000216,40,05-12-25,101,HRC,COIL,11513:2017,BIS,cr3,72083990,N,7.453,55496887,MATCHED
2000,R_HR_CO,Hot Rolled Black Coil,26AT0110R0,27.57,2001,2.5,1230,0011000082,TATA STEEL LTD,257751084,5000089359,4600000216,60,05-12-25,101,HRC,COIL,11513:2017,BIS,cr3,72083990,N,7.453,59223919,MATCHED
2000,R_HR_CO,Hot Rolled Black Coil,26AT0111R0,28.53,2001,2.2,1230,0011000082,TATA STEEL LTD,257746073,5000089360,4600000216,50,05-12-25,101,HRC,COIL,11513:2017,BIS,cr3,72083990,N,7.453,88725725,MATCHED
2000,R_HR_CO,Hot Rolled Black Coil,26AT0112R0,27.75,2001,2.5,1230,0011000082,TATA STEEL LTD,257751037,5000089361,4600000216,60,05-12-25,101,HRC,COIL,11513:2017,BIS,cr3,72083990,N,7.453,70506000,MATCHED
2000,R_HR_CO,Hot Rolled Black Coil,26AT0113R0,28.76,2001,2.2,1230,0011000082,TATA STEEL LTD,257746076,5000089362,4600000216,50,05-12-25,101,HRC,COIL,11513:2017,BIS,cr3,72083990,N,7.453,29872041,MATCHED
2000,R_HR_CO,Hot Rolled Black Coil,26AT0114R0,27.89,2001,2.5,1230,0011000082,TATA STEEL LTD,257751035,5000089363,4600000216,60,05-12-25,101,HRC,COIL,11513:2017,BIS,cr3,72083990,N,7.453,39272375,MATCHED
2000,R_HR_CO,Hot Rolled Black Coil,26AT0115R0,28.77,2001,2.2,1230,0011000082,TATA STEEL LTD,257746081,5000089364,4600000216,50,05-12-25,101,HRC,COIL,11513:2017,BIS,cr3,72083990,N,7.453,30411374,MATCHED
2000,R_HR_CO,Hot Rolled Black Coil,26AT0116R0,27.71,2001,2.5,1230,0011000082,TATA STEEL LTD,257751033,5000089365,4600000216,60,05-12-25,101,HRC,COIL,11513:2017,BIS,cr3,72083990,N,7.453,19371833,MATCHED
2000,R_HR_CO,Hot Rolled Black Coil,26AT0117R0,27.98,2001,2,1235,0011000082,TATA STEEL LTD,257713055,5000089366,4600000216,40,05-12-25,101,HRC,COIL,11513:2017,BIS,cr3,72083990,N,7.453,76791109,MATCHED
2000,R_HR_CO,Hot Rolled Black Coil,26AT0118R0,27.27,2001,2.2,1230,0011000082,TATA STEEL LTD,257710092A,5000089367,4600000216,50,05-12-25,101,HRC,COIL,11513:2017,BIS,cr3,72083990,N,7.453,66109186,MATCHED
2000,R_HR_CO,Hot Rolled Black Coil,26AT0119R0,26.21,2001,2.5,1230,0011000082,TATA STEEL LTD,257749091,5000089368,4600000216,60,05-12-25,101,HRC,COIL,11513:2017,BIS,cr3,72083990,N,7.453,31377710,MATCHED
2000,R_HR_CO,Hot Rolled Black Coil,26AT0120R0,28.74,2001,2.2,1230,0011000082,TATA STEEL LTD,257746078,5000089369,4600000216,50,05-12-25,101,HRC,COIL,11513:2017,BIS,cr3,72083990,N,7.453,21212091,MATCHED
2000,R_HR_CO,Hot Rolled Black Coil,26AT0121R0,26.18,2001,2.5,1230,0011000082,TATA STEEL LTD,257749093,5000089370,4600000216,60,05-12-25,101,HRC,COIL,11513:2017,BIS,cr3,72083990,N,7.453,15082966,MATCHED
2000,R_HR_CO,Hot Rolled Black Coil,26AT0122R0,28.64,2001,2.5,1230,0011000082,TATA STEEL LTD,257705051,5000089375,4600000216,60,05-12-25,101,HRC,COIL,11513:2017,BIS,cr3,72083990,N,7.453,65741462,MATCHED
2000,R_HR_CO,Hot Rolled Black Coil,26AT0123R0,26.3,2001,2.5,1230,0011000082,TATA STEEL LTD,257752095,5000089377,4600000216,60,05-12-25,101,HRC,COIL,11513:2017,BIS,cr3,72083990,N,7.453,23173138,MATCHED
2000,R_HR_CO,Hot Rolled Black Coil,26AT0124R0,28.29,2001,2.2,1230,0011000082,TATA STEEL LTD,257745082,5000089378,4600000216,50,05-12-25,101,HRC,COIL,11513:2017,BIS,cr3,72083990,N,7.453,60891816,MATCHED
2000,R_HR_CO,Hot Rolled Black Coil,26AT0125R0,27.3,2001,2.5,1230,0011000082,TATA STEEL LTD,257752093,5000089379,4600000216,60,05-12-25,101,HRC,COIL,11513:2017,BIS,cr3,72083990,N,7.453,80888683,MATCHED
2000,R_HR_CO,Hot Rolled Black Coil,26AT0126R0,27.48,2001,2.2,1230,0011000082,TATA STEEL LTD,257751044,5000089380,4600000216,50,05-12-25,101,HRC,COIL,11513:2017,BIS,cr3,72083990,N,7.453,41742240,MATCHED
2000,R_HR_CO,Hot Rolled Black Coil,26AT0127R0,28.76,2001,2,1235,0011000082,TATA STEEL LTD,257743094,5000089381,4600000216,40,05-12-25,101,HRC,COIL,11513:2017,BIS,cr3,72083990,N,7.453,39715072,MATCHED
2000,R_HR_CO,Hot Rolled Black Coil,26AT0128R0,27.79,2001,2.5,1230,0011000082,TATA STEEL LTD,257751078,5000089382,4600000216,60,05-12-25,101,HRC,COIL,11513:2017,BIS,cr3,72083990,N,7.453,17868823,MATCHED
2000,R_HR_CO,Hot Rolled Black Coil,26AT0129R0,27.22,2001,2.5,1230,0011000082,TATA STEEL LTD,257752087,5000089383,4600000216,60,05-12-25,101,HRC,COIL,11513:2017,BIS,cr3,72083990,N,7.453,77995806,MATCHED
2000,R_HR_CO,Hot Rolled Black Coil,26AT0130R0,28.6,2001,2,1235,0011000082,TATA STEEL LTD,257743097,5000089384,4600000216,40,05-12-25,101,HRC,COIL,11513:2017,BIS,cr3,72083990,N,7.453,78787892,MATCHED
2000,R_HR_CO,Hot Rolled Black Coil,26AT0131R0,28.51,2001,2.2,1230,0011000082,TATA STEEL LTD,257746092,5000089385,4600000216,50,05-12-25,101,HRC,COIL,11513:2017,BIS,cr3,72083990,N,7.453,18276280,MATCHED
2000,R_HR_CO,Hot Rolled Black Coil,26AT0132R0,26.73,2001,2,1235,0011000082,TATA STEEL LTD,257744105,5000089386,4600000216,40,05-12-25,101,HRC,COIL,11513:2017,BIS,cr3,72083990,N,7.453,92389285,MATCHED
2000,R_HR_CO,Hot Rolled Black Coil,26AT0133R0,27.83,2001,2,1235,0011000082,TATA STEEL LTD,257746099A,5000089391,4600000216,40,05-12-25,101,HRC,COIL,11513:2017,BIS,cr3,72083990,N,7.453,71983410,MATCHED
2000,R_HR_CO,Hot Rolled Black Coil,26AT0134R0,26.59,2001,2,1235,0011000082,TATA STEEL LTD,257744099B,5000089392,4600000216,40,05-12-25,101,HRC,COIL,11513:2017,BIS,cr3,72083990,N,7.453,13430199,MATCHED
2000,R_HR_CO,Hot Rolled Black Coil,26AT0135R0,28.72,2001,2,1235,0011000082,TATA STEEL LTD,257743096,5000089393,4600000216,40,05-12-25,101,HRC,COIL,11513:2017,BIS,cr3,72083990,N,7.453,74017637,MATCHED
2000,R_HR_CO,Hot Rolled Black Coil,26AT0136R0,28.73,2001,2,1235,0011000082,TATA STEEL LTD,257712081,5000089394,4600000216,40,05-12-25,101,HRC,COIL,11513:2017,BIS,cr3,72083990,N,7.453,63036709,MATCHED
2000,R_HR_CO,Hot Rolled Black Coil,26AT0137R0,28.74,2001,2,1235,0011000082,TATA STEEL LTD,257703066,5000089395,4600000216,40,05-12-25,101,HRC,COIL,11513:2017,BIS,cr3,72083990,N,7.453,87099899,MATCHED
2000,R_HR_CO,Hot Rolled Black Coil,26AT0138R0,27.02,2001,2.2,1230,0011000082,TATA STEEL LTD,257751042,5000089396,4600000216,50,05-12-25,101,HRC,COIL,11513:2017,BIS,cr3,72083990,N,7.453,66786497,MATCHED
2000,R_HR_CO,Hot Rolled Black Coil,26AT0150R0,27.4,2001,2,1235,0011000082,TATA STEEL LTD,257751098,5000089417,4600000227,40,03-01-26,101,HRC,COIL,11513:2017,BIS,cr3,72083990,N,7.453,18102853,MATCHED
2000,R_HR>3MM_CO,Hot Rolled Black Coil 3mm & Above,26AT0151R0,28.82,2001,3,1250,0011000082,TATA STEEL LTD,257746066,5000089418,4600000227,20,03-01-26,101,HRC,COIL,11513:2017,BIS,cr3,72083890,N,7.453,72023591,MATCHED
2000,R_HR>3MM_CO,Hot Rolled Black Coil 3mm & Above,26AT0152R0,27.74,2001,3,1250,0011000082,TATA STEEL LTD,257751028,5000089419,4600000227,20,03-01-26,101,HRC,COIL,11513:2017,BIS,cr3,72083890,N,7.453,84450559,MATCHED
2000,R_HR_CO,Hot Rolled Black Coil,26AT0153R0,28.79,2001,2.8,1250,0011000082,TATA STEEL LTD,257751076,5000089420,4600000227,10,03-01-26,101,HRC,COIL,11513:2017,BIS,cr3,72083990,N,7.453,53528550,MATCHED
2000,R_HR_CO,Hot Rolled Black Coil,26AT0154R0,27.79,2001,2.8,1250,0011000082,TATA STEEL LTD,257751032,5000089421,4600000227,10,03-01-26,101,HRC,COIL,11513:2017,BIS,cr3,72083990,N,7.453,56625594,MATCHED
2000,R_HR_CO,Hot Rolled Black Coil,26AT0155R0,27.69,2001,2.8,1250,0011000082,TATA STEEL LTD,257751031,5000089422,4600000227,10,03-01-26,101,HRC,COIL,11513:2017,BIS,cr3,72083990,N,7.453,29596921,MATCHED
2000,R_HR>3MM_CO,Hot Rolled Black Coil 3mm & Above,26AT0156R0,27.76,2001,3,1250,0011000082,TATA STEEL LTD,257751029,5000089424,4600000227,20,03-01-26,101,HRC,COIL,11513:2017,BIS,cr3,72083890,N,7.453,11703303,MATCHED
2000,R_HR_CO,Hot Rolled Black Coil,26AT0162R0,28.67,2001,2.5,1230,0011000082,TATA STEEL LTD,257744095,5000089448,4600000216,60,05-12-25,101,HRC,COIL,11513:2017,BIS,cr3,72083990,N,7.453,38669534,MATCHED
2000,R_HR_CO,Hot Rolled Black Coil,26AT0284R0,23.75,2001,2,1235,0011000082,TATA STEEL LTD,257758099,5000089699,4600000231,10,05-01-26,101,HRC,COIL,11513:2017,BIS,cr3,72083990,N,7.453,50638973,MATCHED
2000,R_HR_CO,Hot Rolled Black Coil,26AT0285R0,23.89,2001,2,1235,0011000082,TATA STEEL LTD,257758092,5000089699,4600000231,10,05-01-26,101,HRC,COIL,11513:2017,BIS,cr3,72083990,N,7.453,32972151,MATCHED
2000,R_HR_CO,Hot Rolled Black Coil,26AT0286R0,26.84,2001,2.2,1230,0011000082,TATA STEEL LTD,257752100,5000089700,4600000231,20,05-01-26,101,HRC,COIL,11513:2017,BIS,cr3,72083990,N,7.453,50811843,MATCHED
2000,R_HR_CO,Hot Rolled Black Coil,26AT0287R0,21.16,2001,2.5,1230,0011000082,TATA STEEL LTD,257754016,5000089716,4600000231,30,05-01-26,101,HRC,COIL,11513:2017,BIS,cr3,72083990,N,7.453,76348898,MATCHED
2000,R_HR_CO,Hot Rolled Black Coil,26AT0288R0,27.34,2001,2.5,1230,0011000082,TATA STEEL LTD,257752085,5000089716,4600000231,30,05-01-26,101,HRC,COIL,11513:2017,BIS,cr3,72083990,N,7.453,65099680,MATCHED
2000,R_HR_CO,Hot Rolled Black Coil,26AT0308R0,16.05,2001,2.5,1230,0011000082,TATA STEEL LTD,257748101B,5000089751,4600000231,30,05-01-26,101,HRC,COIL,11513:2017,BIS,cr3,72083990,N,7.453,85668570,MATCHED
2000,R_HR_CO,Hot Rolled Black Coil,26AT0309R0,18.95,2001,2.5,1230,0011000082,TATA STEEL LTD,257748099B,5000089751,4600000231,30,05-01-26,101,HRC,COIL,11513:2017,BIS,cr3,72083990,N,7.453,78061846,MATCHED
2000,R_HR_CO,Hot Rolled Black Coil,26AT0341R0,28.45,RC01,2.2,1230,0011000082,TATA STEEL LTD,257745083,5000089825,4600000231,20,05-01-26,101,HRC,COIL,11513:2017,BIS,cr3,72083990,N,7.453,79135004,MATCHED
2000,R_HR_CO,Hot Rolled Black Coil,26AT0378R0,26.32,2001,2.5,1230,0011000082,TATA STEEL LTD,257748100,5000089937,4600000231,30,05-01-26,101,HRC,COIL,11513:2017,BIS,cr3,72083990,N,7.453,51287022,MATCHED
2000,R_HR_CO,Hot Rolled Black Coil,26AT0379R0,24.83,2001,2,1235,0011000082,TATA STEEL LTD,267791068,5000089944,4600000231,10,05-01-26,101,HRC,COIL,11513:2017,BIS,cr3,72083990,N,7.453,33830581,MATCHED
2000,R_HR_CO,Hot Rolled Black Coil,26AT0380R0,23.89,2001,2.5,1230,0011000082,TATA STEEL LTD,257709075,5000089951,4600000231,30,05-01-26,101,HRC,COIL,11513:2017,BIS,cr3,72083990,N,7.453,45241802,MATCHED
2000,R_HR_CO,Hot Rolled Black Coil,26AT0513R0,28.85,2001,2,1235,0011000082,TATA STEEL LTD,257746102,5000090229,4600000227,40,03-01-26,101,HRC,COIL,11513:2017,BIS,cr3,72083990,N,7.453,45853664,MATCHED
2000,R_HR_CO,Hot Rolled Black Coil,26AT0515R0,28.83,2001,2.2,1230,0011000082,TATA STEEL LTD,257746082,5000090231,4600000216,50,05-12-25,101,HRC,COIL,11513:2017,BIS,cr3,72083990,N,7.453,28932144,MATCHED
2000,R_HR_CO,Hot Rolled Black Coil,26AT0518R0,28.81,2001,2,1235,0011000082,TATA STEEL LTD,257743091,5000090234,4600000227,40,03-01-26,101,HRC,COIL,11513:2017,BIS,cr3,72083990,N,7.453,70076184,MATCHED
2000,R_HR_CO,Hot Rolled Black Coil,26AT0520R0,28.81,2001,2.5,1230,0011000082,TATA STEEL LTD,257746089,5000090236,4600000216,60,05-12-25,101,HRC,COIL,11513:2017,BIS,cr3,72083990,N,7.453,21710974,MATCHED
2000,R_HR_CO,Hot Rolled Black Coil,26AT0522R0,28.81,2001,2.5,1230,0011000082,TATA STEEL LTD,257703035,5000090238,4600000216,60,05-12-25,101,HRC,COIL,11513:2017,BIS,cr3,72083990,N,7.453,76632418,MATCHED
2000,R_HR_CO,Hot Rolled Black Coil,26AT0524R0,28.78,2001,2.2,1230,0011000082,TATA STEEL LTD,257746095,5000090240,4600000216,50,05-12-25,101,HRC,COIL,11513:2017,BIS,cr3,72083990,N,7.453,94905584,MATCHED
2000,R_HR_CO,Hot Rolled Black Coil,26AT0526R0,28.83,2001,2.2,1230,0011000082,TATA STEEL LTD,257744096,5000090242,4600000216,50,05-12-25,101,HRC,COIL,11513:2017,BIS,cr3,72083990,N,7.453,85865962,MATCHED
2000,R_HR_CO,Hot Rolled Black Coil,26AT0541R0,28.82,2001,2,1235,0011000082,TATA STEEL LTD,257746101,5000090299,4600000227,40,03-01-26,101,HRC,COIL,11513:2017,BIS,cr3,72083990,N,7.453,26312618,MATCHED
2000,R_HR_CO,Hot Rolled Black Coil,26AT0542R0,28.8,2001,2.2,1230,0011000082,TATA STEEL LTD,257746080,5000090302,4600000227,30,03-01-26,101,HRC,COIL,11513:2017,BIS,cr3,72083990,N,7.453,65424308,MATCHED
2000,R_HR_CO,Hot Rolled Black Coil,26AT0543R0,28.81,2001,2,1235,0011000082,TATA STEEL LTD,257712080,5000090361,4600000227,40,03-01-26,101,HRC,COIL,11513:2017,BIS,cr3,72083990,N,7.453,36538172,MATCHED
2000,R_HR_CO,Hot Rolled Black Coil,26AT0544R0,27.38,2001,2.5,1230,0011000082,TATA STEEL LTD,257752084,5000090366,4600000231,30,05-01-26,101,HRC,COIL,11513:2017,BIS,cr3,72083990,N,7.453,25346813,MATCHED
2000,R_HR_CO,Hot Rolled Black Coil,26AT0545R0,28.81,2001,2.2,1230,0011000082,TATA STEEL LTD,257745085,5000090373,4600000216,50,05-12-25,101,HRC,COIL,11513:2017,BIS,cr3,72083990,N,7.453,29921866,MATCHED
2000,R_HR_CO,Hot Rolled Black Coil,26AT0654R0,25.76,2001,2.5,1230,0011000082,TATA STEEL LTD,257754079,5000090760,4600000231,30,05-01-26,101,HRC,COIL,11513:2017,BIS,cr3,72083990,N,7.453,60233298,MATCHED
2000,R_HR_CO,Hot Rolled Black Coil,26AT0655R0,27.41,2001,2.5,1230,0011000082,TATA STEEL LTD,257751085,5000090761,4600000231,30,05-01-26,101,HRC,COIL,11513:2017,BIS,cr3,72083990,N,7.453,21660073,MATCHED
2000,R_HR_CO,Hot Rolled Black Coil,26AT0663R0,27.56,2001,2.5,1230,0011000082,TATA STEEL LTD,267801058,5000090817,4600000231,30,05-01-26,101,HRC,COIL,11513:2017,BIS,cr3,72083990,N,7.453,12211281,MATCHED
2000,R_HR_CO,Hot Rolled Black Coil,26AT0664R0,28.52,2001,2,1235,0011000082,TATA STEEL LTD,257776092,5000090818,4600000231,10,05-01-26,101,HRC,COIL,11513:2017,BIS,cr3,72083990,N,7.453,70031336,MATCHED
2000,R_HR_CO,Hot Rolled Black Coil,26AT0665R0,27.48,2001,2,1235,0011000082,TATA STEEL LTD,267801063,5000090819,4600000231,10,05-01-26,101,HRC,COIL,11513:2017,BIS,cr3,72083990,N,7.453,42384315,MATCHED
2000,R_HR_CO,Hot Rolled Black Coil,26AT0694R0,27.21,2001,2,1235,0011000082,TATA STEEL LTD,267801067,5000090927,4600000231,10,05-01-26,101,HRC,COIL,11513:2017,BIS,cr3,72083990,N,7.453,43049272,MATCHED
2000,R_HR_CO,Hot Rolled Black Coil,26AT0761R0,27.43,2001,2.2,1230,0011000082,TATA STEEL LTD,267833109,5000091101,4600000239,20,05-01-26,101,HRC,COIL,11513:2017,BIS,cr3,72083990,N,7.453,58622716,MATCHED
2000,R_HR_CO,Hot Rolled Black Coil,26AT0763R0,27.57,2001,2.5,1230,0011000082,TATA STEEL LTD,267833103,5000091103,4600000239,30,05-01-26,101,HRC,COIL,11513:2017,BIS,cr3,72083990,N,7.453,47497553,MATCHED
2000,R_HR_CO,Hot Rolled Black Coil,26AT0764R0,28.49,2001,2.2,1230,0011000082,TATA STEEL LTD,267836059,5000091104,4600000239,20,05-01-26,101,HRC,COIL,11513:2017,BIS,cr3,72083990,N,7.453,70061406,MATCHED
2000,R_HR_CO,Hot Rolled Black Coil,26AT0765R0,28.57,2001,2.5,1230,0011000082,TATA STEEL LTD,267836055,5000091105,4600000239,30,05-01-26,101,HRC,COIL,11513:2017,BIS,cr3,72083990,N,7.453,50398091,MATCHED
2000,R_HR_CO,Hot Rolled Black Coil,26AT0766R0,27.39,2001,2.5,1230,0011000082,TATA STEEL LTD,267834086,5000091106,4600000239,30,05-01-26,101,HRC,COIL,11513:2017,BIS,cr3,72083990,N,7.453,93635611,MATCHED
2000,R_HR_CO,Hot Rolled Black Coil,26AT0767R0,27.56,2001,2.2,1230,0011000082,TATA STEEL LTD,267833108,5000091107,4600000239,20,05-01-26,101,HRC,COIL,11513:2017,BIS,cr3,72083990,N,7.453,38261148,MATCHED
2000,R_HR_CO,Hot Rolled Black Coil,26AT0768R0,27.54,2001,2.5,1230,0011000082,TATA STEEL LTD,267833102,5000091108,4600000239,30,05-01-26,101,HRC,COIL,11513:2017,BIS,cr3,72083990,N,7.453,99412954,MATCHED
2000,R_HR_CO,Hot Rolled Black Coil,26AT0769R0,27.54,2001,2.5,1230,0011000082,TATA STEEL LTD,267801079,5000091109,4600000231,30,05-01-26,101,HRC,COIL,11513:2017,BIS,cr3,72083990,N,7.453,63817688,MATCHED
2000,R_HR_CO,Hot Rolled Black Coil,26AT0770R0,27.37,2001,2.5,1230,0011000082,TATA STEEL LTD,267801074,5000091110,4600000231,30,05-01-26,101,HRC,COIL,11513:2017,BIS,cr3,72083990,N,7.453,12002773,MATCHED
2000,R_HR_CO,Hot Rolled Black Coil,26AT0771R0,27.43,2001,2.5,1230,0011000082,TATA STEEL LTD,267801076,5000091111,4600000231,30,05-01-26,101,HRC,COIL,11513:2017,BIS,cr3,72083990,N,7.453,11717524,MATCHED
2000,R_HR_CO,Hot Rolled Black Coil,26AT0776R0,27.47,RC01,2.5,1230,0011000082,TATA STEEL LTD,267801078,5000091117,4600000231,30,05-01-26,101,HRC,COIL,11513:2017,BIS,cr3,72083990,N,7.453,20905073,MATCHED
2000,R_HR_CO,Hot Rolled Black Coil,26AT0777R0,28.5,2001,2,1235,0011000082,TATA STEEL LTD,267835091,5000091118,4600000239,10,05-01-26,101,HRC,COIL,11513:2017,BIS,cr3,72083990,N,7.453,73895283,MATCHED
2000,R_HR_CO,Hot Rolled Black Coil,26AT0778R0,27.42,2001,2,1235,0011000082,TATA STEEL LTD,267836070,5000091119,4600000239,10,05-01-26,101,HRC,COIL,11513:2017,BIS,cr3,72083990,N,7.453,89933307,MATCHED
2000,R_HR_CO,Hot Rolled Black Coil,26AT0779R0,28.57,2001,2,1235,0011000082,TATA STEEL LTD,267836053,5000091120,4600000239,10,05-01-26,101,HRC,COIL,11513:2017,BIS,cr3,72083990,N,7.453,69008564,MATCHED
2000,R_HR_CO,Hot Rolled Black Coil,26AT0780R0,28.47,2001,2,1235,0011000082,TATA STEEL LTD,267835098,5000091121,4600000239,10,05-01-26,101,HRC,COIL,11513:2017,BIS,cr3,72083990,N,7.453,71015118,MATCHED
2000,R_HR_CO,Hot Rolled Black Coil,26AT0781R0,28.52,2001,2,1235,0011000082,TATA STEEL LTD,267836052,5000091122,4600000239,10,05-01-26,101,HRC,COIL,11513:2017,BIS,cr3,72083990,N,7.453,35692141,MATCHED
2000,R_HR_CO,Hot Rolled Black Coil,26AT0782R0,27.24,2001,2.5,1230,0011000082,TATA STEEL LTD,267834085,5000091123,4600000239,30,05-01-26,101,HRC,COIL,11513:2017,BIS,cr3,72083990,N,7.453,18457590,MATCHED
2000,R_HR_CO,Hot Rolled Black Coil,26AT0784R0,28.46,2001,2,1235,0011000082,TATA STEEL LTD,267836047,5000091124,4600000239,10,05-01-26,101,HRC,COIL,11513:2017,BIS,cr3,72083990,N,7.453,69303814,MATCHED
2000,R_HR_CO,Hot Rolled Black Coil,26AT0785R0,19.84,2001,2,1235,0011000082,TATA STEEL LTD,267831033,5000091125,4600000239,10,05-01-26,101,HRC,COIL,11513:2017,BIS,cr3,72083990,N,7.453,39616670,MATCHED
2000,R_HR_CO,Hot Rolled Black Coil,26AT0786R0,28.49,2001,2,1235,0011000082,TATA STEEL LTD,267836050,5000091126,4600000239,10,05-01-26,101,HRC,COIL,11513:2017,BIS,cr3,72083990,N,7.453,91640267,MATCHED
2000,R_HR_CO,Hot Rolled Black Coil,26AT0787R0,28.53,2001,2,1235,0011000082,TATA STEEL LTD,267836048,5000091128,4600000239,10,05-01-26,101,HRC,COIL,11513:2017,BIS,cr3,72083990,N,7.453,70200220,MATCHED
2000,R_HR_CO,Hot Rolled Black Coil,26AT0788R0,28.51,2001,2,1235,0011000082,TATA STEEL LTD,267836063,5000091129,4600000239,10,05-01-26,101,HRC,COIL,11513:2017,BIS,cr3,72083990,N,7.453,52460498,MATCHED
2000,R_HR_CO,Hot Rolled Black Coil,26AT0789R0,28.54,2001,2,1235,0011000082,TATA STEEL LTD,267836049,5000091130,4600000239,10,05-01-26,101,HRC,COIL,11513:2017,BIS,cr3,72083990,N,7.453,48164498,MATCHED
2000,R_HR_CO,Hot Rolled Black Coil,26AT0790R0,28.42,2001,2,1235,0011000082,TATA STEEL LTD,267835089,5000091131,4600000239,10,05-01-26,101,HRC,COIL,11513:2017,BIS,cr3,72083990,N,7.453,96044151,MATCHED
2000,R_HR_CO,Hot Rolled Black Coil,26AT0791R0,27.38,2001,2.5,1230,0011000082,TATA STEEL LTD,267833105,5000091132,4600000239,30,05-01-26,101,HRC,COIL,11513:2017,BIS,cr3,72083990,N,7.453,83175947,MATCHED
2000,R_HR_CO,Hot Rolled Black Coil,26AT0792R0,26.94,2001,2,1235,0011000082,TATA STEEL LTD,267801066,5000091133,4600000239,10,05-01-26,101,HRC,COIL,11513:2017,BIS,cr3,72083990,N,7.453,19084014,MATCHED
2000,R_HR_CO,Hot Rolled Black Coil,26AT0793R0,28.4,2001,2,1235,0011000082,TATA STEEL LTD,267835095,5000091134,4600000239,10,05-01-26,101,HRC,COIL,11513:2017,BIS,cr3,72083990,N,7.453,25312453,MATCHED
2000,R_HR_CO,Hot Rolled Black Coil,26AT0794R0,27.45,2001,2.5,1230,0011000082,TATA STEEL LTD,267834093,5000091135,4600000239,30,05-01-26,101,HRC,COIL,11513:2017,BIS,cr3,72083990,N,7.453,65794700,MATCHED
2000,R_HR_CO,Hot Rolled Black Coil,26AT0795R0,27.41,2001,2,1235,0011000082,TATA STEEL LTD,267801071,5000091137,4600000231,10,05-01-26,101,HRC,COIL,11513:2017,BIS,cr3,72083990,N,7.453,86785293,MATCHED
2000,R_HR_CO,Hot Rolled Black Coil,26AT0798R0,28.49,2001,2,1235,0011000082,TATA STEEL LTD,267835096,5000091227,4600000239,10,05-01-26,101,HRC,COIL,11513:2017,BIS,cr3,72083990,N,7.453,76599088,MATCHED
2000,R_HR_CO,Hot Rolled Black Coil,26AT0799R0,28.52,2001,2.5,1230,0011000082,TATA STEEL LTD,267836058,5000091228,4600000239,30,05-01-26,101,HRC,COIL,11513:2017,BIS,cr3,72083990,N,7.453,45924141,MATCHED
2000,R_HR_CO,Hot Rolled Black Coil,26AT0800R0,28.51,2001,2,1235,0011000082,TATA STEEL LTD,267836064,5000091229,4600000239,10,05-01-26,101,HRC,COIL,11513:2017,BIS,cr3,72083990,N,7.453,73092593,MATCHED
2000,R_HR_CO,Hot Rolled Black Coil,26AT0801R0,27.41,2001,2.2,1230,0011000082,TATA STEEL LTD,267837049,5000091230,4600000239,20,05-01-26,101,HRC,COIL,11513:2017,BIS,cr3,72083990,N,7.453,94317595,MATCHED
2000,R_HR_CO,Hot Rolled Black Coil,26AT0802R0,27.5,2001,2.5,1230,0011000082,TATA STEEL LTD,267834084,5000091231,4600000239,30,05-01-26,101,HRC,COIL,11513:2017,BIS,cr3,72083990,N,7.453,43021816,MATCHED
2000,R_HR_CO,Hot Rolled Black Coil,26AT0803R0,27.46,2001,2.5,1230,0011000082,TATA STEEL LTD,267834088,5000091232,4600000239,30,05-01-26,101,HRC,COIL,11513:2017,BIS,cr3,72083990,N,7.453,66705702,MATCHED
2000,R_HR_CO,Hot Rolled Black Coil,26AT0804R0,28.48,2001,2,1235,0011000082,TATA STEEL LTD,267835097,5000091233,4600000239,10,05-01-26,101,HRC,COIL,11513:2017,BIS,cr3,72083990,N,7.453,88658312,MATCHED
2000,R_HR_CO,Hot Rolled Black Coil,26AT0805R0,27.22,2001,2.2,1230,0011000082,TATA STEEL LTD,267837048,5000091234,4600000239,20,05-01-26,101,HRC,COIL,11513:2017,BIS,cr3,72083990,N,7.453,58878855,MATCHED
2000,R_HR_CO,Hot Rolled Black Coil,26AT0847R0,28.67,2001,2,1235,0011000082,TATA STEEL LTD,257703061,5000091364,4600000231,10,05-01-26,101,HRC,COIL,11513:2017,BIS,cr3,72083990,N,7.453,86334268,MATCHED
2000,R_HR_CO,Hot Rolled Black Coil,26AT0848R0,27.32,2001,2.5,1230,0011000082,TATA STEEL LTD,267801093,5000091365,4600000231,30,05-01-26,101,HRC,COIL,11513:2017,BIS,cr3,72083990,N,7.453,79719541,MATCHED
2000,R_HR_CO,Hot Rolled Black Coil,26AT0849R0,27.16,2001,2.8,1260,0011000082,TATA STEEL LTD,267834083,5000091366,4600000240,10,23-01-26,101,HRC,COIL,11513:2017,BIS,cr3,72083990,N,7.453,49652923,MATCHED
2000,R_HR_CO,Hot Rolled Black Coil,26AT0850R0,27.22,2001,2.8,1260,0011000082,TATA STEEL LTD,267834082,5000091367,4600000240,10,23-01-26,101,HRC,COIL,11513:2017,BIS,cr3,72083990,N,7.453,27572993,MATCHED
2000,R_HR_CO,Hot Rolled Black Coil,26AT0851R0,28.63,2001,2.2,1230,0011000082,TATA STEEL LTD,257713053,5000091368,4600000231,20,05-01-26,101,HRC,COIL,11513:2017,BIS,cr3,72083990,N,7.453,63590588,MATCHED
2000,R_HR_CO,Hot Rolled Black Coil,26AT0854R0,28.54,2001,2,1235,0011000082,TATA STEEL LTD,267835094,5000091379,4600000239,10,05-01-26,101,HRC,COIL,11513:2017,BIS,cr3,72083990,N,7.453,92263711,MATCHED
2000,R_HR_CO,Hot Rolled Black Coil,26AT0855R0,28.52,2001,2.5,1230,0011000082,TATA STEEL LTD,267836057,5000091383,4600000239,30,05-01-26,101,HRC,COIL,11513:2017,BIS,cr3,72083990,N,7.453,91728342,MATCHED
2000,R_HR_CO,Hot Rolled Black Coil,26AT0856R0,27.55,2001,2.8,1260,0011000082,TATA STEEL LTD,267834007,5000091387,4600000240,10,23-01-26,101,HRC,COIL,11513:2017,BIS,cr3,72083990,N,7.453,81804904,MATCHED
2000,R_HR_CO,Hot Rolled Black Coil,26AT0857R0,28.51,2001,2,1235,0011000082,TATA STEEL LTD,267835090,5000091390,4600000239,10,05-01-26,101,HRC,COIL,11513:2017,BIS,cr3,72083990,N,7.453,79068956,MATCHED
2000,R_HR_CO,Hot Rolled Black Coil,26AT0858R0,27.4,2001,2.8,1260,0011000082,TATA STEEL LTD,267835010,5000091395,4600000240,10,23-01-26,101,HRC,COIL,11513:2017,BIS,cr3,72083990,N,7.453,17675188,MATCHED
2000,R_HR_CO,Hot Rolled Black Coil,26AT0859R0,28.47,2001,2.5,1260,0011000082,TATA STEEL LTD,267835086,5000091396,4600000240,20,23-01-26,101,HRC,COIL,11513:2017,BIS,cr3,72083990,N,7.453,19295035,MATCHED
2000,R_HR_CO,Hot Rolled Black Coil,26AT0860R0,27.54,2001,2.8,1260,0011000082,TATA STEEL LTD,267834010,5000091398,4600000240,10,23-01-26,101,HRC,COIL,11513:2017,BIS,cr3,72083990,N,7.453,80781350,MATCHED
2000,R_HR_CO,Hot Rolled Black Coil,26AT0861R0,28.66,2001,2.5,1230,0011000082,TATA STEEL LTD,267841041,5000091399,4600000239,30,05-01-26,101,HRC,COIL,11513:2017,BIS,cr3,72083990,N,7.453,44622748,MATCHED
2000,R_HR_CO,Hot Rolled Black Coil,26AT0862R0,27.47,2001,2.8,1260,0011000082,TATA STEEL LTD,267835009,5000091400,4600000240,10,23-01-26,101,HRC,COIL,11513:2017,BIS,cr3,72083990,N,7.453,28007097,MATCHED
2000,R_HR_CO,Hot Rolled Black Coil,26AT0863R0,28.71,2001,2.5,1230,0011000082,TATA STEEL LTD,267841042,5000091402,4600000239,30,05-01-26,101,HRC,COIL,11513:2017,BIS,cr3,72083990,N,7.453,11435041,MATCHED
2000,R_HR_CO,Hot Rolled Black Coil,26AT0864R0,27.5,2001,2.8,1260,0011000082,TATA STEEL LTD,267834009,5000091404,4600000240,10,23-01-26,101,HRC,COIL,11513:2017,BIS,cr3,72083990,N,7.453,16010338,MATCHED
2000,R_HR_CO,Hot Rolled Black Coil,26AT0865R0,28.52,2001,2.2,1230,0011000082,TATA STEEL LTD,267835088,5000091405,4600000239,20,05-01-26,101,HRC,COIL,11513:2017,BIS,cr3,72083990,N,7.453,43521059,MATCHED
2000,R_HR_CO,Hot Rolled Black Coil,26AT0866R0,27.51,2001,2.5,1230,0011000082,TATA STEEL LTD,267833104,5000091407,4600000239,30,05-01-26,101,HRC,COIL,11513:2017,BIS,cr3,72083990,N,7.453,71205730,MATCHED
2000,R_HR_CO,Hot Rolled Black Coil,26AT0867R0,27.43,2001,2.8,1260,0011000082,TATA STEEL LTD,267834008,5000091409,4600000240,10,23-01-26,101,HRC,COIL,11513:2017,BIS,cr3,72083990,N,7.453,56646730,MATCHED
2000,R_HR_CO,Hot Rolled Black Coil,26AT0868R0,28.49,2001,2.2,1230,0011000082,TATA STEEL LTD,267835087,5000091411,4600000239,20,05-01-26,101,HRC,COIL,11513:2017,BIS,cr3,72083990,N,7.453,10785526,MATCHED
2000,R_HR_CO,Hot Rolled Black Coil,26AT0869R0,28.48,2001,2,1235,0011000082,TATA STEEL LTD,267835093,5000091412,4600000239,10,05-01-26,101,HRC,COIL,11513:2017,BIS,cr3,72083990,N,7.453,98645877,MATCHED
2000,R_HR_CO,Hot Rolled Black Coil,26AT0870R0,28.56,2001,2,1235,0011000082,TATA STEEL LTD,267836051,5000091413,4600000239,10,05-01-26,101,HRC,COIL,11513:2017,BIS,cr3,72083990,N,7.453,60026316,MATCHED
2000,R_HR_CO,Hot Rolled Black Coil,26AT0871R0,27.4,2001,2.2,1230,0011000082,TATA STEEL LTD,267833110,5000091415,4600000239,20,05-01-26,101,HRC,COIL,11513:2017,BIS,cr3,72083990,N,7.453,53976265,MATCHED
2000,R_HR_CO,Hot Rolled Black Coil,26AT0872R0,28.55,2001,2,1235,0011000082,TATA STEEL LTD,267836061,5000091416,4600000239,10,05-01-26,101,HRC,COIL,11513:2017,BIS,cr3,72083990,N,7.453,95400405,MATCHED
2000,R_HR_CO,Hot Rolled Black Coil,26AT0873R0,28.51,2001,2,1235,0011000082,TATA STEEL LTD,267836067,5000091417,4600000239,10,05-01-26,101,HRC,COIL,11513:2017,BIS,cr3,72083990,N,7.453,79397090,MATCHED
2000,R_HR_CO,Hot Rolled Black Coil,26AT0874R0,27.47,2001,2.5,1230,0011000082,TATA STEEL LTD,267833121,5000091419,4600000239,30,05-01-26,101,HRC,COIL,11513:2017,BIS,cr3,72083990,N,7.453,62774962,MATCHED
2000,R_HR_CO,Hot Rolled Black Coil,26AT0875R0,28.57,2001,2,1235,0011000082,TATA STEEL LTD,267836054,5000091420,4600000239,10,05-01-26,101,HRC,COIL,11513:2017,BIS,cr3,72083990,N,7.453,78610168,MATCHED
2000,R_HR_CO,Hot Rolled Black Coil,26AT0876R0,28.58,2001,2.5,1230,0011000082,TATA STEEL LTD,267841039,5000091421,4600000239,30,05-01-26,101,HRC,COIL,11513:2017,BIS,cr3,72083990,N,7.453,45785347,MATCHED
2000,R_HR_CO,Hot Rolled Black Coil,26AT0877R0,28.42,2001,2.2,1230,0011000082,TATA STEEL LTD,267836060,5000091422,4600000239,20,05-01-26,101,HRC,COIL,11513:2017,BIS,cr3,72083990,N,7.453,55768200,MATCHED
2000,R_HR_CO,Hot Rolled Black Coil,26AT0878R0,28.71,2001,2.5,1230,0011000082,TATA STEEL LTD,267841043,5000091423,4600000239,30,05-01-26,101,HRC,COIL,11513:2017,BIS,cr3,72083990,N,7.453,59370344,MATCHED
2000,R_HR_CO,Hot Rolled Black Coil,26AT0879R0,27.54,2001,2.5,1230,0011000082,TATA STEEL LTD,267833106,5000091424,4600000239,30,05-01-26,101,HRC,COIL,11513:2017,BIS,cr3,72083990,N,7.453,63208667,MATCHED
2000,R_HR_CO,Hot Rolled Black Coil,26AT0880R0,27.4,2001,2.5,1230,0011000082,TATA STEEL LTD,267801075,5000091426,4600000239,30,05-01-26,101,HRC,COIL,11513:2017,BIS,cr3,72083990,N,7.453,78766389,MATCHED
2000,R_HR_CO,Hot Rolled Black Coil,26AT0881R0,27.35,2001,2.5,1230,0011000082,TATA STEEL LTD,267834092,5000091427,4600000239,30,05-01-26,101,HRC,COIL,11513:2017,BIS,cr3,72083990,N,7.453,15931391,MATCHED
2000,R_HR_CO,Hot Rolled Black Coil,26AT0882R0,28.56,2001,2.5,1230,0011000082,TATA STEEL LTD,267836056,5000091428,4600000239,30,05-01-26,101,HRC,COIL,11513:2017,BIS,cr3,72083990,N,7.453,33155331,MATCHED
2000,R_HR_CO,Hot Rolled Black Coil,26AT0883R0,27.18,2001,2.5,1230,0011000082,TATA STEEL LTD,267834094,5000091431,4600000239,30,05-01-26,101,HRC,COIL,11513:2017,BIS,cr3,72083990,N,7.453,96338164,MATCHED
2000,R_HR_CO,Hot Rolled Black Coil,26AT0884R0,27.45,2001,2.5,1230,0011000082,TATA STEEL LTD,267834091,5000091432,4600000239,30,05-01-26,101,HRC,COIL,11513:2017,BIS,cr3,72083990,N,7.453,89076943,MATCHED
2000,R_HR_CO,Hot Rolled Black Coil,26AT0885R0,28.59,2001,2.5,1230,0011000082,TATA STEEL LTD,267841040,5000091433,4600000239,30,05-01-26,101,HRC,COIL,11513:2017,BIS,cr3,72083990,N,7.453,84312548,MATCHED
2000,R_HR_CO,Hot Rolled Black Coil,26AT0886R0,27.35,RC01,2.5,1230,0011000082,TATA STEEL LTD,267834098,5000091434,4600000239,30,05-01-26,101,HRC,COIL,11513:2017,BIS,cr3,72083990,N,7.453,14541870,MATCHED
2000,R_HR_CO,Hot Rolled Black Coil,26AT0888R0,27.42,2001,2,1235,0011000082,TATA STEEL LTD,267801070,5000091439,4600000231,10,05-01-26,101,HRC,COIL,11513:2017,BIS,cr3,72083990,N,7.453,34430084,MATCHED
2000,R_HR_CO,Hot Rolled Black Coil,26AT0889R0,27.67,2001,2,1235,0011000082,TATA STEEL LTD,267801065,5000091440,4600000231,10,05-01-26,101,HRC,COIL,11513:2017,BIS,cr3,72083990,N,7.453,55447559,MATCHED
2000,R_HR_CO,Hot Rolled Black Coil,26AT0890R0,23.56,2001,2,1235,0011000082,TATA STEEL LTD,267839073,5000091441,4600000239,10,05-01-26,101,HRC,COIL,11513:2017,BIS,cr3,72083990,N,7.453,56480220,MATCHED
2000,R_HR_CO,Hot Rolled Black Coil,26AT0891R0,23.74,2001,2,1235,0011000082,TATA STEEL LTD,267837093,5000091442,4600000239,10,05-01-26,101,HRC,COIL,11513:2017,BIS,cr3,72083990,N,7.453,30746233,MATCHED
2000,R_HR_CO,Hot Rolled Black Coil,26AT0893R0,24.83,2001,2.8,1260,0011000082,TATA STEEL LTD,257761057,5000091445,4600000231,50,05-01-26,101,HRC,COIL,11513:2017,BIS,cr3,72083990,N,7.453,22991022,MATCHED
2000,R_HR_CO,Hot Rolled Black Coil,26AT0894R0,27.77,2001,2,1235,0011000082,TATA STEEL LTD,267801072,5000091447,4600000231,10,05-01-26,101,HRC,COIL,11513:2017,BIS,cr3,72083990,N,7.453,55293896,MATCHED
2000,R_HR_CO,Hot Rolled Black Coil,26AT0895R0,28.52,2001,2,1235,0011000082,TATA STEEL LTD,257779002,5000091448,4600000231,10,05-01-26,101,HRC,COIL,11513:2017,BIS,cr3,72083990,N,7.453,47183736,MATCHED
2000,R_HR_CO,Hot Rolled Black Coil,26AT0896R0,27.69,2001,2,1235,0011000082,TATA STEEL LTD,267801068,5000091449,4600000231,10,05-01-26,101,HRC,COIL,11513:2017,BIS,cr3,72083990,N,7.453,98117209,MATCHED
2000,R_HR_CO,Hot Rolled Black Coil,26AT0901R0,18.69,2001,2.5,1230,0011000082,TATA STEEL LTD,267801077B,5000091464,4600000239,30,05-01-26,101,HRC,COIL,11513:2017,BIS,cr3,72083990,N,7.453,60157099,MATCHED
2000,R_HR_CO,Hot Rolled Black Coil,26AT0904R0,27.3,2001,2.8,1260,0011000082,TATA STEEL LTD,267835008,5000091470,4600000240,10,23-01-26,101,HRC,COIL,11513:2017,BIS,cr3,72083990,N,7.453,17163993,MATCHED
2000,R_HR_CO,Hot Rolled Black Coil,26AT0905R0,28.53,2001,2.5,1230,0011000082,TATA STEEL LTD,267841038,5000091473,4600000239,30,05-01-26,101,HRC,COIL,11513:2017,BIS,cr3,72083990,N,7.453,30408626,MATCHED
2000,R_HR_CO,Hot Rolled Black Coil,26AT0906R0,28.44,RC01,2,1235,0011000082,TATA STEEL LTD,267836062,5000091478,4600000239,10,05-01-26,101,HRC,COIL,11513:2017,BIS,cr3,72083990,N,7.453,39889475,MATCHED
2000,R_HR_CO,Hot Rolled Black Coil,26AT0907R0,27.37,RC01,2,1235,0011000082,TATA STEEL LTD,267833111,5000091481,4600000239,10,05-01-26,101,HRC,COIL,11513:2017,BIS,cr3,72083990,N,7.453,97173948,MATCHED
2000,R_HR_CO,Hot Rolled Black Coil,26AT0909R0,27.39,2001,2.5,1230,0011000082,TATA STEEL LTD,267834097,5000091488,4600000239,30,05-01-26,101,HRC,COIL,11513:2017,BIS,cr3,72083990,N,7.453,65464592,MATCHED
2000,R_HR_CO,Hot Rolled Black Coil,26AT0910R0,27.41,RC01,2.5,1230,0011000082,TATA STEEL LTD,267834095,5000091489,4600000239,30,05-01-26,101,HRC,COIL,11513:2017,BIS,cr3,72083990,N,7.453,15874930,MATCHED
2000,R_HR_CO,Hot Rolled Black Coil,26AT0911R0,27.48,RC01,2,1235,0011000082,TATA STEEL LTD,267833119,5000091493,4600000239,10,05-01-26,101,HRC,COIL,11513:2017,BIS,cr3,72083990,N,7.453,28698452,MATCHED
2000,R_HR_CO,Hot Rolled Black Coil,26AT0912R0,27.41,RC01,2.5,1230,0011000082,TATA STEEL LTD,267833107,5000091495,4600000239,30,05-01-26,101,HRC,COIL,11513:2017,BIS,cr3,72083990,N,7.453,95824337,MATCHED
2000,R_HR_CO,Hot Rolled Black Coil,26AT0913R0,27.28,2001,2,1235,0011000082,TATA STEEL LTD,267836068,5000091511,4600000239,10,05-01-26,101,HRC,COIL,11513:2017,BIS,cr3,72083990,N,7.453,65823273,MATCHED
2000,R_HR_CO,Hot Rolled Black Coil,26AT0914R0,28.41,RC01,2,1235,0011000082,TATA STEEL LTD,267836066,5000091512,4600000239,10,05-01-26,101,HRC,COIL,11513:2017,BIS,cr3,72083990,N,7.453,68743667,MATCHED
2000,R_HR_CO,Hot Rolled Black Coil,26AT0915R0,27.32,RC01,2,1235,0011000082,TATA STEEL LTD,267833112,5000091513,4600000239,10,05-01-26,101,HRC,COIL,11513:2017,BIS,cr3,72083990,N,7.453,64005826,MATCHED
2000,R_HR_CO,Hot Rolled Black Coil,26AT0916R0,27.47,2001,2,1235,0011000082,TATA STEEL LTD,267833116,5000091515,4600000239,10,05-01-26,101,HRC,COIL,11513:2017,BIS,cr3,72083990,N,7.453,92444179,MATCHED
2000,R_HR_CO,Hot Rolled Black Coil,26AT0917R0,28.42,2001,2.5,1260,0011000082,TATA STEEL LTD,267836042,5000091516,4600000240,20,23-01-26,101,HRC,COIL,11513:2017,BIS,cr3,72083990,N,7.453,58898720,MATCHED
2000,R_HR_CO,Hot Rolled Black Coil,26AT0918R0,27.48,2001,2,1235,0011000082,TATA STEEL LTD,267833118,5000091517,4600000239,10,05-01-26,101,HRC,COIL,11513:2017,BIS,cr3,72083990,N,7.453,22627373,MATCHED
2000,R_HR_CO,Hot Rolled Black Coil,26AT0919R0,27.47,2001,2,1235,0011000082,TATA STEEL LTD,267833113,5000091519,4600000239,10,05-01-26,101,HRC,COIL,11513:2017,BIS,cr3,72083990,N,7.453,15566731,MATCHED
2000,R_HR_CO,Hot Rolled Black Coil,26AT0920R0,27.36,2001,2,1235,0011000082,TATA STEEL LTD,267836069,5000091520,4600000239,10,05-01-26,101,HRC,COIL,11513:2017,BIS,cr3,72083990,N,7.453,62599880,MATCHED
2000,R_HR_CO,Hot Rolled Black Coil,26AT0921R0,27.41,2001,2,1235,0011000082,TATA STEEL LTD,267833114,5000091521,4600000239,10,05-01-26,101,HRC,COIL,11513:2017,BIS,cr3,72083990,N,7.453,13355976,MATCHED
2000,R_HR_CO,Hot Rolled Black Coil,26AT0922R0,27.52,2001,2,1235,0011000082,TATA STEEL LTD,267833120,5000091523,4600000239,10,05-01-26,101,HRC,COIL,11513:2017,BIS,cr3,72083990,N,7.453,62094144,MATCHED
2000,R_HR_CO,Hot Rolled Black Coil,26AT0923R0,27.3,2001,2.5,1260,0011000082,TATA STEEL LTD,267835085,5000091524,4600000240,20,23-01-26,101,HRC,COIL,11513:2017,BIS,cr3,72083990,N,7.453,83119220,MATCHED
2000,R_HR_CO,Hot Rolled Black Coil,26AT0924R0,27.3,2001,2,1235,0011000082,TATA STEEL LTD,267837055,5000091525,4600000239,10,05-01-26,101,HRC,COIL,11513:2017,BIS,cr3,72083990,N,7.453,59867998,MATCHED
2000,R_HR_CO,Hot Rolled Black Coil,26AT0925R0,27.42,2001,2,1235,0011000082,TATA STEEL LTD,267837052,5000091526,4600000239,10,05-01-26,101,HRC,COIL,11513:2017,BIS,cr3,72083990,N,7.453,69442033,MATCHED
2000,R_HR_CO,Hot Rolled Black Coil,26AT0926R0,27.41,2001,2,1235,0011000082,TATA STEEL LTD,267837051,5000091527,4600000239,10,05-01-26,101,HRC,COIL,11513:2017,BIS,cr3,72083990,N,7.453,65940159,MATCHED
2000,R_HR_CO,Hot Rolled Black Coil,26AT0927R0,20.46,2001,2,1235,0011000082,TATA STEEL LTD,267831034,5000091528,4600000239,10,05-01-26,101,HRC,COIL,11513:2017,BIS,cr3,72083990,N,7.453,93460696,MATCHED
2000,R_HR_CO,Hot Rolled Black Coil,26AT0928R0,20.53,2001,2,1235,0011000082,TATA STEEL LTD,267831035,5000091528,4600000239,10,05-01-26,101,HRC,COIL,11513:2017,BIS,cr3,72083990,N,7.453,34868118,MATCHED
2000,R_HR_CO,Hot Rolled Black Coil,26AT0929R0,27.4,2001,2.5,1230,0011000082,TATA STEEL LTD,267834089,5000091529,4600000239,30,05-01-26,101,HRC,COIL,11513:2017,BIS,cr3,72083990,N,7.453,64349816,MATCHED
2000,R_HR_CO,Hot Rolled Black Coil,26AT0930R0,27.39,2001,2.5,1230,0011000082,TATA STEEL LTD,267834090,5000091531,4600000239,30,05-01-26,101,HRC,COIL,11513:2017,BIS,cr3,72083990,N,7.453,93364146,MATCHED
2000,R_HR_CO,Hot Rolled Black Coil,26AT0931R0,28.39,2001,2.5,1260,0011000082,TATA STEEL LTD,267836041,5000091533,4600000240,20,23-01-26,101,HRC,COIL,11513:2017,BIS,cr3,72083990,N,7.453,61865860,MATCHED
2000,R_HR_CO,Hot Rolled Black Coil,26AT0936R0,20.57,2001,2,1235,0011000082,TATA STEEL LTD,267831036,5000091578,4600000239,10,05-01-26,101,HRC,COIL,11513:2017,BIS,cr3,72083990,N,7.453,36995203,MATCHED
2000,R_HR_CO,Hot Rolled Black Coil,26AT0937R0,27.28,2001,2.5,1260,0011000082,TATA STEEL LTD,267837047,5000091581,4600000240,20,23-01-26,101,HRC,COIL,11513:2017,BIS,cr3,72083990,N,7.453,24136186,MATCHED
2000,R_HR_CO,Hot Rolled Black Coil,26AT0938R0,27.3,2001,2.5,1260,0011000082,TATA STEEL LTD,267837046,5000091583,4600000240,20,23-01-26,101,HRC,COIL,11513:2017,BIS,cr3,72083990,N,7.453,40239568,MATCHED
2000,R_HR_CO,Hot Rolled Black Coil,26AT0939R0,27.37,2001,2,1235,0011000082,TATA STEEL LTD,267837053,5000091585,4600000231,60,05-01-26,101,HRC,COIL,11513:2017,BIS,cr3,72083990,N,7.453,37364273,MATCHED
2000,R_HR_CO,Hot Rolled Black Coil,26AT0940R0,27.54,2001,2,1235,0011000082,TATA STEEL LTD,267837054,5000091586,4600000231,60,05-01-26,101,HRC,COIL,11513:2017,BIS,cr3,72083990,N,7.453,60075085,MATCHED
2000,R_HR_CO,Hot Rolled Black Coil,26AT0942R0,19.87,2001,2,1235,0011000082,TATA STEEL LTD,267798109,5000091588,4600000231,60,05-01-26,101,HRC,COIL,11513:2017,BIS,cr3,72083990,N,7.453,23373296,MATCHED
2000,R_HR_CO,Hot Rolled Black Coil,26AT0943R0,28.45,RC01,2,1235,0011000082,TATA STEEL LTD,267836065,5000091589,4600000231,60,05-01-26,101,HRC,COIL,11513:2017,BIS,cr3,72083990,N,7.453,82575568,MATCHED
2000,R_HR_CO,Hot Rolled Black Coil,26AT0944R0,27.53,RC01,2,1235,0011000082,TATA STEEL LTD,267833117,5000091590,4600000231,60,05-01-26,101,HRC,COIL,11513:2017,BIS,cr3,72083990,N,7.453,71272124,MATCHED
2000,R_HR_CO,Hot Rolled Black Coil,26AT0945R0,27.37,2001,2,1235,0011000082,TATA STEEL LTD,267836071,5000091592,4600000231,60,05-01-26,101,HRC,COIL,11513:2017,BIS,cr3,72083990,N,7.453,80896741,MATCHED
2000,R_HR_CO,Hot Rolled Black Coil,26AT0946R0,27.4,2001,2,1235,0011000082,TATA STEEL LTD,267837050,5000091593,4600000231,60,05-01-26,101,HRC,COIL,11513:2017,BIS,cr3,72083990,N,7.453,65198688,MATCHED
2000,R_HR_CO,Hot Rolled Black Coil,26AT0960R0,27.57,2001,2.5,1230,0011000082,TATA STEEL LTD,267801060,5000091644,4600000231,30,05-01-26,101,HRC,COIL,11513:2017,BIS,cr3,72083990,N,7.453,89156641,MATCHED
2000,R_HR_CO,Hot Rolled Black Coil,26AT0961R0,27.52,2001,2.5,1230,0011000082,TATA STEEL LTD,267801092,5000091645,4600000231,30,05-01-26,101,HRC,COIL,11513:2017,BIS,cr3,72083990,N,7.453,57756885,MATCHED
2000,R_HR_CO,Hot Rolled Black Coil,26AT1001R0,27.52,2001,2.2,1230,0011000082,TATA STEEL LTD,267801061,5000091905,4600000231,20,05-01-26,101,HRC,COIL,11513:2017,BIS,cr3,72083990,N,7.453,67093982,MATCHED
2000,R_HR_CO,Hot Rolled Black Coil,26AT1005R0,27.7,2001,2.5,1230,0011000082,TATA STEEL LTD,267801057,5000091965,4600000231,30,05-01-26,101,HRC,COIL,11513:2017,BIS,cr3,72083990,N,7.453,71837636,MATCHED
2000,R_HR_CO,Hot Rolled Black Coil,26AT1014R0,27.63,2001,2,1235,0011000082,TATA STEEL LTD,267801064,5000091974,4600000244,10,09-01-26,101,HRC,COIL,11513:2017,BIS,cr3,72083990,N,7.453,89160301,MATCHED
2000,R_HR_CO,Hot Rolled Black Coil,26AT1015R0,27.55,2001,2.2,1230,0011000082,TATA STEEL LTD,267801062,5000091977,4600000231,20,05-01-26,101,HRC,COIL,11513:2017,BIS,cr3,72083990,N,7.453,72793172,MATCHED
2000,R_HR_CO,Hot Rolled Black Coil,26AT1016R0,27.59,2001,2.5,1230,0011000082,TATA STEEL LTD,267801059,5000091978,4600000231,30,05-01-26,101,HRC,COIL,11513:2017,BIS,cr3,72083990,N,7.453,57562830,MATCHED
2000,R_HR_CO,Hot Rolled Black Coil,26AU0852R0,21.06,2001,2,1235,0011000057,ANM Ispat Private Limited,267831046A,5000091369,4600000238,40,20-01-26,101,HRC,COIL,11513:2017,BIS,cr3,72083990,N,7.453,28384294,MATCHED
2000,R_HR_CO,Hot Rolled Black Coil,26AU0853R0,20.34,2001,2,1235,0011000057,ANM Ispat Private Limited,267841027,5000091370,4600000238,40,20-01-26,101,HRC,COIL,11513:2017,BIS,cr3,72083990,N,7.453,56336719,MATCHED
2000,R_HR_CO,Hot Rolled Black Coil,26AU0887R0,20.72,2001,2,1235,0011000057,ANM Ispat Private Limited,267838075,5000091437,4600000238,40,20-01-26,101,HRC,COIL,11513:2017,BIS,cr3,72083990,N,7.453,93486482,MATCHED
2000,R_HR_CO,Hot Rolled Black Coil,26AU0897R0,28.47,2001,2.2,1240,0011000057,ANM Ispat Private Limited,267836044,5000091451,4600000238,10,20-01-26,101,HRC,COIL,11513:2017,BIS,cr3,72083990,N,7.453,18682221,MATCHED
2000,R_HR_CO,Hot Rolled Black Coil,26AU0898R0,28.49,2001,2.5,1245,0011000057,ANM Ispat Private Limited,267841020,5000091452,4600000238,30,20-01-26,101,HRC,COIL,11513:2017,BIS,cr3,72083990,N,7.453,49340379,MATCHED
2000,R_HR_CO,Hot Rolled Black Coil,26AU0899R0,28.56,2001,2.5,1245,0011000057,ANM Ispat Private Limited,267841018,5000091456,4600000238,30,20-01-26,101,HRC,COIL,11513:2017,BIS,cr3,72083990,N,7.453,74091445,MATCHED
2000,R_HR_CO,Hot Rolled Black Coil,26AU0900R0,23,2001,2,1235,0011000057,ANM Ispat Private Limited,267833089,5000091462,4600000238,40,20-01-26,101,HRC,COIL,11513:2017,BIS,cr3,72083990,N,7.453,11113333,MATCHED
2000,R_HR_CO,Hot Rolled Black Coil,26AU0902R0,28.51,2001,2.5,1245,0011000057,ANM Ispat Private Limited,267841019,5000091465,4600000238,30,20-01-26,101,HRC,COIL,11513:2017,BIS,cr3,72083990,N,7.453,64692971,MATCHED
2000,R_HR_CO,Hot Rolled Black Coil,26AU0903R0,28.47,2001,2,1240,0011000057,ANM Ispat Private Limited,267836045,5000091467,4600000238,20,20-01-26,101,HRC,COIL,11513:2017,BIS,cr3,72083990,N,7.453,33382321,MATCHED
2000,R_HR_CO,Hot Rolled Black Coil,26AU0908R0,28.45,2001,2.5,1245,0011000057,ANM Ispat Private Limited,267841021,5000091485,4600000238,30,20-01-26,101,HRC,COIL,11513:2017,BIS,cr3,72083990,N,7.453,12004121,MATCHED
2000,R_HR_CO,Hot Rolled Black Coil,26AU0941R0,22.99,2001,2,1235,0011000057,ANM Ispat Private Limited,267831048,5000091587,4600000238,40,20-01-26,101,HRC,COIL,11513:2017,BIS,cr3,72083990,N,7.453,59965173,MATCHED
2000,R_HR_CO,Hot Rolled Black Coil,26AU0947R0,20.74,2001,2,1235,0011000057,ANM Ispat Private Limited,267831062A,5000091595,4600000238,40,20-01-26,101,HRC,COIL,11513:2017,BIS,cr3,72083990,N,7.453,14377732,MATCHED
2000,R_HR_CO,Hot Rolled Black Coil,26AU0948R0,20.67,2001,2,1235,0011000057,ANM Ispat Private Limited,267831064A,5000091600,4600000238,40,20-01-26,101,HRC,COIL,11513:2017,BIS,cr3,72083990,N,7.453,11410018,MATCHED
2000,R_HR_CO,Hot Rolled Black Coil,26AU0949R0,23.21,2001,2,1235,0011000057,ANM Ispat Private Limited,267831052,5000091602,4600000238,40,20-01-26,101,HRC,COIL,11513:2017,BIS,cr3,72083990,N,7.453,60305722,MATCHED
2000,R_HR_CO,Hot Rolled Black Coil,26AU0950R0,22.19,2001,2,1235,0011000057,ANM Ispat Private Limited,267831063A,5000091603,4600000238,40,20-01-26,101,HRC,COIL,11513:2017,BIS,cr3,72083990,N,7.453,14676034,MATCHED
2000,R_HR_CO,Hot Rolled Black Coil,26AU0962R0,28.49,2001,2.5,1245,0011000057,ANM Ispat Private Limited,267841017,5000091656,4600000238,30,20-01-26,101,HRC,COIL,11513:2017,BIS,cr3,72083990,N,7.453,56699692,MATCHED
2000,R_HR_CO,Hot Rolled Black Coil,26AW0932R0,20.85,2001,2.2,1230,0011000122,NMDC STEEL LIMITED,D100258103,5000091558,4600000241,10,16-01-26,101,HRC,COIL,11513:2017,BIS,cr3,72083990,N,7.453,19168587,MATCHED
2000,R_HR_CO,Hot Rolled Black Coil,26AW0933R0,20.88,2001,2.2,1230,0011000122,NMDC STEEL LIMITED,D100258104,5000091558,4600000241,10,16-01-26,101,HRC,COIL,11513:2017,BIS,cr3,72083990,N,7.453,57326892,MATCHED
2000,R_HR_CO,Hot Rolled Black Coil,26AW0934R0,20.85,2001,2.2,1230,0011000122,NMDC STEEL LIMITED,D100258101,5000091561,4600000241,10,16-01-26,101,HRC,COIL,11513:2017,BIS,cr3,72083990,N,7.453,72852375,MATCHED
2000,R_HR_CO,Hot Rolled Black Coil,26AW0935R0,20.83,2001,2.2,1230,0011000122,NMDC STEEL LIMITED,D100258102,5000091561,4600000241,10,16-01-26,101,HRC,COIL,11513:2017,BIS,cr3,72083990,N,7.453,36111778,MATCHED
2000,R_HR_CO,Hot Rolled Black Coil,26AW0963R0,20.95,2001,2.2,1230,0011000122,NMDC STEEL LIMITED,D200267205,5000091710,4600000241,10,16-01-26,101,HRC,COIL,11513:2017,BIS,cr3,72083990,N,7.453,76526947,MATCHED
2000,R_HR_CO,Hot Rolled Black Coil,26AW0964R0,20.95,2001,2.2,1230,0011000122,NMDC STEEL LIMITED,D200267206,5000091710,4600000241,10,16-01-26,101,HRC,COIL,11513:2017,BIS,cr3,72083990,N,7.453,42360371,MATCHED
2000,R_HR_CO,Hot Rolled Black Coil,26AW1003R0,21.04,2001,2.5,1230,0011000122,NMDC STEEL LIMITED,D200267201,5000091960,4600000241,20,16-01-26,101,HRC,COIL,11513:2017,BIS,cr3,72083990,N,7.453,76336514,MATCHED
2000,R_HR_CO,Hot Rolled Black Coil,26AW1004R0,20.89,2001,2.5,1230,0011000122,NMDC STEEL LIMITED,D100258107,5000091960,4600000241,20,16-01-26,101,HRC,COIL,11513:2017,BIS,cr3,72083990,N,7.453,88814760,MATCHED
2000,R_HR_CO,Hot Rolled Black Coil,26AW1006R0,20.95,2001,2.5,1230,0011000122,NMDC STEEL LIMITED,D200267209,5000091970,4600000241,20,16-01-26,101,HRC,COIL,11513:2017,BIS,cr3,72083990,N,7.453,98675911,MATCHED
2000,R_HR_CO,Hot Rolled Black Coil,26AW1007R0,20.96,2001,2.5,1230,0011000122,NMDC STEEL LIMITED,D200268201,5000091970,4600000241,20,16-01-26,101,HRC,COIL,11513:2017,BIS,cr3,72083990,N,7.453,54929147,MATCHED
2000,R_HR_CO,Hot Rolled Black Coil,26AW1008R0,20.88,2001,2.5,1230,0011000122,NMDC STEEL LIMITED,D100257108,5000091971,4600000241,20,16-01-26,101,HRC,COIL,11513:2017,BIS,cr3,72083990,N,7.453,31171156,MATCHED
2000,R_HR_CO,Hot Rolled Black Coil,26AW1009R0,20.91,2001,2.5,1230,0011000122,NMDC STEEL LIMITED,D100258106,5000091971,4600000241,20,16-01-26,101,HRC,COIL,11513:2017,BIS,cr3,72083990,N,7.453,17296238,MATCHED
2000,R_HR_CO,Hot Rolled Black Coil,26AW1010R0,20.93,2001,2.5,1230,0011000122,NMDC STEEL LIMITED,D100257104,5000091972,4600000241,20,16-01-26,101,HRC,COIL,11513:2017,BIS,cr3,72083990,N,7.453,96202592,MATCHED
2000,R_HR_CO,Hot Rolled Black Coil,26AW1011R0,20.88,2001,2.5,1230,0011000122,NMDC STEEL LIMITED,D100257105,5000091972,4600000241,20,16-01-26,101,HRC,COIL,11513:2017,BIS,cr3,72083990,N,7.453,96558291,MATCHED
2000,R_HR_CO,Hot Rolled Black Coil,26AW1012R0,20.86,2001,2.5,1230,0011000122,NMDC STEEL LIMITED,D100257106,5000091973,4600000241,20,16-01-26,101,HRC,COIL,11513:2017,BIS,cr3,72083990,N,7.453,11663703,MATCHED
2000,R_HR_CO,Hot Rolled Black Coil,26AW1013R0,20.85,2001,2.5,1230,0011000122,NMDC STEEL LIMITED,D100257107,5000091973,4600000241,20,16-01-26,101,HRC,COIL,11513:2017,BIS,cr3,72083990,N,7.453,34978406,MATCHED
2000,R_HR>3MM_CO,Hot Rolled Black Coil 3mm & Above,26BJ0001R0,22.92,2001,3.6,1265,0011000144,JSW Vijayanagar Metallics Limited,26206461,5000092127,4600000243,100,27-01-26,101,HRC,COIL,11513:2017,BIS,cr3,72083890,N,7.453,89398908,MATCHED
2000,R_HR_CO,Hot Rolled Black Coil,26BJ0002R0,27.54,2001,2.8,1265,0011000144,JSW Vijayanagar Metallics Limited,26211861,5000092132,4600000243,70,27-01-26,101,HRC,COIL,11513:2017,BIS,cr3,72083990,N,7.453,78602381,MATCHED
2000,R_HR_CO,Hot Rolled Black Coil,26BJ0003R0,27.425,2001,2.8,1265,0011000144,JSW Vijayanagar Metallics Limited,26211859,5000092137,4600000243,70,27-01-26,101,HRC,COIL,11513:2017,BIS,cr3,72083990,N,7.453,69987086,MATCHED
2000,R_HR>3MM_CO,Hot Rolled Black Coil 3mm & Above,26BJ0004R0,25.56,2001,3,1265,0011000144,JSW Vijayanagar Metallics Limited,26211936,5000092147,4600000243,150,27-01-26,101,HRC,COIL,11513:2017,BIS,cr3,72083890,N,7.453,72976394,MATCHED
2000,R_HR>3MM_CO,Hot Rolled Black Coil 3mm & Above,26BJ0005R0,25.075,2001,3.6,1265,0011000144,JSW Vijayanagar Metallics Limited,26205068,5000092148,4600000243,220,27-01-26,101,HRC,COIL,11513:2017,BIS,cr3,72083890,N,7.453,88654234,MATCHED
2000,R_HR>3MM_CO,Hot Rolled Black Coil 3mm & Above,26BJ0006R0,25.48,2001,3,1265,0011000144,JSW Vijayanagar Metallics Limited,26206459,5000092149,4600000243,130,27-01-26,101,HRC,COIL,11513:2017,BIS,cr3,72083890,N,7.453,23251363,MATCHED
2000,R_HR>3MM_CO,Hot Rolled Black Coil 3mm & Above,26BJ0007R0,27.495,2001,3.6,1265,0011000144,JSW Vijayanagar Metallics Limited,26211997,5000092150,4600000243,220,27-01-26,101,HRC,COIL,11513:2017,BIS,cr3,72083890,N,7.453,10644104,MATCHED
2000,R_HR>3MM_CO,Hot Rolled Black Coil 3mm & Above,26BJ0008R0,27.375,2001,3.6,1265,0011000144,JSW Vijayanagar Metallics Limited,26206679,5000092151,4600000243,220,27-01-26,101,HRC,COIL,11513:2017,BIS,cr3,72083890,N,7.453,91166296,MATCHED
2000,R_HR_CO,Hot Rolled Black Coil,26BJ0009R0,20.225,2001,2,1080,0011000144,JSW Vijayanagar Metallics Limited,26206893,5000092153,4600000243,80,27-01-26,101,HRC,COIL,11513:2017,BIS,cr3,72083990,N,7.453,36544049,MATCHED
2000,R_HR_CO,Hot Rolled Black Coil,26BJ0010R0,20.875,2001,2.8,1160,0011000144,JSW Vijayanagar Metallics Limited,26206720,5000092154,4600000243,30,27-01-26,101,HRC,COIL,11513:2017,BIS,cr2,72083990,N,7.453,16418197,MATCHED
2000,R_HR_CO,Hot Rolled Black Coil,26BJ0011R0,24.79,2001,2,1080,0011000144,JSW Vijayanagar Metallics Limited,26206894,5000092155,4600000243,80,27-01-26,101,HRC,COIL,11513:2017,BIS,cr3,72083990,N,7.453,43169961,MATCHED
2000,R_HR_CO,Hot Rolled Black Coil,26BJ0012R0,27.52,2001,2.8,1265,0011000144,JSW Vijayanagar Metallics Limited,26211856,5000092156,4600000243,70,27-01-26,101,HRC,COIL,11513:2017,BIS,cr3,72083990,N,7.453,50616967,MATCHED
2000,R_HR_CO,Hot Rolled Black Coil,26BJ0013R0,26.92,2001,2,1235,0011000144,JSW Vijayanagar Metallics Limited,26201806,5000092157,4600000243,210,27-01-26,101,HRC,COIL,11513:2017,BIS,cr3,72083990,N,7.453,79555148,MATCHED
2000,R_HR>3MM_CO,Hot Rolled Black Coil 3mm & Above,26BJ0014R0,30.245,2001,3,1500,0011000144,JSW Vijayanagar Metallics Limited,26211713,5000092158,4600000243,160,27-01-26,101,HRC,COIL,11513:2017,BIS,cr3,72083890,N,7.453,25997941,MATCHED
2000,R_HR_CO,Hot Rolled Black Coil,26BJ0015R0,27.46,2001,2.8,1230,0011000144,JSW Vijayanagar Metallics Limited,26206622,5000092159,4600000243,50,27-01-26,101,HRC,COIL,11513:2017,BIS,cr2,72083990,N,7.453,84851065,MATCHED
2000,R_HR>3MM_CO,Hot Rolled Black Coil 3mm & Above,26BJ0016R0,27.385,2001,3,1230,0011000144,JSW Vijayanagar Metallics Limited,26206610,5000092160,4600000243,120,27-01-26,101,HRC,COIL,11513:2017,BIS,cr2,72083890,N,7.453,47633996,MATCHED
2000,R_HR>3MM_CO,Hot Rolled Black Coil 3mm & Above,26BJ0017R0,27.475,2001,3.6,1230,0011000144,JSW Vijayanagar Metallics Limited,26206788,5000092161,4600000243,90,27-01-26,101,HRC,COIL,11513:2017,BIS,cr2,72083890,N,7.453,44924498,MATCHED
2000,R_HR>3MM_CO,Hot Rolled Black Coil 3mm & Above,26BJ0018R0,30.265,2001,3,1500,0011000144,JSW Vijayanagar Metallics Limited,26211618,5000092162,4600000243,160,27-01-26,101,HRC,COIL,11513:2017,BIS,cr3,72083890,N,7.453,40563531,MATCHED
2000,R_HR>3MM_CO,Hot Rolled Black Coil 3mm & Above,26BJ0019R0,27.425,2001,3,1210,0011000144,JSW Vijayanagar Metallics Limited,26206634,5000092164,4600000243,110,27-01-26,101,HRC,COIL,11513:2017,BIS,cr2,72083890,N,7.453,46315633,MATCHED
2000,R_HR>3MM_CO,Hot Rolled Black Coil 3mm & Above,26BJ0020R0,27.435,2001,3.6,1230,0011000144,JSW Vijayanagar Metallics Limited,26206608,5000092165,4600000243,90,27-01-26,101,HRC,COIL,11513:2017,BIS,cr2,72083890,N,7.453,57218808,MATCHED
2000,R_HR_CO,Hot Rolled Black Coil,26BJ0021R0,27.445,2001,2.8,1230,0011000144,JSW Vijayanagar Metallics Limited,26206632,5000092166,4600000243,50,27-01-26,101,HRC,COIL,11513:2017,BIS,cr2,72083990,N,7.453,87351930,MATCHED
2000,R_HR>3MM_CO,Hot Rolled Black Coil 3mm & Above,26BJ0022R0,30.275,2001,3,1500,0011000144,JSW Vijayanagar Metallics Limited,26211647,5000092167,4600000243,160,27-01-26,101,HRC,COIL,11513:2017,BIS,cr3,72083890,N,7.453,83655456,MATCHED
2000,R_HR_CO,Hot Rolled Black Coil,26BJ0023R0,20.935,2001,2.8,1160,0011000144,JSW Vijayanagar Metallics Limited,26206722,5000092168,4600000243,30,27-01-26,101,HRC,COIL,11513:2017,BIS,cr2,72083990,N,7.453,52643795,MATCHED
2000,R_HR>3MM_CO,Hot Rolled Black Coil 3mm & Above,26BJ0024R0,27.47,2001,3.6,1265,0011000144,JSW Vijayanagar Metallics Limited,26211996,5000092170,4600000243,220,27-01-26,101,HRC,COIL,11513:2017,BIS,cr3,72083890,N,7.453,84615715,MATCHED
2000,R_HR>3MM_CO,Hot Rolled Black Coil 3mm & Above,26BJ0025R0,27.975,2001,3,1190,0011000144,JSW Vijayanagar Metallics Limited,26202050,5000092171,4600000243,230,27-01-26,101,HRC,COIL,11513:2017,BIS,cr2,72083890,N,7.453,13444784,MATCHED
2000,R_HR_CO,Hot Rolled Black Coil,26BJ0026R0,23.755,2001,2.5,1230,0011000144,JSW Vijayanagar Metallics Limited,26205014,5000092172,4600000243,20,27-01-26,101,HRC,COIL,11513:2017,BIS,cr3,72083990,N,7.453,46729218,MATCHED
2000,R_HR_CO,Hot Rolled Black Coil,26BJ0027R0,27.215,2001,2.8,1260,0011000144,JSW Vijayanagar Metallics Limited,26206471,5000092173,4600000243,60,27-01-26,101,HRC,COIL,11513:2017,BIS,cr2,72083990,N,7.453,22232221,MATCHED
2000,R_HR_CO,Hot Rolled Black Coil,26BJ0028R0,18.855,2001,2.5,1110,0011000144,JSW Vijayanagar Metallics Limited,26205627,5000092174,4600000243,180,27-01-26,101,HRC,COIL,11513:2017,BIS,cr3,72083990,N,7.453,82175114,MATCHED
2000,R_HR_CO,Hot Rolled Black Coil,26BJ0029R0,27.25,2001,2.8,1260,0011000144,JSW Vijayanagar Metallics Limited,26206474,5000092175,4600000243,60,27-01-26,101,HRC,COIL,11513:2017,BIS,cr2,72083990,N,7.453,47049497,MATCHED
2000,R_HR_CO,Hot Rolled Black Coil,26BJ0030R0,27.415,2001,2.8,1260,0011000144,JSW Vijayanagar Metallics Limited,26206477,5000092176,4600000243,60,27-01-26,101,HRC,COIL,11513:2017,BIS,cr2,72083990,N,7.453,78631980,MATCHED
2000,R_HR_CO,Hot Rolled Black Coil,26BJ0031R0,27.35,2001,2.5,1230,0011000144,JSW Vijayanagar Metallics Limited,26206683,5000092177,4600000243,20,27-01-26,101,HRC,COIL,11513:2017,BIS,cr3,72083990,N,7.453,30872533,MATCHED
2000,R_HR>3MM_CO,Hot Rolled Black Coil 3mm & Above,26BJ0032R0,30.225,2001,3,1500,0011000144,JSW Vijayanagar Metallics Limited,26211715,5000092180,4600000243,160,27-01-26,101,HRC,COIL,11513:2017,BIS,cr3,72083890,N,7.453,91322626,MATCHED
2000,R_HR>3MM_CO,Hot Rolled Black Coil 3mm & Above,26BJ0033R0,27.435,2001,3,1210,0011000144,JSW Vijayanagar Metallics Limited,26206633,5000092181,4600000243,110,27-01-26,101,HRC,COIL,11513:2017,BIS,cr2,72083890,N,7.453,74011865,MATCHED
2000,R_HR_CO,Hot Rolled Black Coil,26BJ0034R0,27.46,2001,2.5,1230,0011000144,JSW Vijayanagar Metallics Limited,26211876,5000092182,4600000243,20,27-01-26,101,HRC,COIL,11513:2017,BIS,cr3,72083990,N,7.453,61967372,MATCHED
2000,R_HR>3MM_CO,Hot Rolled Black Coil 3mm & Above,26BJ0035R0,30.565,2001,3,1500,0011000144,JSW Vijayanagar Metallics Limited,26211711,5000092183,4600000243,160,27-01-26,101,HRC,COIL,11513:2017,BIS,cr3,72083890,N,7.453,98771367,MATCHED
2000,R_HR>3MM_CO,Hot Rolled Black Coil 3mm & Above,26BJ0036R0,29.165,2001,3,1500,0011000144,JSW Vijayanagar Metallics Limited,26211821,5000092184,4600000243,160,27-01-26,101,HRC,COIL,11513:2017,BIS,cr3,72083890,N,7.453,65455147,MATCHED
2000,R_HR>3MM_CO,Hot Rolled Black Coil 3mm & Above,26BJ0037R0,30.225,2001,3,1500,0011000144,JSW Vijayanagar Metallics Limited,26211621,5000092185,4600000243,160,27-01-26,101,HRC,COIL,11513:2017,BIS,cr3,72083890,N,7.453,47542098,MATCHED
2000,R_HR>3MM_CO,Hot Rolled Black Coil 3mm & Above,26BJ0038R0,30.625,2001,3,1500,0011000144,JSW Vijayanagar Metallics Limited,26212445,5000092186,4600000243,160,27-01-26,101,HRC,COIL,11513:2017,BIS,cr3,72083890,N,7.453,58334953,MATCHED
2000,R_HR>3MM_CO,Hot Rolled Black Coil 3mm & Above,26BJ0039R0,27.275,2001,3,1230,0011000144,JSW Vijayanagar Metallics Limited,26206613,5000092187,4600000243,120,27-01-26,101,HRC,COIL,11513:2017,BIS,cr2,72083890,N,7.453,50173408,MATCHED
2000,R_HR>3MM_CO,Hot Rolled Black Coil 3mm & Above,26BJ0046R0,27.345,2001,3.6,1265,0011000144,JSW Vijayanagar Metallics Limited,26206680,5000092205,4600000243,100,27-01-26,101,HRC,COIL,11513:2017,BIS,cr3,72083890,N,7.453,56204458,MATCHED
2000,R_HR>3MM_CO,Hot Rolled Black Coil 3mm & Above,26BJ0048R0,30.34,2001,3,1500,0011000144,JSW Vijayanagar Metallics Limited,26211712,5000092284,4600000243,160,27-01-26,101,HRC,COIL,11513:2017,BIS,cr3,72083890,N,7.453,25788892,MATCHED
2000,R_HR_CO,Hot Rolled Black Coil,26BJ0145R0,22.36,2001,2.2,1235,0011000139,JSW Steel Limited,26003277,5000093239,4600000253,10,16-02-26,101,HRC,COIL,11513:2017,BIS,cr3,72083990,N,7.453,38865806,MATCHED
2000,R_HR_CO,Hot Rolled Black Coil,26BJ0146R0,17.9,2001,2.2,1235,0011000139,JSW Steel Limited,26004349,5000093239,4600000253,10,16-02-26,101,HRC,COIL,11513:2017,BIS,cr3,72083990,N,7.453,58283793,MATCHED
2000,R_HR_CO,Hot Rolled Black Coil,26BJ0147R0,21.73,2001,2.2,1235,0011000139,JSW Steel Limited,26005796,5000093240,4600000253,10,16-02-26,101,HRC,COIL,11513:2017,BIS,cr3,72083990,N,7.453,36906518,MATCHED
2000,R_HR_CO,Hot Rolled Black Coil,26BJ0148R0,21.65,2001,2.2,1235,0011000139,JSW Steel Limited,26005798,5000093240,4600000253,10,16-02-26,101,HRC,COIL,11513:2017,BIS,cr3,72083990,N,7.453,92180889,MATCHED
2000,R_HR_CO,Hot Rolled Black Coil,26BJ0149R0,21.485,2001,2,1080,0011000144,JSW Vijayanagar Metallics Limited,26221941,5000093241,4600000252,100,14-02-26,101,HRC,COIL,11513:2017,BIS,cr3,72083990,N,7.453,99084891,MATCHED
2000,R_HR_CO,Hot Rolled Black Coil,26BJ0150R0,27.315,2001,2.2,1230,0011000144,JSW Vijayanagar Metallics Limited,26221669,5000093242,4600000252,50,14-02-26,101,HRC,COIL,11513:2017,BIS,cr3,72083990,N,7.453,27070328,MATCHED
2000,R_HR_CO,Hot Rolled Black Coil,26BJ0151R0,27.325,2001,2.2,1230,0011000144,JSW Vijayanagar Metallics Limited,26221687,5000093243,4600000252,50,14-02-26,101,HRC,COIL,11513:2017,BIS,cr3,72083990,N,7.453,70975509,MATCHED
2000,R_HR_CO,Hot Rolled Black Coil,26BJ0152R0,27.315,2001,2,1235,0011000144,JSW Vijayanagar Metallics Limited,26221674,5000093250,4600000252,20,14-02-26,101,HRC,COIL,11513:2017,BIS,cr3,72083990,N,7.453,92621722,MATCHED
2000,R_HR_CO,Hot Rolled Black Coil,26BJ0153R0,25.825,2001,2,1235,0011000144,JSW Vijayanagar Metallics Limited,26221679,5000093251,4600000252,20,14-02-26,101,HRC,COIL,11513:2017,BIS,cr3,72083990,N,7.453,68563433,MATCHED
2000,R_HR_CO,Hot Rolled Black Coil,26BJ0154R0,21.52,2001,2,1080,0011000144,JSW Vijayanagar Metallics Limited,26221942,5000093252,4600000252,100,14-02-26,101,HRC,COIL,11513:2017,BIS,cr3,72083990,N,7.453,88955907,MATCHED
2000,R_HR_CO,Hot Rolled Black Coil,26BJ0155R0,27.44,2001,2.2,1230,0011000144,JSW Vijayanagar Metallics Limited,26221692,5000093254,4600000252,50,14-02-26,101,HRC,COIL,11513:2017,BIS,cr3,72083990,N,7.453,55992580,MATCHED
2000,R_HR_CO,Hot Rolled Black Coil,26BJ0156R0,22.87,2001,1.6,1250,0011000144,JSW Vijayanagar Metallics Limited,26221603,5000093258,4600000252,10,14-02-26,101,HRC,COIL,11513:2017,BIS,HR2,72083990,N,7.453,75436516,MATCHED
2000,R_HR_CO,Hot Rolled Black Coil,26BJ0157R0,19.56,2001,2.8,1160,0011000144,JSW Vijayanagar Metallics Limited,26214325,5000093259,4600000252,180,14-02-26,101,HRC,COIL,11513:2017,BIS,cr2,72083990,N,7.453,21078873,MATCHED
2000,R_HR_CO,Hot Rolled Black Coil,26BJ0158R0,27.305,2001,2.2,1230,0011000144,JSW Vijayanagar Metallics Limited,26221688,5000093287,4600000252,50,14-02-26,101,HRC,COIL,11513:2017,BIS,cr3,72083990,N,7.453,86244432,MATCHED
2000,R_HR_CO,Hot Rolled Black Coil,26BJ0159R0,27.38,2001,2,1235,0011000144,JSW Vijayanagar Metallics Limited,26221675,5000093288,4600000252,20,14-02-26,101,HRC,COIL,11513:2017,BIS,cr3,72083990,N,7.453,92407548,MATCHED
2000,R_HR>3MM_CO,Hot Rolled Black Coil 3mm & Above,26BJ0160R0,27.33,2001,3,1265,0011000144,JSW Vijayanagar Metallics Limited,26221831,5000093289,4600000252,140,05-02-26,101,HRC,COIL,11513:2017,BIS,cr3,72083890,N,7.453,92480914,MATCHED
2000,R_HR_CO,Hot Rolled Black Coil,26BJ0161R0,27.37,2001,2,1235,0011000144,JSW Vijayanagar Metallics Limited,26221676,5000093290,4600000252,20,14-02-26,101,HRC,COIL,11513:2017,BIS,cr3,72083990,N,7.453,35440146,MATCHED
2000,R_HR>3MM_CO,Hot Rolled Black Coil 3mm & Above,26BJ0162R0,27.36,2001,3.6,1265,0011000144,JSW Vijayanagar Metallics Limited,26222287,5000093291,4600000252,160,05-02-26,101,HRC,COIL,11513:2017,BIS,cr3,72083890,N,7.453,66236144,MATCHED
2000,R_HR>3MM_CO,Hot Rolled Black Coil 3mm & Above,26BJ0163R0,27.345,2001,3.6,1265,0011000144,JSW Vijayanagar Metallics Limited,26222288,5000093292,4600000252,160,05-02-26,101,HRC,COIL,11513:2017,BIS,cr3,72083890,N,7.453,81001949,MATCHED
2000,R_HR_CO,Hot Rolled Black Coil,26BJ0164R0,27.21,2001,2.2,1230,0011000144,JSW Vijayanagar Metallics Limited,26221762,5000093293,4600000252,50,14-02-26,101,HRC,COIL,11513:2017,BIS,cr3,72083990,N,7.453,59778388,MATCHED
2000,R_HR_CO,Hot Rolled Black Coil,26BJ0165R0,26.33,2001,2,1235,0011000144,JSW Vijayanagar Metallics Limited,26222319,5000093294,4600000252,20,14-02-26,101,HRC,COIL,11513:2017,BIS,cr3,72083990,N,7.453,77660696,MATCHED
2000,R_HR_CO,Hot Rolled Black Coil,26BJ0166R0,27.235,2001,2,1235,0011000144,JSW Vijayanagar Metallics Limited,26221684,5000093295,4600000252,20,14-02-26,101,HRC,COIL,11513:2017,BIS,cr3,72083990,N,7.453,57264971,MATCHED
2000,R_HR_CO,Hot Rolled Black Coil,26BJ0167R0,27.305,2001,2,1235,0011000144,JSW Vijayanagar Metallics Limited,26221673,5000093296,4600000252,20,14-02-26,101,HRC,COIL,11513:2017,BIS,cr3,72083990,N,7.453,54119972,MATCHED
2000,R_HR_CO,Hot Rolled Black Coil,26BJ0168R0,27.405,2001,2,1235,0011000144,JSW Vijayanagar Metallics Limited,26221657,5000093297,4600000252,20,14-02-26,101,HRC,COIL,11513:2017,BIS,cr3,72083990,N,7.453,98472918,MATCHED
2000,R_HR>3MM_CO,Hot Rolled Black Coil 3mm & Above,26BJ0169R0,25.46,2001,3.6,1265,0011000144,JSW Vijayanagar Metallics Limited,26221192,5000093298,4600000252,160,05-02-26,101,HRC,COIL,11513:2017,BIS,cr3,72083890,N,7.453,92303565,MATCHED
2000,R_HR>3MM_CO,Hot Rolled Black Coil 3mm & Above,26BJ0170R0,24.935,2001,3.6,1265,0011000144,JSW Vijayanagar Metallics Limited,26221607,5000093299,4600000252,160,05-02-26,101,HRC,COIL,11513:2017,BIS,cr3,72083890,N,7.453,17987977,MATCHED
2000,R_HR_CO,Hot Rolled Black Coil,26BJ0171R0,27.285,2001,2.2,1230,0011000144,JSW Vijayanagar Metallics Limited,26221695,5000093300,4600000252,50,14-02-26,101,HRC,COIL,11513:2017,BIS,cr3,72083990,N,7.453,26447575,MATCHED
2000,R_HR_CO,Hot Rolled Black Coil,26BJ0172R0,27.19,2001,2,1235,0011000144,JSW Vijayanagar Metallics Limited,26221752,5000093301,4600000252,20,14-02-26,101,HRC,COIL,11513:2017,BIS,cr3,72083990,N,7.453,13180782,MATCHED
2000,R_HR_CO,Hot Rolled Black Coil,26BJ0173R0,27.24,2001,2,1235,0011000144,JSW Vijayanagar Metallics Limited,26221756,5000093302,4600000252,20,14-02-26,101,HRC,COIL,11513:2017,BIS,cr3,72083990,N,7.453,50887345,MATCHED
2000,R_HR_CO,Hot Rolled Black Coil,26BJ0174R0,27.205,2001,2.2,1230,0011000144,JSW Vijayanagar Metallics Limited,26221678,5000093303,4600000252,50,14-02-26,101,HRC,COIL,11513:2017,BIS,cr3,72083990,N,7.453,24709809,MATCHED
2000,R_HR_CO,Hot Rolled Black Coil,26BJ0175R0,27.235,2001,2.2,1230,0011000144,JSW Vijayanagar Metallics Limited,26221736,5000093304,4600000252,50,14-02-26,101,HRC,COIL,11513:2017,BIS,cr3,72083990,N,7.453,28971091,MATCHED
2000,R_HR_CO,Hot Rolled Black Coil,26BJ0176R0,21.575,2001,2,1250,0011000144,JSW Vijayanagar Metallics Limited,26221472,5000093305,4600000252,40,14-02-26,101,HRC,COIL,11513:2017,BIS,HR2,72083990,N,7.453,32907208,MATCHED
2000,R_HR_CO,Hot Rolled Black Coil,26BJ0177R0,27.245,2001,2.2,1230,0011000144,JSW Vijayanagar Metallics Limited,26221733,5000093307,4600000252,50,14-02-26,101,HRC,COIL,11513:2017,BIS,cr3,72083990,N,7.453,44518244,MATCHED
2000,R_HR>3MM_CO,Hot Rolled Black Coil 3mm & Above,26BJ0178R0,27.335,2001,3,1265,0011000144,JSW Vijayanagar Metallics Limited,26221765,5000093308,4600000252,140,05-02-26,101,HRC,COIL,11513:2017,BIS,cr3,72083890,N,7.453,57716552,MATCHED
2000,R_HR_CO,Hot Rolled Black Coil,26BJ0179R0,27.325,2001,2,1235,0011000144,JSW Vijayanagar Metallics Limited,26221677,5000093309,4600000252,20,14-02-26,101,HRC,COIL,11513:2017,BIS,cr3,72083990,N,7.453,96262029,MATCHED
2000,R_HR>3MM_CO,Hot Rolled Black Coil 3mm & Above,26BJ0180R0,25.43,2001,3.6,1265,0011000144,JSW Vijayanagar Metallics Limited,26221721,5000093310,4600000252,160,05-02-26,101,HRC,COIL,11513:2017,BIS,cr3,72083890,N,7.453,32884703,MATCHED
2000,R_HR_CO,Hot Rolled Black Coil,26BJ0181R0,27.095,2001,2.2,1230,0011000144,JSW Vijayanagar Metallics Limited,26221735,5000093311,4600000252,50,14-02-26,101,HRC,COIL,11513:2017,BIS,cr3,72083990,N,7.453,29952602,MATCHED
2000,R_HR_CO,Hot Rolled Black Coil,26BJ0182R0,27.36,2001,2,1235,0011000144,JSW Vijayanagar Metallics Limited,26221672,5000093312,4600000252,20,14-02-26,101,HRC,COIL,11513:2017,BIS,cr3,72083990,N,7.453,28969539,MATCHED
2000,R_HR>3MM_CO,Hot Rolled Black Coil 3mm & Above,26BJ0183R0,27.38,2001,3,1265,0011000144,JSW Vijayanagar Metallics Limited,26221668,5000093313,4600000252,140,05-02-26,101,HRC,COIL,11513:2017,BIS,cr3,72083890,N,7.453,85850828,MATCHED
2000,R_HR>3MM_CO,Hot Rolled Black Coil 3mm & Above,26BJ0184R0,27.385,2001,3,1265,0011000144,JSW Vijayanagar Metallics Limited,26221764,5000093314,4600000252,140,05-02-26,101,HRC,COIL,11513:2017,BIS,cr3,72083890,N,7.453,80994834,MATCHED
2000,R_HR_CO,Hot Rolled Black Coil,26BJ0185R0,27.245,2001,2.2,1230,0011000144,JSW Vijayanagar Metallics Limited,26221763,5000093315,4600000252,50,14-02-26,101,HRC,COIL,11513:2017,BIS,cr3,72083990,N,7.453,37612501,MATCHED
2000,R_HR_CO,Hot Rolled Black Coil,26BJ0186R0,25.33,2001,2.8,1275,0011000144,JSW Vijayanagar Metallics Limited,26222174,5000093316,4600000252,110,05-02-26,101,HRC,COIL,11513:2017,BIS,cr2,72083990,N,7.453,89540225,MATCHED
2000,R_HR_CO,Hot Rolled Black Coil,26BJ0187R0,21.48,2001,2,1080,0011000144,JSW Vijayanagar Metallics Limited,26221952,5000093317,4600000252,100,14-02-26,101,HRC,COIL,11513:2017,BIS,cr3,72083990,N,7.453,69478208,MATCHED
2000,R_HR_CO,Hot Rolled Black Coil,26BJ0188R0,27.28,2001,2.2,1230,0011000144,JSW Vijayanagar Metallics Limited,26221748,5000093318,4600000252,50,14-02-26,101,HRC,COIL,11513:2017,BIS,cr3,72083990,N,7.453,12463523,MATCHED
2000,R_HR_CO,Hot Rolled Black Coil,26BJ0189R0,27.16,2001,2.2,1230,0011000144,JSW Vijayanagar Metallics Limited,26221749,5000093319,4600000252,50,14-02-26,101,HRC,COIL,11513:2017,BIS,cr3,72083990,N,7.453,41829183,MATCHED
2000,R_HR>3MM_CO,Hot Rolled Black Coil 3mm & Above,26BJ0190R0,25.29,2001,3.6,1265,0011000144,JSW Vijayanagar Metallics Limited,26222173,5000093320,4600000252,160,05-02-26,101,HRC,COIL,11513:2017,BIS,cr3,72083890,N,7.453,95473976,MATCHED
2000,R_HR_CO,Hot Rolled Black Coil,26BJ0191R0,27.225,2001,2,1235,0011000144,JSW Vijayanagar Metallics Limited,26221685,5000093321,4600000252,20,14-02-26,101,HRC,COIL,11513:2017,BIS,cr3,72083990,N,7.453,69878091,MATCHED
2000,R_HR_CO,Hot Rolled Black Coil,26BJ0192R0,27.305,2001,2.8,1275,0011000144,JSW Vijayanagar Metallics Limited,26222177,5000093322,4600000252,110,05-02-26,101,HRC,COIL,11513:2017,BIS,cr2,72083990,N,7.453,63350124,MATCHED
2000,R_HR_CO,Hot Rolled Black Coil,26BJ0193R0,21.455,2001,2,1080,0011000144,JSW Vijayanagar Metallics Limited,26221854,5000093323,4600000252,100,14-02-26,101,HRC,COIL,11513:2017,BIS,cr3,72083990,N,7.453,81598936,MATCHED
2000,R_HR_CO,Hot Rolled Black Coil,26BJ0194R0,27.305,2001,2.2,1230,0011000144,JSW Vijayanagar Metallics Limited,26221760,5000093324,4600000252,50,14-02-26,101,HRC,COIL,11513:2017,BIS,cr3,72083990,N,7.453,23757706,MATCHED
2000,R_HR_CO,Hot Rolled Black Coil,26BJ0195R0,21.555,2001,2,1080,0011000144,JSW Vijayanagar Metallics Limited,26221945,5000093325,4600000252,100,14-02-26,101,HRC,COIL,11513:2017,BIS,cr3,72083990,N,7.453,62281289,MATCHED
2000,R_HR_CO,Hot Rolled Black Coil,26BJ0196R0,21.455,2001,2,1080,0011000144,JSW Vijayanagar Metallics Limited,26221857,5000093326,4600000252,100,14-02-26,101,HRC,COIL,11513:2017,BIS,cr3,72083990,N,7.453,95711823,MATCHED
2000,R_HR_CO,Hot Rolled Black Coil,26BJ0197R0,21.555,2001,2,1080,0011000144,JSW Vijayanagar Metallics Limited,26221940,5000093327,4600000252,100,14-02-26,101,HRC,COIL,11513:2017,BIS,cr3,72083990,N,7.453,67726837,MATCHED
2000,R_HR_CO,Hot Rolled Black Coil,26BJ0198R0,21.48,2001,2,1080,0011000144,JSW Vijayanagar Metallics Limited,26221951,5000093334,4600000252,100,14-02-26,101,HRC,COIL,11513:2017,BIS,cr3,72083990,N,7.453,78825996,MATCHED
2000,R_HR_CO,Hot Rolled Black Coil,26BJ0199R0,21.525,2001,2,1250,0011000144,JSW Vijayanagar Metallics Limited,26221471,5000093336,4600000252,40,14-02-26,101,HRC,COIL,11513:2017,BIS,HR2,72083990,N,7.453,92754679,MATCHED
2000,R_HR_CO,Hot Rolled Black Coil,26BJ0200R0,21.555,2001,2,1080,0011000144,JSW Vijayanagar Metallics Limited,26221936,5000093338,4600000252,100,14-02-26,101,HRC,COIL,11513:2017,BIS,cr3,72083990,N,7.453,80751640,MATCHED
2000,R_HR_CO,Hot Rolled Black Coil,26BJ0201R0,27.24,2001,2,1235,0011000144,JSW Vijayanagar Metallics Limited,26221750,5000093339,4600000252,20,14-02-26,101,HRC,COIL,11513:2017,BIS,cr3,72083990,N,7.453,40688608,MATCHED
2000,R_HR_CO,Hot Rolled Black Coil,26BJ0202R0,21.425,2001,2,1080,0011000144,JSW Vijayanagar Metallics Limited,26221855,5000093340,4600000252,100,14-02-26,101,HRC,COIL,11513:2017,BIS,cr3,72083990,N,7.453,96806368,MATCHED
2000,R_HR_CO,Hot Rolled Black Coil,26BJ0203R0,21.475,2001,2,1080,0011000144,JSW Vijayanagar Metallics Limited,26221937,5000093341,4600000252,100,14-02-26,101,HRC,COIL,11513:2017,BIS,cr3,72083990,N,7.453,47235742,MATCHED
2000,R_HR_CO,Hot Rolled Black Coil,26BJ0205R0,21.705,2001,2.5,1250,0011000144,JSW Vijayanagar Metallics Limited,26221468,5000093343,4600000252,90,14-02-26,101,HRC,COIL,11513:2017,BIS,HR2,72083990,N,7.453,29230478,MATCHED
2000,R_HR>3MM_CO,Hot Rolled Black Coil 3mm & Above,26BJ0206R0,27.25,2001,3,1265,0011000144,JSW Vijayanagar Metallics Limited,26221832,5000093344,4600000252,140,05-02-26,101,HRC,COIL,11513:2017,BIS,cr3,72083890,N,7.453,84917878,MATCHED
2000,R_HR_CO,Hot Rolled Black Coil,26BJ0207R0,27.16,2001,2,1235,0011000144,JSW Vijayanagar Metallics Limited,26221754,5000093345,4600000252,20,14-02-26,101,HRC,COIL,11513:2017,BIS,cr3,72083990,N,7.453,11876610,MATCHED
2000,R_HR_CO,Hot Rolled Black Coil,26BJ0208R0,27.325,2001,2.2,1230,0011000144,JSW Vijayanagar Metallics Limited,26221670,5000093346,4600000252,50,14-02-26,101,HRC,COIL,11513:2017,BIS,cr3,72083990,N,7.453,58743185,MATCHED
2000,R_HR_CO,Hot Rolled Black Coil,26BJ0209R0,21.73,2001,2.5,1250,0011000144,JSW Vijayanagar Metallics Limited,26221476,5000093347,4600000252,90,14-02-26,101,HRC,COIL,11513:2017,BIS,HR2,72083990,N,7.453,73597445,MATCHED
2000,R_HR_CO,Hot Rolled Black Coil,26BJ0210R0,27.36,2001,2.2,1230,0011000144,JSW Vijayanagar Metallics Limited,26221651,5000093348,4600000252,50,14-02-26,101,HRC,COIL,11513:2017,BIS,cr3,72083990,N,7.453,94334689,MATCHED
2000,R_HR_CO,Hot Rolled Black Coil,26BJ0211R0,21.49,2001,2,1080,0011000144,JSW Vijayanagar Metallics Limited,26221858,5000093349,4600000252,100,14-02-26,101,HRC,COIL,11513:2017,BIS,cr3,72083990,N,7.453,31473358,MATCHED
2000,R_HR_CO,Hot Rolled Black Coil,26BJ0212R0,27.225,2001,2,1235,0011000144,JSW Vijayanagar Metallics Limited,26221758,5000093350,4600000252,20,14-02-26,101,HRC,COIL,11513:2017,BIS,cr3,72083990,N,7.453,49249317,MATCHED
2000,R_HR_CO,Hot Rolled Black Coil,26BJ0214R0,21.495,2001,2,1080,0011000144,JSW Vijayanagar Metallics Limited,26221860,5000093352,4600000252,100,14-02-26,101,HRC,COIL,11513:2017,BIS,cr3,72083990,N,7.453,88566803,MATCHED
2000,R_HR>3MM_CO,Hot Rolled Black Coil 3mm & Above,26BJ0215R0,27.29,2001,3,1265,0011000144,JSW Vijayanagar Metallics Limited,26221667,5000093354,4600000252,140,05-02-26,101,HRC,COIL,11513:2017,BIS,cr3,72083890,N,7.453,22372293,MATCHED
2000,R_HR_CO,Hot Rolled Black Coil,26BJ0216R0,25.915,2001,2,1235,0011000144,JSW Vijayanagar Metallics Limited,26222322,5000093355,4600000252,20,14-02-26,101,HRC,COIL,11513:2017,BIS,cr3,72083990,N,7.453,33700668,MATCHED
2000,R_HR_CO,Hot Rolled Black Coil,26BJ0217R0,22.09,2001,2.8,1275,0011000144,JSW Vijayanagar Metallics Limited,26222176,5000093356,4600000252,110,05-02-26,101,HRC,COIL,11513:2017,BIS,cr2,72083990,N,7.453,11911978,MATCHED
2000,R_HR_CO,Hot Rolled Black Coil,26BJ0218R0,21.145,2001,2,1250,0011000144,JSW Vijayanagar Metallics Limited,26221477,5000093357,4600000252,40,14-02-26,101,HRC,COIL,11513:2017,BIS,HR2,72083990,N,7.453,60230096,MATCHED
2000,R_HR_CO,Hot Rolled Black Coil,26BJ0219R0,27.34,2001,2,1235,0011000144,JSW Vijayanagar Metallics Limited,26221683,5000093358,4600000252,20,14-02-26,101,HRC,COIL,11513:2017,BIS,cr3,72083990,N,7.453,18511019,MATCHED
2000,R_HR_CO,Hot Rolled Black Coil,26BJ0220R0,27.315,2001,2,1235,0011000144,JSW Vijayanagar Metallics Limited,26221759,5000093359,4600000252,20,14-02-26,101,HRC,COIL,11513:2017,BIS,cr3,72083990,N,7.453,45658355,MATCHED
2000,R_HR_CO,Hot Rolled Black Coil,26BJ0221R0,21.53,2001,2,1080,0011000144,JSW Vijayanagar Metallics Limited,26221943,5000093360,4600000252,100,14-02-26,101,HRC,COIL,11513:2017,BIS,cr3,72083990,N,7.453,98190106,MATCHED
2000,R_HR_CO,Hot Rolled Black Coil,26BJ0222R0,27.33,2001,2.2,1230,0011000144,JSW Vijayanagar Metallics Limited,26221689,5000093361,4600000252,50,14-02-26,101,HRC,COIL,11513:2017,BIS,cr3,72083990,N,7.453,72268229,MATCHED
2000,R_HR>3MM_CO,Hot Rolled Black Coil 3mm & Above,26BJ0223R0,27.205,2001,3,1265,0011000144,JSW Vijayanagar Metallics Limited,26221822,5000093362,4600000252,140,05-02-26,101,HRC,COIL,11513:2017,BIS,cr3,72083890,N,7.453,24893595,MATCHED
2000,R_HR_CO,Hot Rolled Black Coil,26BJ0224R0,26.375,2001,2,1235,0011000144,JSW Vijayanagar Metallics Limited,26222320,5000093363,4600000252,20,14-02-26,101,HRC,COIL,11513:2017,BIS,cr3,72083990,N,7.453,72600202,MATCHED
2000,R_HR_CO,Hot Rolled Black Coil,26BJ0225R0,21.37,2001,2,1080,0011000144,JSW Vijayanagar Metallics Limited,26221953,5000093364,4600000252,100,14-02-26,101,HRC,COIL,11513:2017,BIS,cr3,72083990,N,7.453,35821648,MATCHED
2000,R_HR_CO,Hot Rolled Black Coil,26BJ0226R0,27.265,2001,2.2,1230,0011000144,JSW Vijayanagar Metallics Limited,26221694,5000093366,4600000252,50,14-02-26,101,HRC,COIL,11513:2017,BIS,cr3,72083990,N,7.453,33648312,MATCHED
2000,R_HR_CO,Hot Rolled Black Coil,26BJ0227R0,21.57,2001,2,1250,0011000144,JSW Vijayanagar Metallics Limited,26221474,5000093367,4600000252,40,14-02-26,101,HRC,COIL,11513:2017,BIS,HR2,72083990,N,7.453,67000283,MATCHED
2000,R_HR>3MM_CO,Hot Rolled Black Coil 3mm & Above,26BJ0228R0,24.485,2001,3,1265,0011000144,JSW Vijayanagar Metallics Limited,26215199,5000093368,4600000252,140,05-02-26,101,HRC,COIL,11513:2017,BIS,cr3,72083890,N,7.453,97593517,MATCHED
2000,R_HR_CO,Hot Rolled Black Coil,26BJ0229R0,27.28,2001,2,1235,0011000144,JSW Vijayanagar Metallics Limited,26221652,5000093370,4600000252,20,14-02-26,101,HRC,COIL,11513:2017,BIS,cr3,72083990,N,7.453,78869551,MATCHED
2000,R_HR_CO,Hot Rolled Black Coil,26BJ0230R0,27.105,2001,2.8,1275,0011000144,JSW Vijayanagar Metallics Limited,26221516,5000093371,4600000252,110,05-02-26,101,HRC,COIL,11513:2017,BIS,cr2,72083990,N,7.453,66704545,MATCHED
2000,R_HR_CO,Hot Rolled Black Coil,26BJ0231R0,27.125,2001,2,1235,0011000144,JSW Vijayanagar Metallics Limited,26221751,5000093372,4600000252,20,14-02-26,101,HRC,COIL,11513:2017,BIS,cr3,72083990,N,7.453,20604309,MATCHED
2000,R_HR>3MM_CO,Hot Rolled Black Coil 3mm & Above,26BJ0232R0,27.335,2001,3,1265,0011000144,JSW Vijayanagar Metallics Limited,26221766,5000093373,4600000252,140,05-02-26,101,HRC,COIL,11513:2017,BIS,cr3,72083890,N,7.453,96805917,MATCHED
2000,R_HR_CO,Hot Rolled Black Coil,26BJ0233R0,26.94,2001,2.2,1230,0011000144,JSW Vijayanagar Metallics Limited,26221693,5000093375,4600000252,50,14-02-26,101,HRC,COIL,11513:2017,BIS,cr3,72083990,N,7.453,32476191,MATCHED
2000,R_HR>3MM_CO,Hot Rolled Black Coil 3mm & Above,26BJ0234R0,24.87,2001,3.6,1265,0011000144,JSW Vijayanagar Metallics Limited,26221606,5000093376,4600000252,160,05-02-26,101,HRC,COIL,11513:2017,BIS,cr3,72083890,N,7.453,36450224,MATCHED
2000,R_HR_CO,Hot Rolled Black Coil,26BJ0235R0,27.145,2001,2.2,1230,0011000144,JSW Vijayanagar Metallics Limited,26221737,5000093377,4600000252,50,14-02-26,101,HRC,COIL,11513:2017,BIS,cr3,72083990,N,7.453,53017802,MATCHED
2000,R_HR>3MM_CO,Hot Rolled Black Coil 3mm & Above,26BJ0236R0,25.32,2001,3,1265,0011000144,JSW Vijayanagar Metallics Limited,26215200,5000093379,4600000252,140,05-02-26,101,HRC,COIL,11513:2017,BIS,cr3,72083890,N,7.453,93700730,MATCHED
2000,R_HR>3MM_CO,Hot Rolled Black Coil 3mm & Above,26BJ0237R0,27.37,2001,3.6,1265,0011000144,JSW Vijayanagar Metallics Limited,26222285,5000093393,4600000252,160,05-02-26,101,HRC,COIL,11513:2017,BIS,cr3,72083890,N,7.453,17351136,MATCHED
2000,R_HR>3MM_CO,Hot Rolled Black Coil 3mm & Above,26BJ0238R0,25.3,2001,3.6,1265,0011000144,JSW Vijayanagar Metallics Limited,26221720,5000093394,4600000252,160,05-02-26,101,HRC,COIL,11513:2017,BIS,cr3,72083890,N,7.453,80083009,MATCHED
2000,R_HR_CO,Hot Rolled Black Coil,26BJ0239R0,25.91,2001,2,1235,0011000144,JSW Vijayanagar Metallics Limited,26221680,5000093395,4600000252,20,14-02-26,101,HRC,COIL,11513:2017,BIS,cr3,72083990,N,7.453,13330758,MATCHED
2000,R_HR_CO,Hot Rolled Black Coil,26BJ0240R0,27.27,2001,2.2,1230,0011000144,JSW Vijayanagar Metallics Limited,26221686,5000093396,4600000252,50,14-02-26,101,HRC,COIL,11513:2017,BIS,cr3,72083990,N,7.453,84293872,MATCHED
2000,R_HR_CO,Hot Rolled Black Coil,26BJ0241R0,26.36,2001,2,1235,0011000144,JSW Vijayanagar Metallics Limited,26222321,5000093397,4600000252,20,14-02-26,101,HRC,COIL,11513:2017,BIS,cr3,72083990,N,7.453,15133234,MATCHED
2000,R_HR_CO,Hot Rolled Black Coil,26BJ0242R0,27.21,2001,2,1235,0011000144,JSW Vijayanagar Metallics Limited,26221757,5000093398,4600000252,20,14-02-26,101,HRC,COIL,11513:2017,BIS,cr3,72083990,N,7.453,12346407,MATCHED
2000,R_HR_CO,Hot Rolled Black Coil,26BJ0243R0,27.145,2001,2.2,1230,0011000144,JSW Vijayanagar Metallics Limited,26221734,5000093399,4600000252,50,14-02-26,101,HRC,COIL,11513:2017,BIS,cr3,72083990,N,7.453,76594323,MATCHED
2000,R_HR>3MM_CO,Hot Rolled Black Coil 3mm & Above,26BJ0244R0,27.315,2001,3.6,1265,0011000144,JSW Vijayanagar Metallics Limited,26221608,5000093424,4600000252,160,05-02-26,101,HRC,COIL,11513:2017,BIS,cr3,72083890,N,7.453,93703175,MATCHED
2000,R_HR_CO,Hot Rolled Black Coil,26BJ0245R0,21.695,2001,2.5,1250,0011000144,JSW Vijayanagar Metallics Limited,26221464,5000093432,4600000252,90,14-02-26,101,HRC,COIL,11513:2017,BIS,HR2,72083990,N,7.453,26391976,MATCHED
2000,R_HR_CO,Hot Rolled Black Coil,26BJ0246R0,21.635,2001,2,1250,0011000144,JSW Vijayanagar Metallics Limited,26221473,5000093433,4600000252,40,14-02-26,101,HRC,COIL,11513:2017,BIS,HR2,72083990,N,7.453,78820171,MATCHED
2000,R_HR>3MM_CO,Hot Rolled Black Coil 3mm & Above,26BJ0247R0,25.53,2001,3.6,1265,0011000144,JSW Vijayanagar Metallics Limited,26221719,5000093434,4600000252,160,05-02-26,101,HRC,COIL,11513:2017,BIS,cr3,72083890,N,7.453,71357436,MATCHED
2000,R_HR_CO,Hot Rolled Black Coil,26BJ0248R0,27.245,2001,2,1235,0011000144,JSW Vijayanagar Metallics Limited,26221681,5000093435,4600000252,20,14-02-26,101,HRC,COIL,11513:2017,BIS,cr3,72083990,N,7.453,39991572,MATCHED
2000,R_HR_CO,Hot Rolled Black Coil,26BJ0249R0,21.515,2001,2,1080,0011000144,JSW Vijayanagar Metallics Limited,26221938,5000093437,4600000252,100,14-02-26,101,HRC,COIL,11513:2017,BIS,cr3,72083990,N,7.453,66965229,MATCHED
2000,R_HR_CO,Hot Rolled Black Coil,26BJ0250R0,25.375,2001,2.8,1275,0011000144,JSW Vijayanagar Metallics Limited,26222175,5000093438,4600000252,110,05-02-26,101,HRC,COIL,11513:2017,BIS,cr2,72083990,N,7.453,58201063,MATCHED
2000,R_HR_CO,Hot Rolled Black Coil,26BJ0251R0,21.49,2001,2,1080,0011000144,JSW Vijayanagar Metallics Limited,26221935,5000093439,4600000252,100,14-02-26,101,HRC,COIL,11513:2017,BIS,cr3,72083990,N,7.453,12297938,MATCHED
2000,R_HR_CO,Hot Rolled Black Coil,26BJ0252R0,27.18,2001,2.2,1230,0011000144,JSW Vijayanagar Metallics Limited,26221761,5000093440,4600000252,50,14-02-26,101,HRC,COIL,11513:2017,BIS,cr3,72083990,N,7.453,32890956,MATCHED
2000,R_HR_CO,Hot Rolled Black Coil,26BJ0253R0,21.565,2001,2,1250,0011000144,JSW Vijayanagar Metallics Limited,26221467,5000093443,4600000252,40,14-02-26,101,HRC,COIL,11513:2017,BIS,HR2,72083990,N,7.453,11899303,MATCHED
2000,R_HR_CO,Hot Rolled Black Coil,26BJ0254R0,21.435,2001,2,1080,0011000144,JSW Vijayanagar Metallics Limited,26221947,5000093444,4600000252,100,14-02-26,101,HRC,COIL,11513:2017,BIS,cr3,72083990,N,7.453,62349034,MATCHED
2000,R_HR_CO,Hot Rolled Black Coil,26BJ0255R0,27.155,2001,2.2,1230,0011000144,JSW Vijayanagar Metallics Limited,26221746,5000093446,4600000252,50,14-02-26,101,HRC,COIL,11513:2017,BIS,cr3,72083990,N,7.453,12688655,MATCHED
2000,R_HR_CO,Hot Rolled Black Coil,26BJ0257R0,21.465,2001,2,1080,0011000144,JSW Vijayanagar Metallics Limited,26221856,5000093456,4600000252,100,14-02-26,101,HRC,COIL,11513:2017,BIS,cr3,72083990,N,7.453,34809787,MATCHED
2000,R_HR_CO,Hot Rolled Black Coil,26BJ0258R0,21.56,2001,2,1250,0011000144,JSW Vijayanagar Metallics Limited,26221479,5000093459,4600000252,40,14-02-26,101,HRC,COIL,11513:2017,BIS,HR2,72083990,N,7.453,33088303,MATCHED
2000,R_HR_CO,Hot Rolled Black Coil,26BJ0259R0,21.535,2001,2,1080,0011000144,JSW Vijayanagar Metallics Limited,26221939,5000093461,4600000252,100,14-02-26,101,HRC,COIL,11513:2017,BIS,cr3,72083990,N,7.453,92513419,MATCHED
2000,R_HR_CO,Hot Rolled Black Coil,26BJ0260R0,21.57,2001,2,1250,0011000144,JSW Vijayanagar Metallics Limited,26221470,5000093462,4600000252,40,14-02-26,101,HRC,COIL,11513:2017,BIS,HR2,72083990,N,7.453,16390668,MATCHED
2000,R_HR_CO,Hot Rolled Black Coil,26BJ0261R0,21.57,2001,2,1250,0011000144,JSW Vijayanagar Metallics Limited,26221475,5000093465,4600000252,40,14-02-26,101,HRC,COIL,11513:2017,BIS,HR2,72083990,N,7.453,48645662,MATCHED
2000,R_HR_CO,Hot Rolled Black Coil,26BJ0262R0,21.48,2001,2,1080,0011000144,JSW Vijayanagar Metallics Limited,26221946,5000093466,4600000252,100,14-02-26,101,HRC,COIL,11513:2017,BIS,cr3,72083990,N,7.453,21839855,MATCHED
2000,R_HR_CO,Hot Rolled Black Coil,26BJ0263R0,27.045,2001,2.2,1230,0011000144,JSW Vijayanagar Metallics Limited,26221745,5000093469,4600000252,50,14-02-26,101,HRC,COIL,11513:2017,BIS,cr3,72083990,N,7.453,88277905,MATCHED
2000,R_HR_CO,Hot Rolled Black Coil,26BJ0264R0,21.745,2001,2,1250,0011000144,JSW Vijayanagar Metallics Limited,26221478,5000093471,4600000252,40,14-02-26,101,HRC,COIL,11513:2017,BIS,HR2,72083990,N,7.453,89135780,MATCHED
2000,R_HR_CO,Hot Rolled Black Coil,26BJ0265R0,27.275,2001,2,1235,0011000144,JSW Vijayanagar Metallics Limited,26221682,5000093475,4600000252,20,14-02-26,101,HRC,COIL,11513:2017,BIS,cr3,72083990,N,7.453,18846231,MATCHED
2000,R_HR_CO,Hot Rolled Black Coil,26BJ0266R0,27.4,2001,2,1235,0011000144,JSW Vijayanagar Metallics Limited,26221671,5000093494,4600000252,20,14-02-26,101,HRC,COIL,11513:2017,BIS,cr3,72083990,N,7.453,36991134,MATCHED
2000,R_HR_CO,Hot Rolled Black Coil,26BJ0267R0,27.37,2001,2.2,1230,0011000144,JSW Vijayanagar Metallics Limited,26221747,5000093496,4600000252,50,14-02-26,101,HRC,COIL,11513:2017,BIS,cr3,72083990,N,7.453,20400877,MATCHED
2000,R_HR_CO,Hot Rolled Black Coil,26BJ0268R0,27.2,2001,2.2,1230,0011000144,JSW Vijayanagar Metallics Limited,26221755,5000093499,4600000252,50,14-02-26,101,HRC,COIL,11513:2017,BIS,cr3,72083990,N,7.453,32775814,MATCHED
2000,R_HR_CO,Hot Rolled Black Coil,26BJ0269R0,27.28,2001,2.2,1230,0011000144,JSW Vijayanagar Metallics Limited,26221690,5000093500,4600000252,50,14-02-26,101,HRC,COIL,11513:2017,BIS,cr3,72083990,N,7.453,12904573,MATCHED
2000,R_HR_CO,Hot Rolled Black Coil,26BJ0270R0,27.375,2001,2,1235,0011000144,JSW Vijayanagar Metallics Limited,26221656,5000093501,4600000252,20,14-02-26,101,HRC,COIL,11513:2017,BIS,cr3,72083990,N,7.453,89639694,MATCHED
2000,R_HR_CO,Hot Rolled Black Coil,26BJ0276R0,21.76,2001,2,1250,0011000144,JSW Vijayanagar Metallics Limited,26221469,5000093556,4600000252,40,14-02-26,101,HRC,COIL,11513:2017,BIS,HR2,72083990,N,7.453,53391750,MATCHED
2000,R_HR_CO,Hot Rolled Black Coil,26BJ0282R0,27.225,2001,2,1235,0011000144,JSW Vijayanagar Metallics Limited,26226850,5000093922,4600000252,20,14-02-26,101,HRC,COIL,11513:2017,BIS,cr3,72083990,N,7.453,40700173,MATCHED
2000,R_HR_CO,Hot Rolled Black Coil,26BJ0283R0,24.995,2001,2.5,1230,0011000144,JSW Vijayanagar Metallics Limited,26222778,5000093923,4600000252,70,14-02-26,101,HRC,COIL,11513:2017,BIS,cr3,72083990,N,7.453,73259617,MATCHED
2000,R_HR_CO,Hot Rolled Black Coil,26BJ0284R0,26.275,2001,2.5,1230,0011000144,JSW Vijayanagar Metallics Limited,26223353,5000093924,4600000252,70,14-02-26,101,HRC,COIL,11513:2017,BIS,cr3,72083990,N,7.453,59583953,MATCHED
2000,R_HR_CO,Hot Rolled Black Coil,26BJ0285R0,27.28,2001,2,1235,0011000144,JSW Vijayanagar Metallics Limited,26226769,5000093925,4600000252,20,14-02-26,101,HRC,COIL,11513:2017,BIS,cr3,72083990,N,7.453,17930845,MATCHED
2000,R_HR>3MM_CO,Hot Rolled Black Coil 3mm & Above,26BJ0286R0,27.28,2001,3.6,1260,0011000144,JSW Vijayanagar Metallics Limited,26226906,5000093926,4600000252,170,05-02-26,101,HRC,COIL,11513:2017,BIS,cr2,72083890,N,7.453,93868748,MATCHED
2000,R_HR_CO,Hot Rolled Black Coil,26BJ0287R0,27.24,2001,2,1235,0011000144,JSW Vijayanagar Metallics Limited,26226772,5000093927,4600000252,20,14-02-26,101,HRC,COIL,11513:2017,BIS,cr3,72083990,N,7.453,11705483,MATCHED
2000,R_HR>3MM_CO,Hot Rolled Black Coil 3mm & Above,26BJ0288R0,27.42,2001,3.6,1260,0011000144,JSW Vijayanagar Metallics Limited,26226907,5000093928,4600000252,170,05-02-26,101,HRC,COIL,11513:2017,BIS,cr2,72083890,N,7.453,41930290,MATCHED
2000,R_HR>3MM_CO,Hot Rolled Black Coil 3mm & Above,26BJ0289R0,27.325,2001,3.6,1265,0011000144,JSW Vijayanagar Metallics Limited,26226814,5000093936,4600000252,160,05-02-26,101,HRC,COIL,11513:2017,BIS,cr3,72083890,N,7.453,49475978,MATCHED
2000,R_HR>3MM_CO,Hot Rolled Black Coil 3mm & Above,26BJ0290R0,27.345,2001,3.6,1260,0011000144,JSW Vijayanagar Metallics Limited,26226905,5000093938,4600000252,170,05-02-26,101,HRC,COIL,11513:2017,BIS,cr2,72083890,N,7.453,24485313,MATCHED
2000,R_HR>3MM_CO,Hot Rolled Black Coil 3mm & Above,26BJ0291R0,26.07,2001,3,1230,0011000144,JSW Vijayanagar Metallics Limited,26226685,5000093939,4600000257,10,24-02-26,101,HRC,COIL,11513:2017,BIS,cr2,72083890,N,7.453,89853578,MATCHED
2000,R_HR_CO,Hot Rolled Black Coil,26BJ0292R0,27.185,2001,2.5,1230,0011000144,JSW Vijayanagar Metallics Limited,26226752,5000093943,4600000252,70,14-02-26,101,HRC,COIL,11513:2017,BIS,cr3,72083990,N,7.453,86762092,MATCHED
2000,R_HR_CO,Hot Rolled Black Coil,26BJ0293R0,25.35,2001,2.5,1230,0011000144,JSW Vijayanagar Metallics Limited,26226842,5000093945,4600000252,70,14-02-26,101,HRC,COIL,11513:2017,BIS,cr3,72083990,N,7.453,87511537,MATCHED
2000,R_HR_CO,Hot Rolled Black Coil,26BJ0294R0,24.34,2001,2,1235,0011000144,JSW Vijayanagar Metallics Limited,26226847,5000093946,4600000252,20,14-02-26,101,HRC,COIL,11513:2017,BIS,cr3,72083990,N,7.453,44410535,MATCHED
2000,R_HR>3MM_CO,Hot Rolled Black Coil 3mm & Above,26BJ0295R0,27.425,2001,3,1265,0011000144,JSW Vijayanagar Metallics Limited,26226840,5000093948,4600000252,140,05-02-26,101,HRC,COIL,11513:2017,BIS,cr3,72083890,N,7.453,44304005,MATCHED
2000,R_HR_CO,Hot Rolled Black Coil,26BJ0296R0,27.27,2001,2.5,1230,0011000144,JSW Vijayanagar Metallics Limited,26226754,5000093949,4600000252,70,14-02-26,101,HRC,COIL,11513:2017,BIS,cr3,72083990,N,7.453,79617833,MATCHED
2000,R_HR_CO,Hot Rolled Black Coil,26BJ0297R0,27.33,2001,2.5,1230,0011000144,JSW Vijayanagar Metallics Limited,26226753,5000093950,4600000252,70,14-02-26,101,HRC,COIL,11513:2017,BIS,cr3,72083990,N,7.453,61979300,MATCHED
2000,R_HR_CO,Hot Rolled Black Coil,26BJ0298R0,26.32,2001,2.5,1230,0011000144,JSW Vijayanagar Metallics Limited,26223352,5000093954,4600000252,70,14-02-26,101,HRC,COIL,11513:2017,BIS,cr3,72083990,N,7.453,70718200,MATCHED
2000,R_HR>3MM_CO,Hot Rolled Black Coil 3mm & Above,26BJ0299R0,26.43,2001,3.6,1260,0011000144,JSW Vijayanagar Metallics Limited,26223851,5000093955,4600000252,170,05-02-26,101,HRC,COIL,11513:2017,BIS,cr2,72083890,N,7.453,21761893,MATCHED
2000,R_HR_CO,Hot Rolled Black Coil,26BJ0300R0,27.225,2001,2.5,1230,0011000144,JSW Vijayanagar Metallics Limited,26226749,5000093956,4600000252,70,14-02-26,101,HRC,COIL,11513:2017,BIS,cr3,72083990,N,7.453,87118396,MATCHED
2000,R_HR>3MM_CO,Hot Rolled Black Coil 3mm & Above,26BJ0301R0,26.255,2001,3,1230,0011000144,JSW Vijayanagar Metallics Limited,26226686,5000093958,4600000257,10,24-02-26,101,HRC,COIL,11513:2017,BIS,cr2,72083890,N,7.453,95840434,MATCHED
2000,R_HR_CO,Hot Rolled Black Coil,26BJ0302R0,25.435,2001,2.8,1275,0011000144,JSW Vijayanagar Metallics Limited,26226919,5000093959,4600000252,110,05-02-26,101,HRC,COIL,11513:2017,BIS,cr2,72083990,N,7.453,31094532,MATCHED
2000,R_HR_CO,Hot Rolled Black Coil,26BJ0303R0,23.66,2001,2.2,1230,0011000144,JSW Vijayanagar Metallics Limited,26222870,5000093960,4600000252,50,14-02-26,101,HRC,COIL,11513:2017,BIS,cr3,72083990,N,7.453,71814064,MATCHED
2000,R_HR_CO,Hot Rolled Black Coil,26BJ0304R0,25.065,2001,2.5,1230,0011000144,JSW Vijayanagar Metallics Limited,26224760,5000093962,4600000252,70,14-02-26,101,HRC,COIL,11513:2017,BIS,cr3,72083990,N,7.453,57170376,MATCHED
2000,R_HR_CO,Hot Rolled Black Coil,26BJ0305R0,27.4,2001,2.2,1230,0011000144,JSW Vijayanagar Metallics Limited,26227126,5000093964,4600000257,30,24-02-26,101,HRC,COIL,11513:2017,BIS,cr3,72083990,N,7.453,32318575,MATCHED
2000,R_HR_CO,Hot Rolled Black Coil,26BJ0306R0,24.07,2001,2.5,1230,0011000144,JSW Vijayanagar Metallics Limited,26223350,5000093966,4600000252,70,14-02-26,101,HRC,COIL,11513:2017,BIS,cr3,72083990,N,7.453,14260245,MATCHED
2000,R_HR_CO,Hot Rolled Black Coil,26BJ0307R0,23.59,2001,2.5,1230,0011000144,JSW Vijayanagar Metallics Limited,26222778,5000093968,4600000252,70,14-02-26,101,HRC,COIL,11513:2017,BIS,cr3,72083990,N,7.453,38408459,MATCHED
2000,R_HR_CO,Hot Rolled Black Coil,26BJ0308R0,25.235,2001,2.5,1230,0011000144,JSW Vijayanagar Metallics Limited,26223884,5000093971,4600000252,70,14-02-26,101,HRC,COIL,11513:2017,BIS,cr3,72083990,N,7.453,58794065,MATCHED
2000,R_HR_CO,Hot Rolled Black Coil,26BJ0309R0,26.97,2001,2,1235,0011000144,JSW Vijayanagar Metallics Limited,26226773,5000093986,4600000252,20,14-02-26,101,HRC,COIL,11513:2017,BIS,cr3,72083990,N,7.453,43734396,MATCHED
2000,R_HR_CO,Hot Rolled Black Coil,26BJ0310R0,27.305,2001,2.5,1230,0011000144,JSW Vijayanagar Metallics Limited,26222688,5000093988,4600000252,70,14-02-26,101,HRC,COIL,11513:2017,BIS,cr3,72083990,N,7.453,63013182,MATCHED
2000,R_HR_CO,Hot Rolled Black Coil,26BJ0311R0,27.225,2001,2.5,1230,0011000144,JSW Vijayanagar Metallics Limited,26227056,5000093989,4600000257,20,24-02-26,101,HRC,COIL,11513:2017,BIS,cr3,72083990,N,7.453,49010503,MATCHED
2000,R_HR_CO,Hot Rolled Black Coil,26BJ0312R0,27.2,2001,2.5,1230,0011000144,JSW Vijayanagar Metallics Limited,26226751,5000093990,4600000252,70,14-02-26,101,HRC,COIL,11513:2017,BIS,cr3,72083990,N,7.453,12656162,MATCHED
2000,R_HR_CO,Hot Rolled Black Coil,26BJ0313R0,27.235,2001,2.5,1230,0011000144,JSW Vijayanagar Metallics Limited,26227052,5000093998,4600000257,20,24-02-26,101,HRC,COIL,11513:2017,BIS,cr3,72083990,N,7.453,43450846,MATCHED
2000,R_HR_CO,Hot Rolled Black Coil,26BJ0314R0,27.24,2001,2,1235,0011000144,JSW Vijayanagar Metallics Limited,26226764,5000093999,4600000252,20,14-02-26,101,HRC,COIL,11513:2017,BIS,cr3,72083990,N,7.453,55240331,MATCHED
2000,R_HR_CO,Hot Rolled Black Coil,26BJ0315R0,27.315,2001,2,1235,0011000144,JSW Vijayanagar Metallics Limited,26226775,5000094000,4600000252,20,14-02-26,101,HRC,COIL,11513:2017,BIS,cr3,72083990,N,7.453,69575144,MATCHED
2000,R_HR_CO,Hot Rolled Black Coil,26BJ0316R0,25.46,2001,2.5,1230,0011000144,JSW Vijayanagar Metallics Limited,26223354,5000094006,4600000252,70,14-02-26,101,HRC,COIL,11513:2017,BIS,cr3,72083990,N,7.453,21873090,MATCHED
2000,R_HR_CO,Hot Rolled Black Coil,26BJ0317R0,21.63,2001,2.5,1250,0011000144,JSW Vijayanagar Metallics Limited,26221466,5000094010,4600000252,90,14-02-26,101,HRC,COIL,11513:2017,BIS,HR2,72083990,N,7.453,64759118,MATCHED
2000,R_HR_CO,Hot Rolled Black Coil,26BJ0318R0,26.22,2001,2,1235,0011000144,JSW Vijayanagar Metallics Limited,26224156,5000094011,4600000252,20,14-02-26,101,HRC,COIL,11513:2017,BIS,cr3,72083990,N,7.453,59547283,MATCHED
2000,R_HR_CO,Hot Rolled Black Coil,26BJ0319R0,27.325,2001,2.5,1230,0011000144,JSW Vijayanagar Metallics Limited,26227047,5000094012,4600000257,20,24-02-26,101,HRC,COIL,11513:2017,BIS,cr3,72083990,N,7.453,36146174,MATCHED
2000,R_HR_CO,Hot Rolled Black Coil,26BJ0320R0,27.305,2001,2,1235,0011000144,JSW Vijayanagar Metallics Limited,26226778,5000094013,4600000252,20,14-02-26,101,HRC,COIL,11513:2017,BIS,cr3,72083990,N,7.453,88809105,MATCHED
2000,R_HR_CO,Hot Rolled Black Coil,26BJ0321R0,25.275,2001,2.5,1230,0011000144,JSW Vijayanagar Metallics Limited,26224759,5000094014,4600000252,70,14-02-26,101,HRC,COIL,11513:2017,BIS,cr3,72083990,N,7.453,50454419,MATCHED
2000,R_HR>3MM_CO,Hot Rolled Black Coil 3mm & Above,26BJ0322R0,27.37,2001,3,1260,0011000144,JSW Vijayanagar Metallics Limited,26226909,5000094015,4600000252,150,05-02-26,101,HRC,COIL,11513:2017,BIS,cr2,72083890,N,7.453,41859965,MATCHED
2000,R_HR_CO,Hot Rolled Black Coil,26BJ0323R0,21.32,2001,2,1080,0011000144,JSW Vijayanagar Metallics Limited,26221948,5000094016,4600000252,100,14-02-26,101,HRC,COIL,11513:2017,BIS,cr3,72083990,N,7.453,48596256,MATCHED
2000,R_HR_CO,Hot Rolled Black Coil,26BJ0324R0,27.335,2001,2,1235,0011000144,JSW Vijayanagar Metallics Limited,26226765,5000094017,4600000252,20,14-02-26,101,HRC,COIL,11513:2017,BIS,cr3,72083990,N,7.453,40362478,MATCHED
2000,R_HR_CO,Hot Rolled Black Coil,26BJ0325R0,27.295,2001,2,1235,0011000144,JSW Vijayanagar Metallics Limited,26226776,5000094018,4600000252,20,14-02-26,101,HRC,COIL,11513:2017,BIS,cr3,72083990,N,7.453,25638111,MATCHED
2000,R_HR>3MM_CO,Hot Rolled Black Coil 3mm & Above,26BJ0326R0,27.405,2001,3.6,1265,0011000144,JSW Vijayanagar Metallics Limited,26226816,5000094019,4600000252,160,05-02-26,101,HRC,COIL,11513:2017,BIS,cr3,72083890,N,7.453,76874912,MATCHED
2000,R_HR_CO,Hot Rolled Black Coil,26BJ0327R0,27.29,2001,2.5,1230,0011000144,JSW Vijayanagar Metallics Limited,26227057,5000094020,4600000257,20,24-02-26,101,HRC,COIL,11513:2017,BIS,cr3,72083990,N,7.453,76186096,MATCHED
2000,R_HR_CO,Hot Rolled Black Coil,26BJ0328R0,19.72,2001,2,1080,0011000144,JSW Vijayanagar Metallics Limited,26221949,5000094021,4600000252,100,14-02-26,101,HRC,COIL,11513:2017,BIS,cr3,72083990,N,7.453,83077686,MATCHED
2000,R_HR_CO,Hot Rolled Black Coil,26BJ0331R0,27.35,2001,2,1235,0011000144,JSW Vijayanagar Metallics Limited,26226756,5000094031,4600000252,20,14-02-26,101,HRC,COIL,11513:2017,BIS,cr3,72083990,N,7.453,64373106,MATCHED
2000,R_HR>3MM_CO,Hot Rolled Black Coil 3mm & Above,26BJ0332R0,27.405,2001,3,1260,0011000144,JSW Vijayanagar Metallics Limited,26226911,5000094032,4600000252,150,05-02-26,101,HRC,COIL,11513:2017,BIS,cr2,72083890,N,7.453,63019180,MATCHED
2000,R_HR>3MM_CO,Hot Rolled Black Coil 3mm & Above,26BJ0333R0,27.365,2001,3.6,1265,0011000144,JSW Vijayanagar Metallics Limited,26226818,5000094034,4600000252,160,05-02-26,101,HRC,COIL,11513:2017,BIS,cr3,72083890,N,7.453,21478809,MATCHED
2000,R_HR>3MM_CO,Hot Rolled Black Coil 3mm & Above,26BJ0334R0,27.39,2001,3.6,1265,0011000144,JSW Vijayanagar Metallics Limited,26226819,5000094036,4600000252,160,05-02-26,101,HRC,COIL,11513:2017,BIS,cr3,72083890,N,7.453,96988914,MATCHED
2000,R_HR_CO,Hot Rolled Black Coil,26BJ0335R0,27.29,2001,2.5,1230,0011000144,JSW Vijayanagar Metallics Limited,26226763,5000094037,4600000252,70,14-02-26,101,HRC,COIL,11513:2017,BIS,cr3,72083990,N,7.453,28606255,MATCHED
2000,R_HR_CO,Hot Rolled Black Coil,26BJ0336R0,27.255,2001,2,1235,0011000144,JSW Vijayanagar Metallics Limited,26226759,5000094038,4600000252,20,14-02-26,101,HRC,COIL,11513:2017,BIS,cr3,72083990,N,7.453,37118937,MATCHED
2000,R_HR_CO,Hot Rolled Black Coil,26BJ0337R0,27.38,2001,2,1235,0011000144,JSW Vijayanagar Metallics Limited,26226770,5000094039,4600000252,20,14-02-26,101,HRC,COIL,11513:2017,BIS,cr3,72083990,N,7.453,72309154,MATCHED
2000,R_HR>3MM_CO,Hot Rolled Black Coil 3mm & Above,26BJ0338R0,27.34,2001,3.6,1265,0011000144,JSW Vijayanagar Metallics Limited,26226813,5000094041,4600000252,160,05-02-26,101,HRC,COIL,11513:2017,BIS,cr3,72083890,N,7.453,22712746,MATCHED
2000,R_HR>3MM_CO,Hot Rolled Black Coil 3mm & Above,26BJ0339R0,27.265,2001,3.6,1265,0011000144,JSW Vijayanagar Metallics Limited,26226812,5000094042,4600000252,160,05-02-26,101,HRC,COIL,11513:2017,BIS,cr3,72083890,N,7.453,44053678,MATCHED
2000,R_HR_CO,Hot Rolled Black Coil,26BJ0340R0,27.13,2001,2,1235,0011000144,JSW Vijayanagar Metallics Limited,26226851,5000094043,4600000252,20,14-02-26,101,HRC,COIL,11513:2017,BIS,cr3,72083990,N,7.453,84402118,MATCHED
2000,R_HR_CO,Hot Rolled Black Coil,26BJ0341R0,27.325,2001,2,1235,0011000144,JSW Vijayanagar Metallics Limited,26226853,5000094044,4600000252,20,14-02-26,101,HRC,COIL,11513:2017,BIS,cr3,72083990,N,7.453,96645942,MATCHED
2000,R_HR>3MM_CO,Hot Rolled Black Coil 3mm & Above,26BJ0342R0,27.415,2001,3,1230,0011000144,JSW Vijayanagar Metallics Limited,26226916,5000094047,4600000257,10,24-02-26,101,HRC,COIL,11513:2017,BIS,cr2,72083890,N,7.453,58293118,MATCHED
2000,R_HR_CO,Hot Rolled Black Coil,26BJ0343R0,27.15,2001,2.5,1230,0011000144,JSW Vijayanagar Metallics Limited,26227049,5000094049,4600000257,20,24-02-26,101,HRC,COIL,11513:2017,BIS,cr3,72083990,N,7.453,81189654,MATCHED
2000,R_HR_CO,Hot Rolled Black Coil,26BJ0344R0,27.405,2001,2.8,1275,0011000144,JSW Vijayanagar Metallics Limited,26226918,5000094051,4600000252,110,05-02-26,101,HRC,COIL,11513:2017,BIS,cr2,72083990,N,7.453,15017775,MATCHED
2000,R_HR_CO,Hot Rolled Black Coil,26BJ0345R0,27.25,2001,2.5,1230,0011000144,JSW Vijayanagar Metallics Limited,26227051,5000094052,4600000257,20,24-02-26,101,HRC,COIL,11513:2017,BIS,cr3,72083990,N,7.453,30147283,MATCHED
2000,R_HR_CO,Hot Rolled Black Coil,26BJ0346R0,27.345,2001,2.2,1230,0011000144,JSW Vijayanagar Metallics Limited,26227127,5000094056,4600000257,30,24-02-26,101,HRC,COIL,11513:2017,BIS,cr3,72083990,N,7.453,57212730,MATCHED
2000,R_HR_CO,Hot Rolled Black Coil,26BJ0347R0,25.395,2001,2.5,1230,0011000144,JSW Vijayanagar Metallics Limited,26226852,5000094059,4600000252,70,14-02-26,101,HRC,COIL,11513:2017,BIS,cr3,72083990,N,7.453,94954155,MATCHED
2000,R_HR_CO,Hot Rolled Black Coil,26BJ0348R0,27.33,2001,2,1235,0011000144,JSW Vijayanagar Metallics Limited,26226768,5000094060,4600000252,20,14-02-26,101,HRC,COIL,11513:2017,BIS,cr3,72083990,N,7.453,69724631,MATCHED
2000,R_HR_CO,Hot Rolled Black Coil,26BJ0349R0,27.36,2001,2,1235,0011000144,JSW Vijayanagar Metallics Limited,26226766,5000094061,4600000252,20,14-02-26,101,HRC,COIL,11513:2017,BIS,cr3,72083990,N,7.453,94939678,MATCHED
2000,R_HR_CO,Hot Rolled Black Coil,26BJ0350R0,27.23,2001,2.5,1230,0011000144,JSW Vijayanagar Metallics Limited,26226748,5000094062,4600000252,70,14-02-26,101,HRC,COIL,11513:2017,BIS,cr3,72083990,N,7.453,22673588,MATCHED
2000,R_HR>3MM_CO,Hot Rolled Black Coil 3mm & Above,26BJ0351R0,27.405,2001,3.6,1265,0011000144,JSW Vijayanagar Metallics Limited,26226817,5000094067,4600000252,160,05-02-26,101,HRC,COIL,11513:2017,BIS,cr3,72083890,N,7.453,39314579,MATCHED
2000,R_HR_CO,Hot Rolled Black Coil,26BJ0352R0,27.33,2001,2.5,1230,0011000144,JSW Vijayanagar Metallics Limited,26222687,5000094068,4600000252,70,14-02-26,101,HRC,COIL,11513:2017,BIS,cr3,72083990,N,7.453,82227071,MATCHED
2000,R_HR_CO,Hot Rolled Black Coil,26BJ0353R0,27.375,2001,2,1235,0011000144,JSW Vijayanagar Metallics Limited,26226757,5000094069,4600000252,20,14-02-26,101,HRC,COIL,11513:2017,BIS,cr3,72083990,N,7.453,93084013,MATCHED
2000,R_HR_CO,Hot Rolled Black Coil,26BJ0354R0,27.2,2001,2,1235,0011000144,JSW Vijayanagar Metallics Limited,26221753,5000094070,4600000252,20,14-02-26,101,HRC,COIL,11513:2017,BIS,cr3,72083990,N,7.453,90222709,MATCHED
2000,R_HR>3MM_CO,Hot Rolled Black Coil 3mm & Above,26BJ0355R0,27.405,2001,3.6,1265,0011000144,JSW Vijayanagar Metallics Limited,26226811,5000094071,4600000252,160,05-02-26,101,HRC,COIL,11513:2017,BIS,cr3,72083890,N,7.453,74381660,MATCHED
2000,R_HR_CO,Hot Rolled Black Coil,26BJ0356R0,27.235,2001,2,1235,0011000144,JSW Vijayanagar Metallics Limited,26226760,5000094072,4600000252,20,14-02-26,101,HRC,COIL,11513:2017,BIS,cr3,72083990,N,7.453,87699341,MATCHED
2000,R_HR_CO,Hot Rolled Black Coil,26BJ0357R0,27.235,2001,2.5,1230,0011000144,JSW Vijayanagar Metallics Limited,26227055,5000094074,4600000257,20,24-02-26,101,HRC,COIL,11513:2017,BIS,cr3,72083990,N,7.453,43218409,MATCHED
2000,R_HR_CO,Hot Rolled Black Coil,26BJ0358R0,24.1,2001,2.2,1230,0011000144,JSW Vijayanagar Metallics Limited,26222873,5000094084,4600000252,50,14-02-26,101,HRC,COIL,11513:2017,BIS,cr3,72083990,N,7.453,83084584,MATCHED
2000,R_HR>3MM_CO,Hot Rolled Black Coil 3mm & Above,26BJ0359R0,25.315,2001,3.6,1260,0011000144,JSW Vijayanagar Metallics Limited,26222273,5000094085,4600000252,170,05-02-26,101,HRC,COIL,11513:2017,BIS,cr2,72083890,N,7.453,99246415,MATCHED
2000,R_HR>3MM_CO,Hot Rolled Black Coil 3mm & Above,26BJ0360R0,27.395,2001,3,1265,0011000144,JSW Vijayanagar Metallics Limited,26226839,5000094093,4600000258,50,27-02-26,101,HRC,COIL,11513:2017,BIS,cr3,72083890,N,7.453,39250027,MATCHED
2000,R_HR>3MM_CO,Hot Rolled Black Coil 3mm & Above,26BJ0361R0,23.85,2001,3.6,1265,0011000144,JSW Vijayanagar Metallics Limited,26222286,5000094094,4600000252,160,05-02-26,101,HRC,COIL,11513:2017,BIS,cr3,72083890,N,7.453,73573994,MATCHED
2000,R_HR_CO,Hot Rolled Black Coil,26BJ0362R0,25.42,2001,2.5,1230,0011000144,JSW Vijayanagar Metallics Limited,26223012,5000094096,4600000252,70,14-02-26,101,HRC,COIL,11513:2017,BIS,cr3,72083990,N,7.453,63645019,MATCHED
2000,R_HR_CO,Hot Rolled Black Coil,26BJ0363R0,27.37,2001,2.5,1230,0011000144,JSW Vijayanagar Metallics Limited,26227053,5000094097,4600000257,20,24-02-26,101,HRC,COIL,11513:2017,BIS,cr3,72083990,N,7.453,27307600,MATCHED
2000,R_HR_CO,Hot Rolled Black Coil,26BJ0364R0,27.315,2001,2.2,1230,0011000144,JSW Vijayanagar Metallics Limited,26227128,5000094099,4600000257,30,24-02-26,101,HRC,COIL,11513:2017,BIS,cr3,72083990,N,7.453,16602317,MATCHED
2000,R_HR_CO,Hot Rolled Black Coil,26BJ0365R0,27.18,2001,2.5,1230,0011000144,JSW Vijayanagar Metallics Limited,26227048,5000094100,4600000257,20,24-02-26,101,HRC,COIL,11513:2017,BIS,cr3,72083990,N,7.453,64485588,MATCHED
2000,R_HR>3MM_CO,Hot Rolled Black Coil 3mm & Above,26BJ0366R0,27.475,2001,3,1265,0011000144,JSW Vijayanagar Metallics Limited,26226841,5000094102,4600000258,50,27-02-26,101,HRC,COIL,11513:2017,BIS,cr3,72083890,N,7.453,57003883,MATCHED
2000,R_HR>3MM_CO,Hot Rolled Black Coil 3mm & Above,26BJ0367R0,27.425,2001,3.6,1265,0011000144,JSW Vijayanagar Metallics Limited,26226810,5000094108,4600000252,160,05-02-26,101,HRC,COIL,11513:2017,BIS,cr3,72083890,N,7.453,26133334,MATCHED
2000,R_HR_CO,Hot Rolled Black Coil,26BJ0368R0,24.355,2001,2.8,1275,0011000144,JSW Vijayanagar Metallics Limited,26226910,5000094109,4600000252,110,05-02-26,101,HRC,COIL,11513:2017,BIS,cr2,72083990,N,7.453,23951559,MATCHED
2000,R_HR>3MM_CO,Hot Rolled Black Coil 3mm & Above,26BJ0369R0,25.355,2001,3.6,1260,0011000144,JSW Vijayanagar Metallics Limited,26222272,5000094110,4600000252,170,05-02-26,101,HRC,COIL,11513:2017,BIS,cr2,72083890,N,7.453,24563773,MATCHED
2000,R_HR_CO,Hot Rolled Black Coil,26BJ0370R0,27.305,2001,2,1235,0011000144,JSW Vijayanagar Metallics Limited,26226762,5000094111,4600000252,20,14-02-26,101,HRC,COIL,11513:2017,BIS,cr3,72083990,N,7.453,76773564,MATCHED
2000,R_HR_CO,Hot Rolled Black Coil,26BJ0371R0,27.415,2001,2,1235,0011000144,JSW Vijayanagar Metallics Limited,26226849,5000094113,4600000252,20,14-02-26,101,HRC,COIL,11513:2017,BIS,cr3,72083990,N,7.453,52420849,MATCHED
2000,R_HR_CO,Hot Rolled Black Coil,26BJ0372R0,27.345,2001,2,1235,0011000144,JSW Vijayanagar Metallics Limited,26226761,5000094114,4600000252,20,14-02-26,101,HRC,COIL,11513:2017,BIS,cr3,72083990,N,7.453,61741945,MATCHED
2000,R_HR_CO,Hot Rolled Black Coil,26BJ0373R0,27.26,2001,2.5,1230,0011000144,JSW Vijayanagar Metallics Limited,26226747,5000094115,4600000252,70,14-02-26,101,HRC,COIL,11513:2017,BIS,cr3,72083990,N,7.453,12944391,MATCHED
2000,R_HR_CO,Hot Rolled Black Coil,26BJ0374R0,22.11,2001,2.2,1235,0011000139,JSW Steel Limited,26003280,5000094122,4600000253,10,16-02-26,101,HRC,COIL,11513:2017,BIS,cr3,72083990,N,7.453,88809145,MATCHED
2000,R_HR_CO,Hot Rolled Black Coil,26BJ0375R0,27.3,2001,2,1235,0011000144,JSW Vijayanagar Metallics Limited,26226758,5000094124,4600000252,20,14-02-26,101,HRC,COIL,11513:2017,BIS,cr3,72083990,N,7.453,76578498,MATCHED
2000,R_HR_CO,Hot Rolled Black Coil,26BJ0376R0,26.985,2001,2,1235,0011000144,JSW Vijayanagar Metallics Limited,26226777,5000094125,4600000252,20,14-02-26,101,HRC,COIL,11513:2017,BIS,cr3,72083990,N,7.453,11579621,MATCHED
2000,R_HR_CO,Hot Rolled Black Coil,26BJ0377R0,27.365,2001,2.5,1230,0011000144,JSW Vijayanagar Metallics Limited,26227054,5000094126,4600000257,20,24-02-26,101,HRC,COIL,11513:2017,BIS,cr3,72083990,N,7.453,99767842,MATCHED
2000,R_HR_CO,Hot Rolled Black Coil,26BJ0378R0,27.25,2001,2.5,1230,0011000144,JSW Vijayanagar Metallics Limited,26227050,5000094127,4600000257,20,24-02-26,101,HRC,COIL,11513:2017,BIS,cr3,72083990,N,7.453,47747687,MATCHED
2000,R_HR_CO,Hot Rolled Black Coil,26BJ0379R0,27.44,2001,2.8,1275,0011000144,JSW Vijayanagar Metallics Limited,26226920,5000094129,4600000252,110,05-02-26,101,HRC,COIL,11513:2017,BIS,cr2,72083990,N,7.453,54377550,MATCHED
2000,R_HR_CO,Hot Rolled Black Coil,26BJ0380R0,27.255,2001,2,1235,0011000144,JSW Vijayanagar Metallics Limited,26226774,5000094140,4600000252,20,14-02-26,101,HRC,COIL,11513:2017,BIS,cr3,72083990,N,7.453,95741472,MATCHED
2000,R_HR_CO,Hot Rolled Black Coil,26BJ0381R0,27.315,2001,2.2,1230,0011000144,JSW Vijayanagar Metallics Limited,26227131,5000094144,4600000257,30,24-02-26,101,HRC,COIL,11513:2017,BIS,cr3,72083990,N,7.453,13064527,MATCHED
2000,R_HR>3MM_CO,Hot Rolled Black Coil 3mm & Above,26BJ0382R0,27.34,2001,3,1260,0011000144,JSW Vijayanagar Metallics Limited,26226913,5000094145,4600000252,150,05-02-26,101,HRC,COIL,11513:2017,BIS,cr2,72083890,N,7.453,24489169,MATCHED
2000,R_HR_CO,Hot Rolled Black Coil,26BJ0383R0,26.4,2001,2.5,1230,0011000144,JSW Vijayanagar Metallics Limited,26224157,5000094158,4600000252,70,14-02-26,101,HRC,COIL,11513:2017,BIS,cr3,72083990,N,7.453,47181990,MATCHED
2000,R_HR_CO,Hot Rolled Black Coil,26BJ0384R0,27.255,2001,2.5,1230,0011000144,JSW Vijayanagar Metallics Limited,26226750,5000094161,4600000252,70,14-02-26,101,HRC,COIL,11513:2017,BIS,cr3,72083990,N,7.453,27990678,MATCHED
2000,R_HR_CO,Hot Rolled Black Coil,26BJ0385R0,21.69,2001,1.6,1250,0011000144,JSW Vijayanagar Metallics Limited,26221600,5000094162,4600000252,10,14-02-26,101,HRC,COIL,11513:2017,BIS,HR2,72083990,N,7.453,61546142,MATCHED
2000,R_HR>3MM_CO,Hot Rolled Black Coil 3mm & Above,26BJ0386R0,26.64,2001,3,1230,0011000144,JSW Vijayanagar Metallics Limited,26226688,5000094175,4600000257,10,24-02-26,101,HRC,COIL,11513:2017,BIS,cr2,72083890,N,7.453,78495120,MATCHED
2000,R_HR_CO,Hot Rolled Black Coil,26BJ0387R0,24.305,2001,2,1235,0011000144,JSW Vijayanagar Metallics Limited,26226845,5000094179,4600000252,20,14-02-26,101,HRC,COIL,11513:2017,BIS,cr3,72083990,N,7.453,28411856,MATCHED
2000,R_HR_CO,Hot Rolled Black Coil,26BJ0388R0,27.385,2001,2.5,1230,0011000144,JSW Vijayanagar Metallics Limited,26226771,5000094190,4600000252,70,14-02-26,101,HRC,COIL,11513:2017,BIS,cr3,72083990,N,7.453,54370318,MATCHED
2000,R_HR>3MM_CO,Hot Rolled Black Coil 3mm & Above,26BJ0389R0,27.39,2001,3,1230,0011000144,JSW Vijayanagar Metallics Limited,26226915,5000094194,4600000257,10,24-02-26,101,HRC,COIL,11513:2017,BIS,cr2,72083890,N,7.453,67060574,MATCHED
2000,R_HR_CO,Hot Rolled Black Coil,26BJ0390R0,27.19,2001,2.2,1230,0011000144,JSW Vijayanagar Metallics Limited,26222871,5000094196,4600000252,50,14-02-26,101,HRC,COIL,11513:2017,BIS,cr3,72083990,N,7.453,33533216,MATCHED
2000,R_HR>3MM_CO,Hot Rolled Black Coil 3mm & Above,26BJ0391R0,27.405,2001,3.6,1265,0011000144,JSW Vijayanagar Metallics Limited,26226815,5000094199,4600000252,160,05-02-26,101,HRC,COIL,11513:2017,BIS,cr3,72083890,N,7.453,54305109,MATCHED
2000,R_HR_CO,Hot Rolled Black Coil,26BJ0392R0,27.415,2001,2.8,1275,0011000144,JSW Vijayanagar Metallics Limited,26226917,5000094222,4600000252,110,05-02-26,101,HRC,COIL,11513:2017,BIS,cr2,72083990,N,7.453,65861947,MATCHED
2000,R_HR_CO,Hot Rolled Black Coil,26BJ0393R0,27.325,2001,2,1235,0011000144,JSW Vijayanagar Metallics Limited,26226846,5000094223,4600000252,20,14-02-26,101,HRC,COIL,11513:2017,BIS,cr3,72083990,N,7.453,71063090,MATCHED
2000,R_HR_CO,Hot Rolled Black Coil,26BJ0394R0,23.89,2001,2.5,1230,0011000144,JSW Vijayanagar Metallics Limited,26223011,5000094224,4600000252,70,14-02-26,101,HRC,COIL,11513:2017,BIS,cr3,72083990,N,7.453,55072211,MATCHED
2000,R_HR_CO,Hot Rolled Black Coil,26BJ0395R0,27.365,2001,2,1235,0011000144,JSW Vijayanagar Metallics Limited,26226767,5000094225,4600000252,20,14-02-26,101,HRC,COIL,11513:2017,BIS,cr3,72083990,N,7.453,61926132,MATCHED
2000,R_HR_CO,Hot Rolled Black Coil,26BJ0396R0,19.7,2001,2,1080,0011000144,JSW Vijayanagar Metallics Limited,26221950,5000094226,4600000252,100,14-02-26,101,HRC,COIL,11513:2017,BIS,cr3,72083990,N,7.453,55788878,MATCHED
2000,R_HR_CO,Hot Rolled Black Coil,26BJ0397R0,22.455,2001,2.8,1275,0011000144,JSW Vijayanagar Metallics Limited,26226912,5000094227,4600000252,110,05-02-26,101,HRC,COIL,11513:2017,BIS,cr2,72083990,N,7.453,70337461,MATCHED
2000,R_HR_CO,Hot Rolled Black Coil,26BJ0398R0,22.135,2001,2.8,1275,0011000144,JSW Vijayanagar Metallics Limited,26222275,5000094228,4600000252,110,05-02-26,101,HRC,COIL,11513:2017,BIS,cr2,72083990,N,7.453,84141216,MATCHED
2000,R_HR_CO,Hot Rolled Black Coil,26BJ0399R0,27.215,2001,2.5,1230,0011000144,JSW Vijayanagar Metallics Limited,26222777,5000094229,4600000252,70,14-02-26,101,HRC,COIL,11513:2017,BIS,cr3,72083990,N,7.453,95945526,MATCHED
2000,R_HR>3MM_CO,Hot Rolled Black Coil 3mm & Above,26BJ0400R0,27.455,2001,3,1230,0011000144,JSW Vijayanagar Metallics Limited,26226914,5000094230,4600000257,10,24-02-26,101,HRC,COIL,11513:2017,BIS,cr2,72083890,N,7.453,79048670,MATCHED
2000,R_HR_CO,Hot Rolled Black Coil,26BJ0401R0,23.41,2001,2.2,1230,0011000144,JSW Vijayanagar Metallics Limited,26222872,5000094232,4600000252,50,14-02-26,101,HRC,COIL,11513:2017,BIS,cr3,72083990,N,7.453,48913831,MATCHED
2000,R_HR_CO,Hot Rolled Black Coil,26BT0052R0,28.48,2001,2.5,1230,0011000082,TATA STEEL LTD,267903068,5000092431,4600000239,30,05-01-26,101,HRC,COIL,11513:2017,BIS,cr3,72083990,N,7.453,30242210,MATCHED
2000,R_HR_CO,Hot Rolled Black Coil,26BT0053R0,28.4,2001,2.5,1230,0011000082,TATA STEEL LTD,267903073,5000092432,4600000239,30,05-01-26,101,HRC,COIL,11513:2017,BIS,cr3,72083990,N,7.453,28196235,MATCHED
2000,R_HR_CO,Hot Rolled Black Coil,26BT0054R0,28.3,2001,2.5,1230,0011000082,TATA STEEL LTD,267903081,5000092433,4600000239,30,05-01-26,101,HRC,COIL,11513:2017,BIS,cr3,72083990,N,7.453,79772323,MATCHED
2000,R_HR_CO,Hot Rolled Black Coil,26BT0055R0,28.47,2001,2.5,1230,0011000082,TATA STEEL LTD,267903070,5000092434,4600000239,30,05-01-26,101,HRC,COIL,11513:2017,BIS,cr3,72083990,N,7.453,12857864,MATCHED
2000,R_HR_CO,Hot Rolled Black Coil,26BT0056R0,28.43,2001,2,1235,0011000082,TATA STEEL LTD,267902063,5000092435,4600000231,60,05-01-26,101,HRC,COIL,11513:2017,BIS,cr3,72083990,N,7.453,23209735,MATCHED
2000,R_HR_CO,Hot Rolled Black Coil,26BT0057R0,28.51,2001,2.5,1230,0011000082,TATA STEEL LTD,267902052,5000092436,4600000239,30,05-01-26,101,HRC,COIL,11513:2017,BIS,cr3,72083990,N,7.453,48756042,MATCHED
2000,R_HR_CO,Hot Rolled Black Coil,26BT0058R0,28.51,2001,2.2,1230,0011000082,TATA STEEL LTD,26790206,5000092437,4600000239,20,05-01-26,101,HRC,COIL,11513:2017,BIS,cr3,72083990,N,7.453,50447617,MATCHED
2000,R_HR_CO,Hot Rolled Black Coil,26BT0059R0,28.5,2001,2.5,1230,0011000082,TATA STEEL LTD,267903075,5000092438,4600000239,30,05-01-26,101,HRC,COIL,11513:2017,BIS,cr3,72083990,N,7.453,24429504,MATCHED
2000,R_HR_CO,Hot Rolled Black Coil,26BT0060R0,28.4,2001,2.5,1230,0011000082,TATA STEEL LTD,267903062,5000092439,4600000239,30,05-01-26,101,HRC,COIL,11513:2017,BIS,cr3,72083990,N,7.453,62066483,MATCHED
2000,R_HR_CO,Hot Rolled Black Coil,26BT0061R0,28.51,2001,2.5,1230,0011000082,TATA STEEL LTD,267903071,5000092440,4600000239,30,05-01-26,101,HRC,COIL,11513:2017,BIS,cr3,72083990,N,7.453,54553186,MATCHED
2000,R_HR_CO,Hot Rolled Black Coil,26BT0062R0,28.33,2001,2.5,1230,0011000082,TATA STEEL LTD,267903082,5000092441,4600000239,30,05-01-26,101,HRC,COIL,11513:2017,BIS,cr3,72083990,N,7.453,42712972,MATCHED
2000,R_HR_CO,Hot Rolled Black Coil,26BT0063R0,28.41,2001,2,1235,0011000082,TATA STEEL LTD,267902064,5000092442,4600000231,60,05-01-26,101,HRC,COIL,11513:2017,BIS,cr3,72083990,N,7.453,20325894,MATCHED
2000,R_HR_CO,Hot Rolled Black Coil,26BT0064R0,28.37,2001,2.5,1260,0011000082,TATA STEEL LTD,267902050,5000092443,4600000240,20,23-01-26,101,HRC,COIL,11513:2017,BIS,cr3,72083990,N,7.453,98569679,MATCHED
2000,R_HR_CO,Hot Rolled Black Coil,26BT0065R0,28.48,2001,2.5,1230,0011000082,TATA STEEL LTD,267902055,5000092444,4600000239,30,05-01-26,101,HRC,COIL,11513:2017,BIS,cr3,72083990,N,7.453,62110266,MATCHED
2000,R_HR_CO,Hot Rolled Black Coil,26BT0066R0,28.55,2001,2.5,1230,0011000082,TATA STEEL LTD,267902054,5000092445,4600000239,30,05-01-26,101,HRC,COIL,11513:2017,BIS,cr3,72083990,N,7.453,23556302,MATCHED
2000,R_HR_CO,Hot Rolled Black Coil,26BT0067R0,28.51,2001,2.5,1230,0011000082,TATA STEEL LTD,267902053,5000092446,4600000239,30,05-01-26,101,HRC,COIL,11513:2017,BIS,cr3,72083990,N,7.453,72730825,MATCHED
2000,R_HR_CO,Hot Rolled Black Coil,26BT0068R0,28.43,2001,2.5,1230,0011000082,TATA STEEL LTD,267903067,5000092447,4600000239,30,05-01-26,101,HRC,COIL,11513:2017,BIS,cr3,72083990,N,7.453,82019709,MATCHED
2000,R_HR_CO,Hot Rolled Black Coil,26BT0069R0,28.43,2001,2.5,1230,0011000082,TATA STEEL LTD,267906089,5000092448,4600000239,30,05-01-26,101,HRC,COIL,11513:2017,BIS,cr3,72083990,N,7.453,92479662,MATCHED
2000,R_HR_CO,Hot Rolled Black Coil,26BT0070R0,28.41,2001,2.5,1230,0011000082,TATA STEEL LTD,267906090,5000092455,4600000239,30,05-01-26,101,HRC,COIL,11513:2017,BIS,cr3,72083990,N,7.453,23462040,MATCHED
2000,R_HR_CO,Hot Rolled Black Coil,26BT0071R0,28.52,2001,2.5,1230,0011000082,TATA STEEL LTD,267903060,5000092456,4600000239,30,05-01-26,101,HRC,COIL,11513:2017,BIS,cr3,72083990,N,7.453,60063200,MATCHED
2000,R_HR_CO,Hot Rolled Black Coil,26BT0072R0,28.47,2001,2.5,1230,0011000082,TATA STEEL LTD,267906088,5000092459,4600000239,30,05-01-26,101,HRC,COIL,11513:2017,BIS,cr3,72083990,N,7.453,48678095,MATCHED
2000,R_HR_CO,Hot Rolled Black Coil,26BT0073R0,28.24,2001,2.5,1230,0011000082,TATA STEEL LTD,267898126,5000092460,4600000239,30,05-01-26,101,HRC,COIL,11513:2017,BIS,cr3,72083990,N,7.453,32529612,MATCHED
2000,R_HR_CO,Hot Rolled Black Coil,26BT0074R0,28.31,2001,2.5,1230,0011000082,TATA STEEL LTD,267906087,5000092461,4600000239,30,05-01-26,101,HRC,COIL,11513:2017,BIS,cr3,72083990,N,7.453,97470402,MATCHED
2000,R_HR_CO,Hot Rolled Black Coil,26BT0075R0,28.5,2001,2.5,1230,0011000082,TATA STEEL LTD,267903080,5000092462,4600000239,30,05-01-26,101,HRC,COIL,11513:2017,BIS,cr3,72083990,N,7.453,24170634,MATCHED
2000,R_HR_CO,Hot Rolled Black Coil,26BT0076R0,28.43,2001,2.5,1230,0011000082,TATA STEEL LTD,267906097,5000092463,4600000239,30,05-01-26,101,HRC,COIL,11513:2017,BIS,cr3,72083990,N,7.453,90722225,MATCHED
2000,R_HR_CO,Hot Rolled Black Coil,26BT0077R0,28.45,2001,2.5,1230,0011000082,TATA STEEL LTD,267906095,5000092464,4600000239,30,05-01-26,101,HRC,COIL,11513:2017,BIS,cr3,72083990,N,7.453,50934454,MATCHED
2000,R_HR_CO,Hot Rolled Black Coil,26BT0078R0,28.43,2001,2.5,1230,0011000082,TATA STEEL LTD,267906092,5000092465,4600000239,30,05-01-26,101,HRC,COIL,11513:2017,BIS,cr3,72083990,N,7.453,92366778,MATCHED
2000,R_HR_CO,Hot Rolled Black Coil,26BT0079R0,28.4,2001,2.5,1230,0011000082,TATA STEEL LTD,267903089,5000092466,4600000239,30,05-01-26,101,HRC,COIL,11513:2017,BIS,cr3,72083990,N,7.453,17340839,MATCHED
2000,R_HR_CO,Hot Rolled Black Coil,26BT0080R0,28.58,2001,2,1235,0011000082,TATA STEEL LTD,267902067,5000092468,4600000231,60,05-01-26,101,HRC,COIL,11513:2017,BIS,cr3,72083990,N,7.453,59828372,MATCHED
2000,R_HR_CO,Hot Rolled Black Coil,26BT0081R0,28.38,2001,2,1235,0011000082,TATA STEEL LTD,267903104,5000092469,4600000231,60,05-01-26,101,HRC,COIL,11513:2017,BIS,cr3,72083990,N,7.453,34439770,MATCHED
2000,R_HR_CO,Hot Rolled Black Coil,26BT0083R0,28.51,2001,2,1235,0011000082,TATA STEEL LTD,267903102,5000092505,4600000231,60,05-01-26,101,HRC,COIL,11513:2017,BIS,cr3,72083990,N,7.453,98060402,MATCHED
2000,R_HR_CO,Hot Rolled Black Coil,26BT0084R0,28.41,2001,2.5,1230,0011000082,TATA STEEL LTD,267903088,5000092507,4600000239,30,05-01-26,101,HRC,COIL,11513:2017,BIS,cr3,72083990,N,7.453,99403930,MATCHED
2000,R_HR_CO,Hot Rolled Black Coil,26BT0085R0,28.55,2001,2.5,1230,0011000082,TATA STEEL LTD,267903086,5000092508,4600000239,30,05-01-26,101,HRC,COIL,11513:2017,BIS,cr3,72083990,N,7.453,38228116,MATCHED
2000,R_HR_CO,Hot Rolled Black Coil,26BT0086R0,28.42,2001,2.5,1230,0011000082,TATA STEEL LTD,267906094,5000092509,4600000239,30,05-01-26,101,HRC,COIL,11513:2017,BIS,cr3,72083990,N,7.453,54520866,MATCHED
2000,R_HR_CO,Hot Rolled Black Coil,26BT0087R0,28.49,2001,2,1235,0011000082,TATA STEEL LTD,267906100,5000092510,4600000231,60,05-01-26,101,HRC,COIL,11513:2017,BIS,cr3,72083990,N,7.453,27341331,MATCHED
2000,R_HR_CO,Hot Rolled Black Coil,26BT0088R0,28.16,2001,2.5,1230,0011000082,TATA STEEL LTD,267906093,5000092512,4600000239,30,05-01-26,101,HRC,COIL,11513:2017,BIS,cr3,72083990,N,7.453,91846076,MATCHED
2000,R_HR_CO,Hot Rolled Black Coil,26BT0089R0,28.52,2001,2,1235,0011000082,TATA STEEL LTD,267903106,5000092514,4600000231,60,05-01-26,101,HRC,COIL,11513:2017,BIS,cr3,72083990,N,7.453,85833041,MATCHED
2000,R_HR_CO,Hot Rolled Black Coil,26BT0090R0,28.43,2001,2,1235,0011000082,TATA STEEL LTD,267835092,5000092516,4600000231,60,05-01-26,101,HRC,COIL,11513:2017,BIS,cr3,72083990,N,7.453,60441813,MATCHED
2000,R_HR_CO,Hot Rolled Black Coil,26BT0091R0,28.45,2001,2,1235,0011000082,TATA STEEL LTD,267902069,5000092517,4600000231,60,05-01-26,101,HRC,COIL,11513:2017,BIS,cr3,72083990,N,7.453,16736466,MATCHED
2000,R_HR_CO,Hot Rolled Black Coil,26BT0092R0,28.35,2001,2.8,1260,0011000082,TATA STEEL LTD,267902049,5000092523,4600000240,10,23-01-26,101,HRC,COIL,11513:2017,BIS,cr3,72083990,N,7.453,56549621,MATCHED
2000,R_HR_CO,Hot Rolled Black Coil,26BT0093R0,23.57,2001,2,1235,0011000082,TATA STEEL LTD,267832089,5000092524,4600000231,60,05-01-26,101,HRC,COIL,11513:2017,BIS,cr3,72083990,N,7.453,59052935,MATCHED
2000,R_HR_CO,Hot Rolled Black Coil,26BT0094R0,16.95,2001,2.5,1230,0011000082,TATA STEEL LTD,257749094,5000092525,4600000231,30,05-01-26,101,HRC,COIL,11513:2017,BIS,cr3,72083990,N,7.453,97472315,MATCHED
2000,R_HR_CO,Hot Rolled Black Coil,26BT0095R0,28.42,2001,2,1235,0011000082,TATA STEEL LTD,267902068,5000092526,4600000231,60,05-01-26,101,HRC,COIL,11513:2017,BIS,cr3,72083990,N,7.453,96481323,MATCHED
2000,R_HR_CO,Hot Rolled Black Coil,26BT0096R0,28.53,2001,2.5,1230,0011000082,TATA STEEL LTD,267907093,5000092531,4600000246,30,05-01-26,101,HRC,COIL,11513:2017,BIS,cr3,72083990,N,7.453,78058367,MATCHED
2000,R_HR_CO,Hot Rolled Black Coil,26BT0097R0,28.56,2001,2.5,1230,0011000082,TATA STEEL LTD,267907089,5000092535,4600000246,30,05-01-26,101,HRC,COIL,11513:2017,BIS,cr3,72083990,N,7.453,72180316,MATCHED
2000,R_HR_CO,Hot Rolled Black Coil,26BT0098R0,28.44,2001,2.5,1230,0011000082,TATA STEEL LTD,267906091,5000092537,4600000246,30,05-01-26,101,HRC,COIL,11513:2017,BIS,cr3,72083990,N,7.453,72850162,MATCHED
2000,R_HR_CO,Hot Rolled Black Coil,26BT0099R0,28.68,2001,2.5,1230,0011000082,TATA STEEL LTD,267907092,5000092539,4600000246,30,05-01-26,101,HRC,COIL,11513:2017,BIS,cr3,72083990,N,7.453,28771153,MATCHED
2000,R_HR_CO,Hot Rolled Black Coil,26BT0100R0,28.35,2001,2.5,1230,0011000082,TATA STEEL LTD,267903085,5000092542,4600000246,30,05-01-26,101,HRC,COIL,11513:2017,BIS,cr3,72083990,N,7.453,35470048,MATCHED
2000,R_HR_CO,Hot Rolled Black Coil,26BT0101R0,28.57,2001,2.5,1230,0011000082,TATA STEEL LTD,267902060,5000092543,4600000246,30,05-01-26,101,HRC,COIL,11513:2017,BIS,cr3,72083990,N,7.453,61639356,MATCHED
2000,R_HR_CO,Hot Rolled Black Coil,26BT0102R0,28.57,2001,2.5,1230,0011000082,TATA STEEL LTD,267907094,5000092544,4600000246,30,05-01-26,101,HRC,COIL,11513:2017,BIS,cr3,72083990,N,7.453,78069904,MATCHED
2000,R_HR_CO,Hot Rolled Black Coil,26BT0103R0,28.55,2001,2.5,1230,0011000082,TATA STEEL LTD,267903084,5000092545,4600000246,30,05-01-26,101,HRC,COIL,11513:2017,BIS,cr3,72083990,N,7.453,90963669,MATCHED
2000,R_HR_CO,Hot Rolled Black Coil,26BT0104R0,28.41,2001,2.5,1230,0011000082,TATA STEEL LTD,267906096,5000092546,4600000246,30,05-01-26,101,HRC,COIL,11513:2017,BIS,cr3,72083990,N,7.453,85400670,MATCHED
2000,R_HR_CO,Hot Rolled Black Coil,26BT0105R0,28.5,2001,2.5,1230,0011000082,TATA STEEL LTD,267903083,5000092547,4600000246,30,05-01-26,101,HRC,COIL,11513:2017,BIS,cr3,72083990,N,7.453,17013564,MATCHED
2000,R_HR_CO,Hot Rolled Black Coil,26BT0106R0,28.55,2001,2.5,1230,0011000082,TATA STEEL LTD,267902058,5000092548,4600000246,30,05-01-26,101,HRC,COIL,11513:2017,BIS,cr3,72083990,N,7.453,24549628,MATCHED
2000,R_HR_CO,Hot Rolled Black Coil,26BT0107R0,28.53,2001,2.5,1230,0011000082,TATA STEEL LTD,267907091,5000092549,4600000246,30,05-01-26,101,HRC,COIL,11513:2017,BIS,cr3,72083990,N,7.453,52833658,MATCHED
2000,R_HR_CO,Hot Rolled Black Coil,26BT0108R0,28.57,2001,2.5,1230,0011000082,TATA STEEL LTD,267907090,5000092550,4600000246,30,05-01-26,101,HRC,COIL,11513:2017,BIS,cr3,72083990,N,7.453,72760791,MATCHED
2000,R_HR_CO,Hot Rolled Black Coil,26BT0109R0,28.44,2001,2.2,1230,0011000082,TATA STEEL LTD,267902062,5000092561,4600000247,60,05-02-26,101,HRC,COIL,11513:2017,BIS,cr3,72083990,N,7.453,32554957,MATCHED
2000,R_HR_CO,Hot Rolled Black Coil,26BT0110R0,28.49,2001,2.8,1245,0011000082,TATA STEEL LTD,267898119,5000092565,4600000247,40,05-02-26,101,HRC,COIL,11513:2017,BIS,cr3,72083990,N,7.453,32057721,MATCHED
2000,R_HR_CO,Hot Rolled Black Coil,26BT0111R0,28.47,2001,2.8,1245,0011000082,TATA STEEL LTD,267900054,5000092566,4600000247,40,05-02-26,101,HRC,COIL,11513:2017,BIS,cr3,72083990,N,7.453,65113158,MATCHED
2000,R_HR_CO,Hot Rolled Black Coil,26BT0112R0,28.47,2001,2.8,1245,0011000082,TATA STEEL LTD,267899073,5000092568,4600000247,40,05-02-26,101,HRC,COIL,11513:2017,BIS,cr3,72083990,N,7.453,21335810,MATCHED
2000,R_HR_CO,Hot Rolled Black Coil,26BT0113R0,28.34,2001,2.2,1230,0011000082,TATA STEEL LTD,267896104,5000092569,4600000247,60,05-02-26,101,HRC,COIL,11513:2017,BIS,cr3,72083990,N,7.453,64950776,MATCHED
2000,R_HR_CO,Hot Rolled Black Coil,26BT0114R0,28.42,2001,2.2,1230,0011000082,TATA STEEL LTD,267896105,5000092570,4600000247,60,05-02-26,101,HRC,COIL,11513:2017,BIS,cr3,72083990,N,7.453,83523455,MATCHED
2000,R_HR_CO,Hot Rolled Black Coil,26BT0115R0,28.34,2001,2.5,1235,0011000082,TATA STEEL LTD,267898127,5000092571,4600000247,30,05-02-26,101,HRC,COIL,11513:2017,BIS,cr3,72083990,N,7.453,10252338,MATCHED
2000,R_HR_CO,Hot Rolled Black Coil,26BT0116R0,28.41,2001,2.5,1235,0011000082,TATA STEEL LTD,267898124,5000092572,4600000247,30,05-02-26,101,HRC,COIL,11513:2017,BIS,cr3,72083990,N,7.453,90977089,MATCHED
2000,R_HR_CO,Hot Rolled Black Coil,26BT0117R0,28.44,2001,2.5,1235,0011000082,TATA STEEL LTD,267898129,5000092573,4600000247,30,05-02-26,101,HRC,COIL,11513:2017,BIS,cr3,72083990,N,7.453,84101048,MATCHED
2000,R_HR_CO,Hot Rolled Black Coil,26BT0118R0,28.41,2001,2.5,1235,0011000082,TATA STEEL LTD,267896102,5000092574,4600000247,30,05-02-26,101,HRC,COIL,11513:2017,BIS,cr3,72083990,N,7.453,30534564,MATCHED
2000,R_HR_CO,Hot Rolled Black Coil,26BT0119R0,28.47,2001,2.8,1235,0011000082,TATA STEEL LTD,267896099,5000092575,4600000247,20,05-02-26,101,HRC,COIL,11513:2017,BIS,cr3,72083990,N,7.453,94193895,MATCHED
2000,R_HR_CO,Hot Rolled Black Coil,26BT0120R0,28.42,2001,2.5,1235,0011000082,TATA STEEL LTD,267898123,5000092576,4600000247,30,05-02-26,101,HRC,COIL,11513:2017,BIS,cr3,72083990,N,7.453,98839515,MATCHED
2000,R_HR_CO,Hot Rolled Black Coil,26BT0121R0,28.52,2001,2.5,1230,0011000082,TATA STEEL LTD,267903072,5000092612,4600000246,30,05-01-26,101,HRC,COIL,11513:2017,BIS,cr3,72083990,N,7.453,47110847,MATCHED
2000,R_HR_CO,Hot Rolled Black Coil,26BT0122R0,28.38,2001,2.5,1230,0011000082,TATA STEEL LTD,267903066,5000092614,4600000246,30,05-01-26,101,HRC,COIL,11513:2017,BIS,cr3,72083990,N,7.453,47693998,MATCHED
2000,R_HR_CO,Hot Rolled Black Coil,26BT0123R0,28.48,2001,2.8,1245,0011000082,TATA STEEL LTD,267902072,5000092615,4600000247,40,05-02-26,101,HRC,COIL,11513:2017,BIS,cr3,72083990,N,7.453,59129556,MATCHED
2000,R_HR_CO,Hot Rolled Black Coil,26BT0124R0,28.54,2001,2.5,1230,0011000082,TATA STEEL LTD,267902051,5000092616,4600000246,30,05-01-26,101,HRC,COIL,11513:2017,BIS,cr3,72083990,N,7.453,47315613,MATCHED
2000,R_HR_CO,Hot Rolled Black Coil,26BT0125R0,28.54,2001,2.5,1230,0011000082,TATA STEEL LTD,267902059,5000092618,4600000246,30,05-01-26,101,HRC,COIL,11513:2017,BIS,cr3,72083990,N,7.453,90333691,MATCHED
2000,R_HR_CO,Hot Rolled Black Coil,26BT0126R0,28.41,2001,2.5,1230,0011000082,TATA STEEL LTD,267903065,5000092619,4600000246,30,05-01-26,101,HRC,COIL,11513:2017,BIS,cr3,72083990,N,7.453,20979425,MATCHED
2000,R_HR_CO,Hot Rolled Black Coil,26BT0127R0,28.57,2001,2.5,1230,0011000082,TATA STEEL LTD,267899101,5000092620,4600000246,30,05-01-26,101,HRC,COIL,11513:2017,BIS,cr3,72083990,N,7.453,86045743,MATCHED
2000,R_HR_CO,Hot Rolled Black Coil,26BT0128R0,28.41,2001,2.5,1230,0011000082,TATA STEEL LTD,267903069,5000092621,4600000246,30,05-01-26,101,HRC,COIL,11513:2017,BIS,cr3,72083990,N,7.453,67859385,MATCHED
2000,R_HR_CO,Hot Rolled Black Coil,26BT0129R0,28.42,2001,2.5,1230,0011000082,TATA STEEL LTD,267903074,5000092623,4600000246,30,05-01-26,101,HRC,COIL,11513:2017,BIS,cr3,72083990,N,7.453,58794244,MATCHED
2000,R_HR_CO,Hot Rolled Black Coil,26BT0130R0,28.56,2001,2.5,1230,0011000082,TATA STEEL LTD,267902056,5000092622,4600000246,30,05-01-26,101,HRC,COIL,11513:2017,BIS,cr3,72083990,N,7.453,27702353,MATCHED
2000,R_HR_CO,Hot Rolled Black Coil,26BT0131R0,28.52,2001,2.5,1230,0011000082,TATA STEEL LTD,267907095,5000092624,4600000246,30,05-01-26,101,HRC,COIL,11513:2017,BIS,cr3,72083990,N,7.453,20423679,MATCHED
2000,R_HR_CO,Hot Rolled Black Coil,26BT0132R0,28.58,2001,2.5,1230,0011000082,TATA STEEL LTD,267907087,5000092628,4600000246,30,05-01-26,101,HRC,COIL,11513:2017,BIS,cr3,72083990,N,7.453,66398338,MATCHED
2000,R_HR_CO,Hot Rolled Black Coil,26BT0133R0,28.44,2001,2.5,1230,0011000082,TATA STEEL LTD,267902073,5000092630,4600000246,30,05-01-26,101,HRC,COIL,11513:2017,BIS,cr3,72083990,N,7.453,88166129,MATCHED
2000,R_HR_CO,Hot Rolled Black Coil,26BT0134R0,27.23,2001,2.5,1240,0011000082,TATA STEEL LTD,267904083,5000092631,4600000247,10,05-02-26,101,HRC,COIL,11513:2017,BIS,cr3,72083990,N,7.453,26867339,MATCHED
2000,R_HR_CO,Hot Rolled Black Coil,26BT0135R0,28.43,2001,2.5,1230,0011000082,TATA STEEL LTD,267903063,5000092632,4600000246,30,05-01-26,101,HRC,COIL,11513:2017,BIS,cr3,72083990,N,7.453,24311179,MATCHED
2000,R_HR_CO,Hot Rolled Black Coil,26BT0136R0,28.53,2001,2.5,1230,0011000082,TATA STEEL LTD,267902074,5000092633,4600000246,30,05-01-26,101,HRC,COIL,11513:2017,BIS,cr3,72083990,N,7.453,15399665,MATCHED
2000,R_HR_CO,Hot Rolled Black Coil,26BT0137R0,28.43,2001,2.5,1230,0011000082,TATA STEEL LTD,267899108,5000092634,4600000246,30,05-01-26,101,HRC,COIL,11513:2017,BIS,cr3,72083990,N,7.453,78130529,MATCHED
2000,R_HR>3MM_CO,Hot Rolled Black Coil 3mm & Above,26BT0138R0,28.51,2001,3.2,1245,0011000082,TATA STEEL LTD,267909003,5000092635,4600000247,70,05-02-26,101,HRC,COIL,11513:2017,BIS,cr3,72083890,N,7.453,37762222,MATCHED
2000,R_HR>3MM_CO,Hot Rolled Black Coil 3mm & Above,26BT0139R0,28.51,2001,3.2,1245,0011000082,TATA STEEL LTD,267909004,5000092636,4600000247,70,05-02-26,101,HRC,COIL,11513:2017,BIS,cr3,72083890,N,7.453,99496947,MATCHED
2000,R_HR_CO,Hot Rolled Black Coil,26BT0140R0,28.55,2001,2,1235,0011000082,TATA STEEL LTD,267902066,5000092637,4600000231,60,05-01-26,101,HRC,COIL,11513:2017,BIS,cr3,72083990,N,7.453,93056309,MATCHED
2000,R_HR_CO,Hot Rolled Black Coil,26BT0141R0,28.53,2001,2.2,1230,0011000082,TATA STEEL LTD,267906099,5000092838,4600000247,60,05-02-26,101,HRC,COIL,11513:2017,BIS,cr3,72083990,N,7.453,95891629,MATCHED
2000,R_HR_CO,Hot Rolled Black Coil,26BT0144R0,23.63,2001,2,1235,0011000082,TATA STEEL LTD,267832088,5000092996,4600000231,60,05-01-26,101,HRC,COIL,11513:2017,BIS,cr3,72083990,N,7.453,21697453,MATCHED
2000,R_HR_CO,Hot Rolled Black Coil,26BT0212R0,27.96,2001,2.2,1230,0011000082,TATA STEEL LTD,267906098,5000093351,4600000254,120,05-02-26,101,HRC,COIL,11513:2017,BIS,cr3,72083990,N,7.453,13117582,MATCHED
2000,R_HR_CO,Hot Rolled Black Coil,26BT0213R0,15.92,2001,2,1235,11000082,TATA STEEL LTD,267902070B,5000093351,4600000254,90,05-02-26,101,HRC,COIL,11513:2017,BIS,cr3,72083990,N,7.453,43580474,MATCHED
2000,R_HR_CO,Hot Rolled Black Coil,26BT0215R0,28.35,2001,2.5,1230,0011000082,TATA STEEL LTD,267903064,5000093353,4600000254,140,05-02-26,101,HRC,COIL,11513:2017,BIS,cr3,72083990,N,7.453,87160843,MATCHED
2000,R_HR_CO,Hot Rolled Black Coil,26BT0256R0,23.72,2001,2,1235,0011000082,TATA STEEL LTD,267872086,5000093449,4600000254,90,05-02-26,101,HRC,COIL,11513:2017,BIS,cr3,72083990,N,7.453,87552325,MATCHED
2000,R_HR_CO,Hot Rolled Black Coil,26BT0272R0,17.05,2001,2.5,1230,0011000082,TATA STEEL LTD,267801073A,5000093529,4600000246,30,05-01-26,101,HRC,COIL,11513:2017,BIS,cr3,72083990,N,7.453,93397328,MATCHED
2000,R_HR_CO,Hot Rolled Black Coil,26BT0273R0,23.72,2001,2,1235,0011000082,TATA STEEL LTD,267872094,5000093540,4600000254,90,05-02-26,101,HRC,COIL,11513:2017,BIS,cr3,72083990,N,7.453,36343676,MATCHED
2000,R_HR_CO,Hot Rolled Black Coil,26BT0275R0,17.37,2001,2.5,1230,0011000082,TATA STEEL LTD,267834096A,5000093552,4600000246,30,05-01-26,101,HRC,COIL,11513:2017,BIS,cr3,72083990,N,7.453,51660499,MATCHED
2000,R_HR_CO,Hot Rolled Black Coil,26BT0277R0,27.55,2001,2,1235,0011000082,TATA STEEL LTD,267833115,5000093685,4600000231,60,05-01-26,101,HRC,COIL,11513:2017,BIS,cr3,72083990,N,7.453,53401174,MATCHED
2000,R_HR_CO,Hot Rolled Black Coil,26BT0278R0,16.76,2001,2.5,1230,0011000082,TATA STEEL LTD,267902075A,5000093755,4600000254,140,05-02-26,101,HRC,COIL,11513:2017,BIS,cr3,72083990,N,7.453,68364653,MATCHED
2000,R_HR_CO,Hot Rolled Black Coil,26BT0279R0,23.08,2001,2.5,1230,0011000082,TATA STEEL LTD,267983083,5000093757,4600000254,140,05-02-26,101,HRC,COIL,11513:2017,BIS,cr3,72083990,N,7.453,77059308,MATCHED
2000,R_HR_CO,Hot Rolled Black Coil,26BT0329R0,28.46,2001,2.5,1230,0011000082,TATA STEEL LTD,267903087,5000094027,4600000254,140,05-02-26,101,HRC,COIL,11513:2017,BIS,cr3,72083990,N,7.453,52266882,MATCHED
2000,R_HR_CO,Hot Rolled Black Coil,26BT0330R0,27.62,2001,2,1235,0011000082,TATA STEEL LTD,267902065A,5000094028,4600000254,90,05-02-26,101,HRC,COIL,11513:2017,BIS,cr3,72083990,N,7.453,46143579,MATCHED
2000,R_HR_CO,Hot Rolled Black Coil,26BU0047R0,28.62,2001,2.5,1245,0011000057,ANM Ispat Private Limited,267840073,5000092276,4600000238,30,20-01-26,101,HRC,COIL,11513:2017,BIS,cr3,72083990,N,7.453,14604526,MATCHED
2000,R_HR_CO,Hot Rolled Black Coil,26BU0049R0,20.77,2001,2,1235,0011000057,ANM Ispat Private Limited,267841029,5000092285,4600000238,40,20-01-26,101,HRC,COIL,11513:2017,BIS,cr3,72083990,N,7.453,78956416,MATCHED
2000,R_HR_CO,Hot Rolled Black Coil,26BU0082R0,28.43,2001,2,1245,0011000057,ANM Ispat Private Limited,267836046,5000092475,4600000245,10,04-02-26,101,HRC,COIL,11513:2017,BIS,cr3,72083990,N,7.453,16844160,MATCHED
2000,R_HR_CO,Hot Rolled Black Coil,26BU0204R0,20.8,2001,2,1235,0011000057,ANM Ispat Private Limited,267841030,5000093342,4600000238,40,20-01-26,101,HRC,COIL,11513:2017,BIS,cr3,72083990,N,7.453,55438155,MATCHED
2000,R_HR_CO,Hot Rolled Black Coil,26BW0040R0,20.9,2001,2.2,1230,0011000122,NMDC STEEL LIMITED,D200267203,5000092197,4600000241,10,16-01-26,101,HRC,COIL,11513:2017,BIS,cr3,72083990,N,7.453,73300040,MATCHED
2000,R_HR_CO,Hot Rolled Black Coil,26BW0041R0,20.94,2001,2.2,1230,0011000122,NMDC STEEL LIMITED,D200267202,5000092197,4600000241,10,16-01-26,101,HRC,COIL,11513:2017,BIS,cr3,72083990,N,7.453,90048473,MATCHED
2000,R_HR_CO,Hot Rolled Black Coil,26BW0042R0,20.92,2001,2.5,1230,0011000122,NMDC STEEL LIMITED,D200268208,5000092200,4600000241,20,16-01-26,101,HRC,COIL,11513:2017,BIS,cr3,72083990,N,7.453,58539784,MATCHED
2000,R_HR_CO,Hot Rolled Black Coil,26BW0043R0,20.93,2001,2.2,1230,0011000122,NMDC STEEL LIMITED,D100258105,5000092200,4600000241,10,16-01-26,101,HRC,COIL,11513:2017,BIS,cr3,72083990,N,7.453,14579619,MATCHED
2000,R_HR_CO,Hot Rolled Black Coil,26BW0044R0,20.89,2001,2.5,1230,0011000122,NMDC STEEL LIMITED,D200268202,5000092202,4600000241,20,16-01-26,101,HRC,COIL,11513:2017,BIS,cr3,72083990,N,7.453,97255576,MATCHED
2000,R_HR_CO,Hot Rolled Black Coil,26BW0045R0,20.92,2001,2.2,1230,0011000122,NMDC STEEL LIMITED,D200267204,5000092202,4600000241,10,16-01-26,101,HRC,COIL,11513:2017,BIS,cr3,72083990,N,7.453,47862676,MATCHED
2000,R_HR_CO,Hot Rolled Black Coil,26BW0050R0,20.96,2001,2.5,1230,0011000122,NMDC STEEL LIMITED,D200268207,5000092288,4600000241,20,16-01-26,101,HRC,COIL,11513:2017,BIS,cr3,72083990,N,7.453,41275600,MATCHED
2000,R_HR_CO,Hot Rolled Black Coil,26BW0051R0,20.94,2001,2.5,1230,0011000122,NMDC STEEL LIMITED,D200268206,5000092288,4600000241,20,16-01-26,101,HRC,COIL,11513:2017,BIS,cr3,72083990,N,7.453,97602219,MATCHED
2000,R_HR_CO,Hot Rolled Black Coil,26BW0142R0,20.87,2001,2.2,1230,0011000122,NMDC STEEL LIMITED,D100257109,5000092928,4600000250,10,10-02-26,101,HRC,COIL,11513:2017,BIS,cr3,72083990,N,7.453,79605616,MATCHED
2000,R_HR_CO,Hot Rolled Black Coil,26BW0143R0,20.94,2001,2.2,1230,0011000122,NMDC STEEL LIMITED,D200267207,5000092928,4600000250,10,10-02-26,101,HRC,COIL,11513:2017,BIS,cr3,72083990,N,7.453,65277836,MATCHED
2000,R_HR_CO,Hot Rolled Black Coil,26BW0271R0,20.92,2001,2.2,1230,0011000122,NMDC STEEL LIMITED,D200267208,5000093525,4600000250,10,10-02-26,101,HRC,COIL,11513:2017,BIS,cr3,72083990,N,7.453,84679569,MATCHED
2000,R_HR_CO,Hot Rolled Black Coil,26BW0274R0,20.95,2001,2.5,1230,0011000122,NMDC STEEL LIMITED,D200268205,5000093544,4600000241,30,16-01-26,101,HRC,COIL,11513:2017,BIS,cr3,72083990,N,7.453,86380353,MATCHED
2000,R_HR_CO,Hot Rolled Black Coil,26BW0280R0,20.99,2001,2.5,1230,0011000122,NMDC STEEL LIMITED,D200268203,5000093856,4600000241,30,16-01-26,101,HRC,COIL,11513:2017,BIS,cr3,72083990,N,7.453,47754469,MATCHED
2000,R_HR_CO,Hot Rolled Black Coil,26BW0281R0,20.97,2001,2.5,1230,0011000122,NMDC STEEL LIMITED,D200268204,5000093856,4600000241,30,16-01-26,101,HRC,COIL,11513:2017,BIS,cr3,72083990,N,7.453,49788464,MATCHED
2000,R_HR>3MM_CO,Hot Rolled Black Coil 3mm & Above,26CJ0001R0,27.34,2001,3.6,1260,0011000144,JSW Vijayanagar Metallics Limited,26226908,5000094237,4600000252,170,05-02-26,101,HRC,COIL,11513:2017,BIS,cr2,72083890,N,7.453,42991807,MATCHED
2000,R_HR_CO,Hot Rolled Black Coil,26CJ0002R0,16.32,2001,2.5,915,0011000139,JSW Steel Limited,25134727,5000094238,4600000260,50,18-02-26,101,HRC,COIL,11513:2017,BIS,cr3,72083990,N,7.453,55650390,MATCHED
2000,R_HR_CO,Hot Rolled Black Coil,26CJ0003R0,22.14,2001,2.2,1235,0011000139,JSW Steel Limited,26005797,5000094251,4600000253,20,16-02-26,101,HRC,COIL,11513:2017,BIS,cr3,72083990,N,7.453,97291769,MATCHED
2000,R_HR_CO,Hot Rolled Black Coil,26CJ0004R0,16.34,2001,2.5,915,11000139,JSW Steel Limited,25134736,5000094251,4600000260,60,18-02-26,101,HRC,COIL,11513:2017,BIS,cr3,72083990,N,7.453,74764407,MATCHED
2000,R_HR_CO,Hot Rolled Black Coil,26CJ0005R0,27.375,2001,2,1235,0011000144,JSW Vijayanagar Metallics Limited,26226755,5000094255,4600000252,20,14-02-26,101,HRC,COIL,11513:2017,BIS,cr3,72083990,N,7.453,17235462,MATCHED
2000,R_HR_CO,Hot Rolled Black Coil,26CJ0006R0,26.285,2001,2.2,1230,0011000144,JSW Vijayanagar Metallics Limited,26228517,5000094257,4600000252,50,14-02-26,101,HRC,COIL,11513:2017,BIS,cr3,72083990,N,7.453,80447363,MATCHED
2000,R_HR_CO,Hot Rolled Black Coil,26CJ0007R0,27.29,2001,2.5,1230,0011000144,JSW Vijayanagar Metallics Limited,26228325,5000094258,4600000258,20,27-02-26,101,HRC,COIL,11513:2017,BIS,cr3,72083990,N,7.453,40506197,MATCHED
2000,R_HR_CO,Hot Rolled Black Coil,26CJ0008R0,25.405,2001,2.5,1230,0011000144,JSW Vijayanagar Metallics Limited,26227613,5000094259,4600000258,20,27-02-26,101,HRC,COIL,11513:2017,BIS,cr3,72083990,N,7.453,85230767,MATCHED
2000,R_HR_CO,Hot Rolled Black Coil,26CJ0009R0,27.405,2001,2.5,1230,0011000144,JSW Vijayanagar Metallics Limited,26228514,5000094260,4600000258,20,27-02-26,101,HRC,COIL,11513:2017,BIS,cr3,72083990,N,7.453,61495423,MATCHED
2000,R_HR_CO,Hot Rolled Black Coil,26CJ0010R0,25.555,2001,2.5,1230,0011000144,JSW Vijayanagar Metallics Limited,26227611,5000094261,4600000258,20,27-02-26,101,HRC,COIL,11513:2017,BIS,cr3,72083990,N,7.453,43542378,MATCHED
2000,R_HR_CO,Hot Rolled Black Coil,26CJ0011R0,27.28,2001,2.2,1230,0011000144,JSW Vijayanagar Metallics Limited,26228425,5000094262,4600000258,10,27-02-26,101,HRC,COIL,11513:2017,BIS,cr3,72083990,N,7.453,18902115,MATCHED
2000,R_HR_CO,Hot Rolled Black Coil,26CJ0012R0,27.31,2001,2,1235,0011000144,JSW Vijayanagar Metallics Limited,26228529,5000094263,4600000258,30,27-02-26,101,HRC,COIL,11513:2017,BIS,cr3,72083990,N,7.453,16189208,MATCHED
2000,R_HR_CO,Hot Rolled Black Coil,26CJ0013R0,27.39,2001,2,1235,0011000144,JSW Vijayanagar Metallics Limited,26228532,5000094264,4600000258,30,27-02-26,101,HRC,COIL,11513:2017,BIS,cr3,72083990,N,7.453,83017327,MATCHED
2000,R_HR_CO,Hot Rolled Black Coil,26CJ0014R0,25.395,2001,2.5,1230,0011000144,JSW Vijayanagar Metallics Limited,26227607,5000094266,4600000258,20,27-02-26,101,HRC,COIL,11513:2017,BIS,cr3,72083990,N,7.453,96041317,MATCHED
2000,R_HR_CO,Hot Rolled Black Coil,26CJ0015R0,27.165,2001,2,1235,0011000144,JSW Vijayanagar Metallics Limited,26228338,5000094269,4600000258,30,27-02-26,101,HRC,COIL,11513:2017,BIS,cr3,72083990,N,7.453,63891455,MATCHED
2000,R_HR_CO,Hot Rolled Black Coil,26CJ0016R0,25.54,2001,2.5,1230,0011000144,JSW Vijayanagar Metallics Limited,26227615,5000094270,4600000258,20,27-02-26,101,HRC,COIL,11513:2017,BIS,cr3,72083990,N,7.453,39557330,MATCHED
2000,R_HR_CO,Hot Rolled Black Coil,26CJ0017R0,27.29,2001,2.5,1230,0011000144,JSW Vijayanagar Metallics Limited,26228215,5000094271,4600000258,20,27-02-26,101,HRC,COIL,11513:2017,BIS,cr3,72083990,N,7.453,66368076,MATCHED
2000,R_HR_CO,Hot Rolled Black Coil,26CJ0018R0,27.28,2001,2.2,1230,0011000144,JSW Vijayanagar Metallics Limited,26228214,5000094273,4600000252,50,14-02-26,101,HRC,COIL,11513:2017,BIS,cr3,72083990,N,7.453,45334519,MATCHED
2000,R_HR_CO,Hot Rolled Black Coil,26CJ0019R0,25.405,2001,2.5,1230,0011000144,JSW Vijayanagar Metallics Limited,26227603,5000094275,4600000258,20,27-02-26,101,HRC,COIL,11513:2017,BIS,cr3,72083990,N,7.453,13465374,MATCHED
2000,R_HR_CO,Hot Rolled Black Coil,26CJ0020R0,27.315,2001,2,1235,0011000144,JSW Vijayanagar Metallics Limited,26227601,5000094278,4600000258,30,27-02-26,101,HRC,COIL,11513:2017,BIS,cr3,72083990,N,7.453,69358434,MATCHED
2000,R_HR>3MM_CO,Hot Rolled Black Coil 3mm & Above,26CJ0021R0,27.255,2001,3.6,1265,0011000144,JSW Vijayanagar Metallics Limited,26228289,5000094280,4600000252,160,05-02-26,101,HRC,COIL,11513:2017,BIS,cr3,72083890,N,7.453,83931654,MATCHED
2000,R_HR_CO,Hot Rolled Black Coil,26CJ0022R0,25.075,2001,2,1235,0011000144,JSW Vijayanagar Metallics Limited,26224576,5000094284,4600000257,40,24-02-26,101,HRC,COIL,11513:2017,BIS,cr3,72083990,N,7.453,78186184,MATCHED
2000,R_HR_CO,Hot Rolled Black Coil,26CJ0023R0,27.215,2001,2,1235,0011000144,JSW Vijayanagar Metallics Limited,26228342,5000094290,4600000258,30,27-02-26,101,HRC,COIL,11513:2017,BIS,cr3,72083990,N,7.453,47899808,MATCHED
2000,R_HR_CO,Hot Rolled Black Coil,26CJ0024R0,27.135,2001,2.5,1230,0011000144,JSW Vijayanagar Metallics Limited,26228313,5000094293,4600000252,70,14-02-26,101,HRC,COIL,11513:2017,BIS,cr3,72083990,N,7.453,10228139,MATCHED
2000,R_HR_CO,Hot Rolled Black Coil,26CJ0025R0,27.33,2001,2,1235,0011000144,JSW Vijayanagar Metallics Limited,26228435,5000094294,4600000258,30,27-02-26,101,HRC,COIL,11513:2017,BIS,cr3,72083990,N,7.453,44082959,MATCHED
2000,R_HR_CO,Hot Rolled Black Coil,26CJ0026R0,27.215,2001,2.2,1230,0011000144,JSW Vijayanagar Metallics Limited,26228231,5000094296,4600000252,50,14-02-26,101,HRC,COIL,11513:2017,BIS,cr3,72083990,N,7.453,84768477,MATCHED
2000,R_HR_CO,Hot Rolled Black Coil,26CJ0027R0,27.155,2001,2.5,1230,0011000144,JSW Vijayanagar Metallics Limited,26228339,5000094300,4600000258,20,27-02-26,101,HRC,COIL,11513:2017,BIS,cr3,72083990,N,7.453,38460884,MATCHED
2000,R_HR_CO,Hot Rolled Black Coil,26CJ0028R0,27.21,2001,2.2,1230,0011000144,JSW Vijayanagar Metallics Limited,26228447,5000094301,4600000252,50,14-02-26,101,HRC,COIL,11513:2017,BIS,cr3,72083990,N,7.453,16739824,MATCHED
2000,R_HR_CO,Hot Rolled Black Coil,26CJ0029R0,27.225,2001,2,1235,0011000144,JSW Vijayanagar Metallics Limited,26227604,5000094303,4600000258,30,27-02-26,101,HRC,COIL,11513:2017,BIS,cr3,72083990,N,7.453,98302658,MATCHED
2000,R_HR_CO,Hot Rolled Black Coil,26CJ0030R0,27.1,2001,2.2,1230,0011000144,JSW Vijayanagar Metallics Limited,26228031,5000094305,4600000258,10,27-02-26,101,HRC,COIL,11513:2017,BIS,cr3,72083990,N,7.453,46553320,MATCHED
2000,R_HR_CO,Hot Rolled Black Coil,26CJ0031R0,26.51,2001,2,1235,0011000144,JSW Vijayanagar Metallics Limited,26221655,5000094306,4600000258,30,27-02-26,101,HRC,COIL,11513:2017,BIS,cr3,72083990,N,7.453,48042327,MATCHED
2000,R_HR_CO,Hot Rolled Black Coil,26CJ0032R0,27.305,2001,2.5,1230,0011000144,JSW Vijayanagar Metallics Limited,26228219,5000094307,4600000258,20,27-02-26,101,HRC,COIL,11513:2017,BIS,cr3,72083990,N,7.453,36613431,MATCHED
2000,R_HR_CO,Hot Rolled Black Coil,26CJ0033R0,26.27,2001,2.2,1230,0011000144,JSW Vijayanagar Metallics Limited,26228525,5000094308,4600000252,50,14-02-26,101,HRC,COIL,11513:2017,BIS,cr3,72083990,N,7.453,99321981,MATCHED
2000,R_HR_CO,Hot Rolled Black Coil,26CJ0034R0,27.275,2001,2.2,1230,0011000144,JSW Vijayanagar Metallics Limited,26228213,5000094311,4600000252,50,14-02-26,101,HRC,COIL,11513:2017,BIS,cr3,72083990,N,7.453,31072011,MATCHED
2000,R_HR_CO,Hot Rolled Black Coil,26CJ0035R0,27.145,2001,2.2,1230,0011000144,JSW Vijayanagar Metallics Limited,26228432,5000094312,4600000258,10,27-02-26,101,HRC,COIL,11513:2017,BIS,cr3,72083990,N,7.453,90835716,MATCHED
2000,R_HR>3MM_CO,Hot Rolled Black Coil 3mm & Above,26CJ0036R0,27.155,2001,3.6,1265,0011000144,JSW Vijayanagar Metallics Limited,26228291,5000094313,4600000252,160,05-02-26,101,HRC,COIL,11513:2017,BIS,cr3,72083890,N,7.453,97512693,MATCHED
2000,R_HR_CO,Hot Rolled Black Coil,26CJ0037R0,27.19,2001,2.2,1230,0011000144,JSW Vijayanagar Metallics Limited,26228229,5000094314,4600000252,50,14-02-26,101,HRC,COIL,11513:2017,BIS,cr3,72083990,N,7.453,67911292,MATCHED
2000,R_HR_CO,Hot Rolled Black Coil,26CJ0038R0,27.125,2001,2,1235,0011000144,JSW Vijayanagar Metallics Limited,26227602,5000094315,4600000258,30,27-02-26,101,HRC,COIL,11513:2017,BIS,cr3,72083990,N,7.453,77124396,MATCHED
2000,R_HR_CO,Hot Rolled Black Coil,26CJ0039R0,25.655,2001,2.2,1230,0011000144,JSW Vijayanagar Metallics Limited,26221691,5000094316,4600000258,10,27-02-26,101,HRC,COIL,11513:2017,BIS,cr3,72083990,N,7.453,99553286,MATCHED
2000,R_HR_CO,Hot Rolled Black Coil,26CJ0040R0,27.3,2001,2,1235,0011000144,JSW Vijayanagar Metallics Limited,26228118,5000094317,4600000258,30,27-02-26,101,HRC,COIL,11513:2017,BIS,cr3,72083990,N,7.453,93941109,MATCHED
2000,R_HR_CO,Hot Rolled Black Coil,26CJ0041R0,27.27,2001,2.2,1230,0011000144,JSW Vijayanagar Metallics Limited,26228331,5000094318,4600000252,50,14-02-26,101,HRC,COIL,11513:2017,BIS,cr3,72083990,N,7.453,63893025,MATCHED
2000,R_HR_CO,Hot Rolled Black Coil,26CJ0043R0,25.425,2001,2.5,1230,0011000144,JSW Vijayanagar Metallics Limited,26227614,5000094320,4600000258,20,27-02-26,101,HRC,COIL,11513:2017,BIS,cr3,72083990,N,7.453,14233511,MATCHED
2000,R_HR_CO,Hot Rolled Black Coil,26CJ0044R0,27.17,2001,2,1235,0011000144,JSW Vijayanagar Metallics Limited,26228333,5000094321,4600000258,30,27-02-26,101,HRC,COIL,11513:2017,BIS,cr3,72083990,N,7.453,66592287,MATCHED
2000,R_HR_CO,Hot Rolled Black Coil,26CJ0045R0,27.625,2001,2.5,1230,0011000144,JSW Vijayanagar Metallics Limited,26228417,5000094322,4600000252,70,14-02-26,101,HRC,COIL,11513:2017,BIS,cr3,72083990,N,7.453,83222482,MATCHED
2000,R_HR_CO,Hot Rolled Black Coil,26CJ0046R0,27.115,2001,2,1235,0011000144,JSW Vijayanagar Metallics Limited,26228345,5000094323,4600000258,30,27-02-26,101,HRC,COIL,11513:2017,BIS,cr3,72083990,N,7.453,35385281,MATCHED
2000,R_HR_CO,Hot Rolled Black Coil,26CJ0047R0,27.165,2001,2,1235,0011000144,JSW Vijayanagar Metallics Limited,26228348,5000094324,4600000258,30,27-02-26,101,HRC,COIL,11513:2017,BIS,cr3,72083990,N,7.453,12303484,MATCHED
2000,R_HR_CO,Hot Rolled Black Coil,26CJ0048R0,27.225,2001,2,1235,0011000144,JSW Vijayanagar Metallics Limited,26228346,5000094325,4600000258,30,27-02-26,101,HRC,COIL,11513:2017,BIS,cr3,72083990,N,7.453,40770472,MATCHED
2000,R_HR>3MM_CO,Hot Rolled Black Coil 3mm & Above,26CJ0049R0,27.185,2001,3.6,1265,0011000144,JSW Vijayanagar Metallics Limited,26228290,5000094326,4600000252,160,05-02-26,101,HRC,COIL,11513:2017,BIS,cr3,72083890,N,7.453,33055017,MATCHED
2000,R_HR_CO,Hot Rolled Black Coil,26CJ0050R0,27.13,2001,2.2,1230,0011000144,JSW Vijayanagar Metallics Limited,26228350,5000094327,4600000252,50,14-02-26,101,HRC,COIL,11513:2017,BIS,cr3,72083990,N,7.453,56388394,MATCHED
2000,R_HR_CO,Hot Rolled Black Coil,26CJ0051R0,25.585,2001,2.5,1250,0011000144,JSW Vijayanagar Metallics Limited,26226097,5000094328,4600000252,90,14-02-26,101,HRC,COIL,11513:2017,BIS,HR2,72083990,N,7.453,32749616,MATCHED
2000,R_HR_CO,Hot Rolled Black Coil,26CJ0052R0,27.39,2001,2.5,1230,0011000144,JSW Vijayanagar Metallics Limited,26228218,5000094329,4600000258,20,27-02-26,101,HRC,COIL,11513:2017,BIS,cr3,72083990,N,7.453,83734465,MATCHED
2000,R_HR_CO,Hot Rolled Black Coil,26CJ0053R0,27.35,2001,2,1235,0011000144,JSW Vijayanagar Metallics Limited,26227599,5000094330,4600000258,30,27-02-26,101,HRC,COIL,11513:2017,BIS,cr3,72083990,N,7.453,53905181,MATCHED
2000,R_HR_CO,Hot Rolled Black Coil,26CJ0054R0,27.175,2001,2,1235,0011000144,JSW Vijayanagar Metallics Limited,26228336,5000094331,4600000258,30,27-02-26,101,HRC,COIL,11513:2017,BIS,cr3,72083990,N,7.453,64483343,MATCHED
2000,R_HR_CO,Hot Rolled Black Coil,26CJ0055R0,27.03,2001,2,1235,0011000144,JSW Vijayanagar Metallics Limited,26227600,5000094332,4600000258,30,27-02-26,101,HRC,COIL,11513:2017,BIS,cr3,72083990,N,7.453,30449702,MATCHED
2000,R_HR_CO,Hot Rolled Black Coil,26CJ0056R0,27.22,2001,2,1235,0011000144,JSW Vijayanagar Metallics Limited,26228117,5000094333,4600000258,30,27-02-26,101,HRC,COIL,11513:2017,BIS,cr3,72083990,N,7.453,20176153,MATCHED
2000,R_HR>3MM_CO,Hot Rolled Black Coil 3mm & Above,26CJ0057R0,27.155,2001,3.6,1265,0011000144,JSW Vijayanagar Metallics Limited,26228310,5000094334,4600000252,160,05-02-26,101,HRC,COIL,11513:2017,BIS,cr3,72083890,N,7.453,84609024,MATCHED
2000,R_HR_CO,Hot Rolled Black Coil,26CJ0058R0,27.315,2001,2.2,1230,0011000144,JSW Vijayanagar Metallics Limited,26228327,5000094335,4600000252,50,14-02-26,101,HRC,COIL,11513:2017,BIS,cr3,72083990,N,7.453,34458778,MATCHED
2000,R_HR_CO,Hot Rolled Black Coil,26CJ0059R0,27.36,2001,2.2,1230,0011000144,JSW Vijayanagar Metallics Limited,26228220,5000094336,4600000252,50,14-02-26,101,HRC,COIL,11513:2017,BIS,cr3,72083990,N,7.453,59291665,MATCHED
2000,R_HR_CO,Hot Rolled Black Coil,26CJ0060R0,25.415,2001,2.5,1230,0011000144,JSW Vijayanagar Metallics Limited,26227608,5000094337,4600000258,20,27-02-26,101,HRC,COIL,11513:2017,BIS,cr3,72083990,N,7.453,63761316,MATCHED
2000,R_HR_CO,Hot Rolled Black Coil,26CJ0061R0,27.185,2001,2,1235,0011000144,JSW Vijayanagar Metallics Limited,26228341,5000094338,4600000258,30,27-02-26,101,HRC,COIL,11513:2017,BIS,cr3,72083990,N,7.453,71659765,MATCHED
2000,R_HR_CO,Hot Rolled Black Coil,26CJ0074R0,27.31,2001,2.2,1230,0011000144,JSW Vijayanagar Metallics Limited,26228230,5000094361,4600000252,50,14-02-26,101,HRC,COIL,11513:2017,BIS,cr3,72083990,N,7.453,13138326,MATCHED
2000,R_HR_CO,Hot Rolled Black Coil,26CJ0075R0,25.57,2001,2.5,1230,0011000144,JSW Vijayanagar Metallics Limited,26227612,5000094363,4600000258,20,27-02-26,101,HRC,COIL,11513:2017,BIS,cr3,72083990,N,7.453,62163169,MATCHED
2000,R_HR_CO,Hot Rolled Black Coil,26CJ0076R0,27.235,2001,2.2,1230,0011000144,JSW Vijayanagar Metallics Limited,26228328,5000094365,4600000252,50,14-02-26,101,HRC,COIL,11513:2017,BIS,cr3,72083990,N,7.453,91512550,MATCHED
2000,R_HR_CO,Hot Rolled Black Coil,26CJ0077R0,27.175,2001,2.2,1230,0011000144,JSW Vijayanagar Metallics Limited,26228443,5000094366,4600000258,10,27-02-26,101,HRC,COIL,11513:2017,BIS,cr3,72083990,N,7.453,70433654,MATCHED
2000,R_HR_CO,Hot Rolled Black Coil,26CJ0078R0,27.21,2001,2.2,1230,0011000144,JSW Vijayanagar Metallics Limited,26228434,5000094367,4600000258,10,27-02-26,101,HRC,COIL,11513:2017,BIS,cr3,72083990,N,7.453,77010989,MATCHED
2000,R_HR_CO,Hot Rolled Black Coil,26CJ0083R0,25.53,2001,2.5,1230,0011000144,JSW Vijayanagar Metallics Limited,26227609,5000094374,4600000258,20,27-02-26,101,HRC,COIL,11513:2017,BIS,cr3,72083990,N,7.453,37207912,MATCHED
2000,R_HR_CO,Hot Rolled Black Coil,26CJ0084R0,25.545,2001,2.5,1230,0011000144,JSW Vijayanagar Metallics Limited,26227605,5000094375,4600000258,20,27-02-26,101,HRC,COIL,11513:2017,BIS,cr3,72083990,N,7.453,89443720,MATCHED
2000,R_HR_CO,Hot Rolled Black Coil,26CJ0085R0,27.28,2001,2,1235,0011000144,JSW Vijayanagar Metallics Limited,26228533,5000094376,4600000258,30,27-02-26,101,HRC,COIL,11513:2017,BIS,cr3,72083990,N,7.453,22250999,MATCHED
2000,R_HR_CO,Hot Rolled Black Coil,26CJ0086R0,27.23,2001,2.5,1230,0011000144,JSW Vijayanagar Metallics Limited,26228312,5000094377,4600000252,70,14-02-26,101,HRC,COIL,11513:2017,BIS,cr3,72083990,N,7.453,12872759,MATCHED
2000,R_HR>3MM_CO,Hot Rolled Black Coil 3mm & Above,26CJ0087R0,25.435,2001,3,1265,0011000144,JSW Vijayanagar Metallics Limited,26228055,5000094378,4600000258,50,27-02-26,101,HRC,COIL,11513:2017,BIS,cr3,72083890,N,7.453,75979788,MATCHED
2000,R_HR_CO,Hot Rolled Black Coil,26CJ0088R0,27.36,2001,2.2,1230,0011000144,JSW Vijayanagar Metallics Limited,26228226,5000094379,4600000252,50,14-02-26,101,HRC,COIL,11513:2017,BIS,cr3,72083990,N,7.453,65476754,MATCHED
2000,R_HR_CO,Hot Rolled Black Coil,26CJ0089R0,25.315,2001,2,1250,0011000144,JSW Vijayanagar Metallics Limited,26226099,5000094380,4600000258,40,27-02-26,101,HRC,COIL,11513:2017,BIS,HR2,72083990,N,7.453,95139674,MATCHED
2000,R_HR_CO,Hot Rolled Black Coil,26CJ0106R0,27.345,2001,2.2,1230,0011000144,JSW Vijayanagar Metallics Limited,26228227,5000094398,4600000252,50,14-02-26,101,HRC,COIL,11513:2017,BIS,cr3,72083990,N,7.453,29578308,MATCHED
2000,R_HR>3MM_CO,Hot Rolled Black Coil 3mm & Above,26CJ0107R0,27.09,2001,3.6,1265,0011000144,JSW Vijayanagar Metallics Limited,26228293,5000094399,4600000252,160,05-02-26,101,HRC,COIL,11513:2017,BIS,cr3,72083890,N,7.453,85590309,MATCHED
2000,R_HR_CO,Hot Rolled Black Coil,26CJ0108R0,27.34,2001,2.2,1230,0011000144,JSW Vijayanagar Metallics Limited,26228228,5000094400,4600000252,50,14-02-26,101,HRC,COIL,11513:2017,BIS,cr3,72083990,N,7.453,40405890,MATCHED
2000,R_HR>3MM_CO,Hot Rolled Black Coil 3mm & Above,26CJ0109R0,24.92,2001,3,1230,0011000144,JSW Vijayanagar Metallics Limited,26228112,5000094401,4600000257,10,24-02-26,101,HRC,COIL,11513:2017,BIS,cr2,72083890,N,7.453,61617535,MATCHED
2000,R_HR_CO,Hot Rolled Black Coil,26CJ0110R0,27.04,2001,2,1235,0011000144,JSW Vijayanagar Metallics Limited,26228334,5000094402,4600000258,30,27-02-26,101,HRC,COIL,11513:2017,BIS,cr3,72083990,N,7.453,78785191,MATCHED
2000,R_HR_CO,Hot Rolled Black Coil,26CJ0111R0,27.295,2001,2.2,1230,0011000144,JSW Vijayanagar Metallics Limited,26228225,5000094405,4600000252,50,14-02-26,101,HRC,COIL,11513:2017,BIS,cr3,72083990,N,7.453,27789188,MATCHED
2000,R_HR_CO,Hot Rolled Black Coil,26CJ0112R0,27.19,2001,2,1235,0011000144,JSW Vijayanagar Metallics Limited,26228344,5000094406,4600000258,30,27-02-26,101,HRC,COIL,11513:2017,BIS,cr3,72083990,N,7.453,42108067,MATCHED
2000,R_HR_CO,Hot Rolled Black Coil,26CJ0113R0,27.215,2001,2.2,1230,0011000144,JSW Vijayanagar Metallics Limited,26228329,5000094407,4600000252,50,14-02-26,101,HRC,COIL,11513:2017,BIS,cr3,72083990,N,7.453,36230745,MATCHED
2000,R_HR_CO,Hot Rolled Black Coil,26CJ0114R0,27.19,2001,2.5,1230,0011000144,JSW Vijayanagar Metallics Limited,26228314,5000094408,4600000252,70,14-02-26,101,HRC,COIL,11513:2017,BIS,cr3,72083990,N,7.453,92181114,MATCHED
2000,R_HR_CO,Hot Rolled Black Coil,26CJ0128R0,27.325,2001,2.2,1230,0011000144,JSW Vijayanagar Metallics Limited,26228519,5000094488,4600000252,50,14-02-26,101,HRC,COIL,11513:2017,BIS,cr3,72083990,N,7.453,64596519,MATCHED
2000,R_HR_CO,Hot Rolled Black Coil,26CJ0129R0,27.25,2001,2,1235,0011000144,JSW Vijayanagar Metallics Limited,26228526,5000094489,4600000258,30,27-02-26,101,HRC,COIL,11513:2017,BIS,cr3,72083990,N,7.453,99435415,MATCHED
2000,R_HR_CO,Hot Rolled Black Coil,26CJ0130R0,27.215,2001,2.2,1230,0011000144,JSW Vijayanagar Metallics Limited,26228433,5000094490,4600000258,10,27-02-26,101,HRC,COIL,11513:2017,BIS,cr3,72083990,N,7.453,51973469,MATCHED
2000,R_HR_CO,Hot Rolled Black Coil,26CJ0139R0,25.535,2001,2.5,1230,0011000144,JSW Vijayanagar Metallics Limited,26227610,5000094507,4600000258,20,27-02-26,101,HRC,COIL,11513:2017,BIS,cr3,72083990,N,7.453,51797126,MATCHED
2000,R_HR_CO,Hot Rolled Black Coil,26CJ0140R0,25.26,2001,2,1235,0011000144,JSW Vijayanagar Metallics Limited,26227598,5000094508,4600000258,30,27-02-26,101,HRC,COIL,11513:2017,BIS,cr3,72083990,N,7.453,99480885,MATCHED
2000,R_HR>3MM_CO,Hot Rolled Black Coil 3mm & Above,26CJ0146R0,27.195,2001,3.6,1265,0011000144,JSW Vijayanagar Metallics Limited,26228292,5000094523,4600000252,160,05-02-26,101,HRC,COIL,11513:2017,BIS,cr3,72083890,N,7.453,36934015,MATCHED
2000,R_HR_CO,Hot Rolled Black Coil,26CJ0150R0,27.385,2001,2.2,1230,0011000144,JSW Vijayanagar Metallics Limited,26228523,5000094526,4600000252,50,14-02-26,101,HRC,COIL,11513:2017,BIS,cr3,72083990,N,7.453,62106251,MATCHED
2000,R_HR>3MM_CO,Hot Rolled Black Coil 3mm & Above,26CJ0155R0,27.125,2001,3.6,1265,0011000144,JSW Vijayanagar Metallics Limited,26228311,5000094539,4600000252,160,05-02-26,101,HRC,COIL,11513:2017,BIS,cr3,72083890,N,7.453,73691671,MATCHED
2000,R_HR_CO,Hot Rolled Black Coil,26CJ0165R0,27.3,2001,2.2,1230,0011000144,JSW Vijayanagar Metallics Limited,26228430,5000094592,4600000261,10,02-03-26,101,HRC,COIL,11513:2017,BIS,cr3,72083990,N,7.453,82634291,MATCHED
2000,R_HR>3MM_CO,Hot Rolled Black Coil 3mm & Above,26CJ0167R0,25.375,2001,3.6,1265,0011000144,JSW Vijayanagar Metallics Limited,26223351,5000094593,4600000252,160,05-02-26,101,HRC,COIL,11513:2017,BIS,cr3,72083890,N,7.453,50872575,MATCHED
2000,R_HR_CO,Hot Rolled Black Coil,26CJ0168R0,26.845,2001,2.2,1230,0011000144,JSW Vijayanagar Metallics Limited,26228115,5000094594,4600000261,10,02-03-26,101,HRC,COIL,11513:2017,BIS,cr3,72083990,N,7.453,58145191,MATCHED
2000,R_HR_CO,Hot Rolled Black Coil,26CJ0169R0,25.145,2001,2.2,1230,0011000144,JSW Vijayanagar Metallics Limited,26228032,5000094600,4600000261,10,02-03-26,101,HRC,COIL,11513:2017,BIS,cr3,72083990,N,7.453,60567010,MATCHED
2000,R_HR_CO,Hot Rolled Black Coil,26CJ0180R0,27.275,2001,2,1235,0011000144,JSW Vijayanagar Metallics Limited,26228439,5000094619,4600000258,30,27-02-26,101,HRC,COIL,11513:2017,BIS,cr3,72083990,N,7.453,54934232,MATCHED
2000,R_HR_CO,Hot Rolled Black Coil,26CJ0181R0,27.29,2001,2.2,1230,0011000144,JSW Vijayanagar Metallics Limited,26228222,5000094620,4600000252,50,14-02-26,101,HRC,COIL,11513:2017,BIS,cr3,72083990,N,7.453,22157521,MATCHED
2000,R_HR_CO,Hot Rolled Black Coil,26CJ0182R0,27.31,2001,2.2,1230,0011000144,JSW Vijayanagar Metallics Limited,26228221,5000094623,4600000252,50,14-02-26,101,HRC,COIL,11513:2017,BIS,cr3,72083990,N,7.453,33287376,MATCHED
2000,R_HR_CO,Hot Rolled Black Coil,26CJ0183R0,27.335,2001,2.2,1230,0011000144,JSW Vijayanagar Metallics Limited,26228330,5000094628,4600000252,50,14-02-26,101,HRC,COIL,11513:2017,BIS,cr3,72083990,N,7.453,74344690,MATCHED
2000,R_HR_CO,Hot Rolled Black Coil,26CJ0184R0,27.22,2001,2.2,1230,0011000144,JSW Vijayanagar Metallics Limited,26228426,5000094635,4600000258,10,27-02-26,101,HRC,COIL,11513:2017,BIS,cr3,72083990,N,7.453,76536604,MATCHED
2000,R_HR_CO,Hot Rolled Black Coil,26CJ0185R0,27.25,2001,2.5,1230,0011000144,JSW Vijayanagar Metallics Limited,26228326,5000094636,4600000258,20,27-02-26,101,HRC,COIL,11513:2017,BIS,cr3,72083990,N,7.453,79702283,MATCHED
2000,R_HR_CO,Hot Rolled Black Coil,26CJ0186R0,27.2,2001,2.2,1230,0011000144,JSW Vijayanagar Metallics Limited,26228223,5000094637,4600000252,50,14-02-26,101,HRC,COIL,11513:2017,BIS,cr3,72083990,N,7.453,94374797,MATCHED
2000,R_HR_CO,Hot Rolled Black Coil,26CJ0187R0,27.395,2001,2.2,1230,0011000144,JSW Vijayanagar Metallics Limited,26227129,5000094639,4600000258,10,27-02-26,101,HRC,COIL,11513:2017,BIS,cr3,72083990,N,7.453,77297792,MATCHED
2000,R_HR_CO,Hot Rolled Black Coil,26CJ0188R0,27.16,2001,2.5,1230,0011000144,JSW Vijayanagar Metallics Limited,26228583,5000094640,4600000252,70,14-02-26,101,HRC,COIL,11513:2017,BIS,cr3,72083990,N,7.453,19949084,MATCHED
2000,R_HR_CO,Hot Rolled Black Coil,26CJ0189R0,27.125,2001,2,1235,0011000144,JSW Vijayanagar Metallics Limited,26228343,5000094641,4600000258,30,27-02-26,101,HRC,COIL,11513:2017,BIS,cr3,72083990,N,7.453,17869251,MATCHED
2000,R_HR_CO,Hot Rolled Black Coil,26CJ0194R0,27.26,2001,2.2,1230,0011000144,JSW Vijayanagar Metallics Limited,26228445,5000094674,4600000252,50,14-02-26,101,HRC,COIL,11513:2017,BIS,cr3,72083990,N,7.453,40755761,MATCHED
2000,R_HR_CO,Hot Rolled Black Coil,26CJ0195R0,27.215,2001,2.2,1230,0011000144,JSW Vijayanagar Metallics Limited,26228224,5000094675,4600000252,50,14-02-26,101,HRC,COIL,11513:2017,BIS,cr3,72083990,N,7.453,38504529,MATCHED
2000,R_HR_CO,Hot Rolled Black Coil,26CJ0196R0,27.39,2001,2.2,1230,0011000144,JSW Vijayanagar Metallics Limited,26227130,5000094677,4600000258,10,27-02-26,101,HRC,COIL,11513:2017,BIS,cr3,72083990,N,7.453,90932811,MATCHED
2000,R_HR_CO,Hot Rolled Black Coil,26CJ0197R0,27.145,2001,2.2,1230,0011000144,JSW Vijayanagar Metallics Limited,26228427,5000094679,4600000258,10,27-02-26,101,HRC,COIL,11513:2017,BIS,cr3,72083990,N,7.453,90927955,MATCHED
2000,R_HR_CO,Hot Rolled Black Coil,26CJ0198R0,27.295,2001,2.5,1230,0011000144,JSW Vijayanagar Metallics Limited,26228515,5000094680,4600000258,20,27-02-26,101,HRC,COIL,11513:2017,BIS,cr3,72083990,N,7.453,71759526,MATCHED
2000,R_HR_CO,Hot Rolled Black Coil,26CJ0205R0,25.4,2001,2.5,1230,0011000144,JSW Vijayanagar Metallics Limited,26227606,5000094691,4600000258,20,27-02-26,101,HRC,COIL,11513:2017,BIS,cr3,72083990,N,7.453,70288523,MATCHED
2000,R_HR_CO,Hot Rolled Black Coil,26CJ0206R0,23.715,2001,2.2,1230,0011000144,JSW Vijayanagar Metallics Limited,26228114,5000094693,4600000258,10,27-02-26,101,HRC,COIL,11513:2017,BIS,cr3,72083990,N,7.453,10755353,MATCHED
2000,R_HR_CO,Hot Rolled Black Coil,26CJ0207R0,27.26,2001,2,1235,0011000144,JSW Vijayanagar Metallics Limited,26228436,5000094694,4600000258,30,27-02-26,101,HRC,COIL,11513:2017,BIS,cr3,72083990,N,7.453,91220173,MATCHED
2000,R_HR_CO,Hot Rolled Black Coil,26CJ0208R0,27.345,2001,2.2,1230,0011000144,JSW Vijayanagar Metallics Limited,26228431,5000094695,4600000258,10,27-02-26,101,HRC,COIL,11513:2017,BIS,cr3,72083990,N,7.453,60699688,MATCHED
2000,R_HR_CO,Hot Rolled Black Coil,26CJ0209R0,27.26,2001,2.5,1230,0011000144,JSW Vijayanagar Metallics Limited,26228216,5000094696,4600000258,20,27-02-26,101,HRC,COIL,11513:2017,BIS,cr3,72083990,N,7.453,18904028,MATCHED
2000,R_HR_CO,Hot Rolled Black Coil,26CJ0211R0,27.245,2001,2,1235,11000144,JVML-VJNR,26228332,5000094706,4600000258,30,07-03-26,101,HRC,COIL,11513:2017,BIS,cr3,72083990,N,7.453,43135061,MATCHED
2000,R_HR_CO,Hot Rolled Black Coil,26CJ0212R0,27.155,2001,2,1235,0011000144,JSW Vijayanagar Metallics Limited,26228441,5000094709,4600000258,30,27-02-26,101,HRC,COIL,11513:2017,BIS,cr3,72083990,N,7.453,76423170,MATCHED
2000,R_HR_CO,Hot Rolled Black Coil,26CJ0213R0,27.25,2001,2.5,1230,0011000144,JSW Vijayanagar Metallics Limited,26228217,5000094714,4600000258,20,27-02-26,101,HRC,COIL,11513:2017,BIS,cr3,72083990,N,7.453,70567746,MATCHED
2000,R_HR_CO,Hot Rolled Black Coil,26CJ0214R0,27.18,2001,2,1235,0011000144,JSW Vijayanagar Metallics Limited,26228116,5000094715,4600000258,30,27-02-26,101,HRC,COIL,11513:2017,BIS,cr3,72083990,N,7.453,61905813,MATCHED
2000,R_HR_CO,Hot Rolled Black Coil,26CJ0231R0,24.42,2001,2.2,1230,0011000144,JSW Vijayanagar Metallics Limited,26227930,5000094767,4600000252,50,14-02-26,101,HRC,COIL,11513:2017,BIS,cr3,72083990,N,7.453,92643151,MATCHED
2000,R_HR>3MM_CO,Hot Rolled Black Coil 3mm & Above,26CJ0257R0,24.56,2001,3,1230,0011000144,JSW Vijayanagar Metallics Limited,26226687,5000094812,4600000268,10,07-03-26,101,HRC,COIL,11513:2017,BIS,cr2,72083890,N,7.453,21120066,MATCHED
2000,R_HR>3MM_CO,Hot Rolled Black Coil 3mm & Above,26CJ0258R0,25.49,2001,3.6,1265,0011000144,JSW Vijayanagar Metallics Limited,26227889,5000094813,4600000268,20,07-03-26,101,HRC,COIL,11513:2017,BIS,cr3,72083890,N,7.453,29138083,MATCHED
2000,R_HR>3MM_CO,Hot Rolled Black Coil 3mm & Above,26CJ0259R0,26.395,2001,3,1230,0011000144,JSW Vijayanagar Metallics Limited,26228113,5000094814,4600000268,10,07-03-26,101,HRC,COIL,11513:2017,BIS,cr2,72083890,N,7.453,36215476,MATCHED
2000,R_HR_CO,Hot Rolled Black Coil,26CJ0260R0,24.81,2001,2,1235,0011000144,JSW Vijayanagar Metallics Limited,26222689,5000094815,4600000268,30,07-03-26,101,HRC,COIL,11513:2017,BIS,cr3,72083990,N,7.453,50926920,MATCHED
2000,R_HR_CO,Hot Rolled Black Coil,26CJ0291R0,27.09,2001,2.8,1275,0011000144,JSW Vijayanagar Metallics Limited,26228518,5000094899,4600000252,110,05-02-26,101,HRC,COIL,11513:2017,BIS,cr2,72083990,N,7.453,24485380,MATCHED
2000,R_HR_CO,Hot Rolled Black Coil,26CJ0292R0,27.255,2001,2.2,1230,0011000144,JSW Vijayanagar Metallics Limited,26230276,5000094901,4600000252,50,14-02-26,101,HRC,COIL,11513:2017,BIS,cr3,72083990,N,7.453,89147900,MATCHED
2000,R_HR_CO,Hot Rolled Black Coil,26CJ0293R0,27.2,2001,2.2,1230,0011000144,JSW Vijayanagar Metallics Limited,26228212,5000094903,4600000252,50,14-02-26,101,HRC,COIL,11513:2017,BIS,cr3,72083990,N,7.453,62513351,MATCHED
2000,R_HR_CO,Hot Rolled Black Coil,26CJ0294R0,27.185,2001,2.5,1230,0011000144,JSW Vijayanagar Metallics Limited,26229410,5000094904,4600000258,20,27-02-26,101,HRC,COIL,11513:2017,BIS,cr3,72083990,N,7.453,17980414,MATCHED
2000,R_HR_CO,Hot Rolled Black Coil,26CJ0295R0,23.725,2001,2.2,1230,0011000144,JSW Vijayanagar Metallics Limited,26229701,5000094906,4600000258,10,27-02-26,101,HRC,COIL,11513:2017,BIS,cr3,72083990,N,7.453,99486204,MATCHED
2000,R_HR_CO,Hot Rolled Black Coil,26CJ0296R0,27.28,2001,2.2,1230,0011000144,JSW Vijayanagar Metallics Limited,26228428,5000094905,4600000258,10,27-02-26,101,HRC,COIL,11513:2017,BIS,cr3,72083990,N,7.453,19910696,MATCHED
2000,R_HR_CO,Hot Rolled Black Coil,26CJ0297R0,27.47,2001,2.8,1275,0011000144,JSW Vijayanagar Metallics Limited,26230344,5000094907,4600000252,110,05-02-26,101,HRC,COIL,11513:2017,BIS,cr2,72083990,N,7.453,26686752,MATCHED
2000,R_HR_CO,Hot Rolled Black Coil,26CJ0298R0,27.335,2001,2.2,1230,0011000144,JSW Vijayanagar Metallics Limited,26228524,5000094908,4600000252,50,14-02-26,101,HRC,COIL,11513:2017,BIS,cr3,72083990,N,7.453,49853743,MATCHED
2000,R_HR_CO,Hot Rolled Black Coil,26CJ0299R0,27.25,2001,2.2,1230,0011000144,JSW Vijayanagar Metallics Limited,26228521,5000094910,4600000252,50,14-02-26,101,HRC,COIL,11513:2017,BIS,cr3,72083990,N,7.453,41961818,MATCHED
2000,R_HR_CO,Hot Rolled Black Coil,26CJ0300R0,27.305,2001,2.8,1275,0011000144,JSW Vijayanagar Metallics Limited,26230578,5000094911,4600000252,110,05-02-26,101,HRC,COIL,11513:2017,BIS,cr2,72083990,N,7.453,20349756,MATCHED
2000,R_HR_CO,Hot Rolled Black Coil,26CJ0301R0,25.68,2001,2.5,1230,0011000144,JSW Vijayanagar Metallics Limited,26229407,5000094912,4600000258,20,27-02-26,101,HRC,COIL,11513:2017,BIS,cr3,72083990,N,7.453,70585010,MATCHED
2000,R_HR_CO,Hot Rolled Black Coil,26CJ0302R0,26.25,2001,2.2,1230,0011000144,JSW Vijayanagar Metallics Limited,26228518,5000094914,4600000252,50,14-02-26,101,HRC,COIL,11513:2017,BIS,cr3,72083990,N,7.453,41529808,MATCHED
2000,R_HR_CO,Hot Rolled Black Coil,26CJ0303R0,24.57,2001,2.8,1275,0011000144,JSW Vijayanagar Metallics Limited,26228878,5000094915,4600000252,110,05-02-26,101,HRC,COIL,11513:2017,BIS,cr2,72083990,N,7.453,11527110,MATCHED
2000,R_HR>3MM_CO,Hot Rolled Black Coil 3mm & Above,26CJ0304R0,27.335,2001,3,1260,0011000144,JSW Vijayanagar Metallics Limited,26230460,5000094916,4600000252,150,05-02-26,101,HRC,COIL,11513:2017,BIS,cr2,72083890,N,7.453,80891220,MATCHED
2000,R_HR>3MM_CO,Hot Rolled Black Coil 3mm & Above,26CJ0305R0,27.295,2001,3,1260,0011000144,JSW Vijayanagar Metallics Limited,26230456,5000094917,4600000252,150,05-02-26,101,HRC,COIL,11513:2017,BIS,cr2,72083890,N,7.453,71033999,MATCHED
2000,R_HR>3MM_CO,Hot Rolled Black Coil 3mm & Above,26CJ0306R0,27.36,2001,3,1260,0011000144,JSW Vijayanagar Metallics Limited,26230556,5000094918,4600000252,150,05-02-26,101,HRC,COIL,11513:2017,BIS,cr2,72083890,N,7.453,23342566,MATCHED
2000,R_HR_CO,Hot Rolled Black Coil,26CJ0307R0,27.235,2001,2.2,1230,0011000144,JSW Vijayanagar Metallics Limited,26228987,5000094919,4600000258,10,27-02-26,101,HRC,COIL,11513:2017,BIS,cr3,72083990,N,7.453,91574599,MATCHED
2000,R_HR>3MM_CO,Hot Rolled Black Coil 3mm & Above,26CJ0308R0,27.385,2001,3,1260,0011000144,JSW Vijayanagar Metallics Limited,26230459,5000094920,4600000252,150,05-02-26,101,HRC,COIL,11513:2017,BIS,cr2,72083890,N,7.453,24776511,MATCHED
2000,R_HR_CO,Hot Rolled Black Coil,26CJ0309R0,25.66,2001,2.5,1230,0011000144,JSW Vijayanagar Metallics Limited,26229409,5000094921,4600000258,20,27-02-26,101,HRC,COIL,11513:2017,BIS,cr3,72083990,N,7.453,85134474,MATCHED
2000,R_HR>3MM_CO,Hot Rolled Black Coil 3mm & Above,26CJ0310R0,23.19,2001,3,1265,0011000144,JSW Vijayanagar Metallics Limited,26214937,5000094922,4600000270,180,05-02-26,101,HRC,COIL,11513:2017,BIS,cr3,72083890,N,7.453,10529580,MATCHED
2000,R_HR_CO,Hot Rolled Black Coil,26CJ0311R0,19.08,2001,2,1015,0011000144,JSW Vijayanagar Metallics Limited,26230442,5000094923,4600000270,50,18-02-26,101,HRC,COIL,11513:2017,BIS,cr3,72083990,N,7.453,17492564,MATCHED
2000,R_HR_CO,Hot Rolled Black Coil,26CJ0312R0,20.86,2001,2,1015,0011000144,JSW Vijayanagar Metallics Limited,26230450,5000094924,4600000270,50,18-02-26,101,HRC,COIL,11513:2017,BIS,cr3,72083990,N,7.453,85077738,MATCHED
2000,R_HR_CO,Hot Rolled Black Coil,26CJ0313R0,21.13,2001,2,1080,0011000144,JSW Vijayanagar Metallics Limited,26230433,5000094925,4600000270,150,09-03-26,101,HRC,COIL,11513:2017,BIS,cr3,72083990,N,7.453,19081487,MATCHED
2000,R_HR_CO,Hot Rolled Black Coil,26CJ0314R0,21.18,2001,2,1080,0011000144,JSW Vijayanagar Metallics Limited,26230535,5000094926,4600000270,150,09-03-26,101,HRC,COIL,11513:2017,BIS,cr3,72083990,N,7.453,56951330,MATCHED
2000,R_HR_CO,Hot Rolled Black Coil,26CJ0315R0,20.98,2001,2,1080,0011000144,JSW Vijayanagar Metallics Limited,26230536,5000094928,4600000270,150,09-03-26,101,HRC,COIL,11513:2017,BIS,cr3,72083990,N,7.453,77164714,MATCHED
2000,R_HR_CO,Hot Rolled Black Coil,26CJ0316R0,20.94,2001,2,1015,0011000144,JSW Vijayanagar Metallics Limited,26230452,5000094929,4600000270,50,18-02-26,101,HRC,COIL,11513:2017,BIS,cr3,72083990,N,7.453,60828005,MATCHED
2000,R_HR_CO,Hot Rolled Black Coil,26CJ0317R0,21.17,2001,2,1015,0011000144,JSW Vijayanagar Metallics Limited,26230545,5000094930,4600000270,50,18-02-26,101,HRC,COIL,11513:2017,BIS,cr3,72083990,N,7.453,96527836,MATCHED
2000,R_HR_CO,Hot Rolled Black Coil,26CJ0318R0,20.725,2001,2,1015,0011000144,JSW Vijayanagar Metallics Limited,26230540,5000094932,4600000270,50,18-02-26,101,HRC,COIL,11513:2017,BIS,cr3,72083990,N,7.453,22048833,MATCHED
2000,R_HR_CO,Hot Rolled Black Coil,26CJ0319R0,23.575,RC01,2.2,1230,0011000144,JSW Vijayanagar Metallics Limited,26229703,5000094934,4600000258,10,27-02-26,101,HRC,COIL,11513:2017,BIS,cr3,72083990,N,7.453,60752124,MATCHED
2000,R_HR_CO,Hot Rolled Black Coil,26CJ0320R0,27.685,2001,2.2,1230,0011000144,JSW Vijayanagar Metallics Limited,26228584,5000094936,4600000258,10,27-02-26,101,HRC,COIL,11513:2017,BIS,cr3,72083990,N,7.453,30804544,MATCHED
2000,R_HR_CO,Hot Rolled Black Coil,26CJ0321R0,27.345,2001,2.2,1230,0011000144,JSW Vijayanagar Metallics Limited,26230257,5000094942,4600000258,10,27-02-26,101,HRC,COIL,11513:2017,BIS,cr3,72083990,N,7.453,89364640,MATCHED
2000,R_HR_CO,Hot Rolled Black Coil,26CJ0322R0,27.38,2001,2.8,1275,0011000144,JSW Vijayanagar Metallics Limited,26230568,5000094943,4600000252,110,05-02-26,101,HRC,COIL,11513:2017,BIS,cr2,72083990,N,7.453,44827820,MATCHED
2000,R_HR_CO,Hot Rolled Black Coil,26CJ0323R0,21.145,2001,2,1015,0011000144,JSW Vijayanagar Metallics Limited,26230544,5000094944,4600000270,50,18-02-26,101,HRC,COIL,11513:2017,BIS,cr3,72083990,N,7.453,74560445,MATCHED
2000,R_HR_CO,Hot Rolled Black Coil,26CJ0324R0,20.945,2001,2.2,1015,0011000144,JSW Vijayanagar Metallics Limited,26230538,5000094945,4600000270,30,18-02-26,101,HRC,COIL,11513:2017,BIS,cr3,72083990,N,7.453,96684924,MATCHED
2000,R_HR_CO,Hot Rolled Black Coil,26CJ0325R0,21.125,2001,2,1080,0011000144,JSW Vijayanagar Metallics Limited,26230532,5000094946,4600000270,150,09-03-26,101,HRC,COIL,11513:2017,BIS,cr3,72083990,N,7.453,69993519,MATCHED
2000,R_HR_CO,Hot Rolled Black Coil,26CJ0326R0,21.155,2001,2,1080,0011000144,JSW Vijayanagar Metallics Limited,26230533,5000094947,4600000270,150,09-03-26,101,HRC,COIL,11513:2017,BIS,cr3,72083990,N,7.453,96809751,MATCHED
2000,R_HR_CO,Hot Rolled Black Coil,26CJ0327R0,27.3,2001,2.8,1275,0011000144,JSW Vijayanagar Metallics Limited,26230569,5000094948,4600000252,110,05-02-26,101,HRC,COIL,11513:2017,BIS,cr2,72083990,N,7.453,27885915,MATCHED
2000,R_HR_CO,Hot Rolled Black Coil,26CJ0328R0,18.925,2001,2,1015,0011000144,JSW Vijayanagar Metallics Limited,26230441,5000094949,4600000270,50,18-02-26,101,HRC,COIL,11513:2017,BIS,cr3,72083990,N,7.453,10468396,MATCHED
2000,R_HR>3MM_CO,Hot Rolled Black Coil 3mm & Above,26CJ0329R0,27.465,2001,3,1260,0011000144,JSW Vijayanagar Metallics Limited,26230455,5000094950,4600000252,150,05-02-26,101,HRC,COIL,11513:2017,BIS,cr2,72083890,N,7.453,14528555,MATCHED
2000,R_HR_CO,Hot Rolled Black Coil,26CJ0330R0,27.305,2001,2.2,1230,0011000144,JSW Vijayanagar Metallics Limited,26230243,5000094951,4600000258,10,27-02-26,101,HRC,COIL,11513:2017,BIS,cr3,72083990,N,7.453,25135611,MATCHED
2000,R_HR_CO,Hot Rolled Black Coil,26CJ0331R0,19.015,2001,2,1015,0011000144,JSW Vijayanagar Metallics Limited,26230444,5000094952,4600000270,50,18-02-26,101,HRC,COIL,11513:2017,BIS,cr3,72083990,N,7.453,28652724,MATCHED
2000,R_HR_CO,Hot Rolled Black Coil,26CJ0332R0,27.09,2001,2,1235,0011000144,JSW Vijayanagar Metallics Limited,26228340,5000094953,4600000261,20,02-03-26,101,HRC,COIL,11513:2017,BIS,cr3,72083990,N,7.453,14292621,MATCHED
2000,R_HR_CO,Hot Rolled Black Coil,26CJ0333R0,21.04,2001,2,1015,0011000144,JSW Vijayanagar Metallics Limited,26230548,5000094954,4600000270,50,18-02-26,101,HRC,COIL,11513:2017,BIS,cr3,72083990,N,7.453,61375785,MATCHED
2000,R_HR_CO,Hot Rolled Black Coil,26CJ0334R0,20.825,2001,2,1015,0011000144,JSW Vijayanagar Metallics Limited,26230539,5000094955,4600000270,50,18-02-26,101,HRC,COIL,11513:2017,BIS,cr3,72083990,N,7.453,74783441,MATCHED
2000,R_HR_CO,Hot Rolled Black Coil,26CJ0335R0,27.28,2001,2.2,1230,0011000144,JSW Vijayanagar Metallics Limited,26228520,5000094956,4600000252,50,14-02-26,101,HRC,COIL,11513:2017,BIS,cr3,72083990,N,7.453,90504717,MATCHED
2000,R_HR_CO,Hot Rolled Black Coil,26CJ0336R0,27.43,2001,2.2,1230,0011000144,JSW Vijayanagar Metallics Limited,26230356,5000094957,4600000252,50,14-02-26,101,HRC,COIL,11513:2017,BIS,cr3,72083990,N,7.453,56051034,MATCHED
2000,R_HR_CO,Hot Rolled Black Coil,26CJ0337R0,27.25,RC01,2.2,1230,0011000144,JSW Vijayanagar Metallics Limited,26228516,5000094995,4600000252,50,14-02-26,101,HRC,COIL,11513:2017,BIS,cr3,72083990,N,7.453,23224289,MATCHED
2000,R_HR_CO,Hot Rolled Black Coil,26CJ0338R0,27.155,2001,2.2,1230,0011000144,JSW Vijayanagar Metallics Limited,26228446,5000094996,4600000252,50,14-02-26,101,HRC,COIL,11513:2017,BIS,cr3,72083990,N,7.453,61846108,MATCHED
2000,R_HR_CO,Hot Rolled Black Coil,26CJ0339R0,27.37,2001,2.2,1230,0011000144,JSW Vijayanagar Metallics Limited,26230357,5000095000,4600000252,50,14-02-26,101,HRC,COIL,11513:2017,BIS,cr3,72083990,N,7.453,80418213,MATCHED
2000,R_HR_CO,Hot Rolled Black Coil,26CJ0340R0,27.235,2001,2.5,1230,0011000144,JSW Vijayanagar Metallics Limited,26228580,5000095001,4600000252,70,14-02-26,101,HRC,COIL,11513:2017,BIS,cr3,72083990,N,7.453,10586451,MATCHED
2000,R_HR_CO,Hot Rolled Black Coil,26CJ0341R0,27.03,2001,2,1235,0011000144,JSW Vijayanagar Metallics Limited,26228337,5000095003,4600000261,20,02-03-26,101,HRC,COIL,11513:2017,BIS,cr3,72083990,N,7.453,61888773,MATCHED
2000,R_HR_CO,Hot Rolled Black Coil,26CJ0342R0,21.095,2001,2,1080,0011000144,JSW Vijayanagar Metallics Limited,26230430,5000095004,4600000270,150,09-03-26,101,HRC,COIL,11513:2017,BIS,cr3,72083990,N,7.453,55138774,MATCHED
2000,R_HR>3MM_CO,Hot Rolled Black Coil 3mm & Above,26CJ0343R0,27.305,2001,3,1260,0011000144,JSW Vijayanagar Metallics Limited,26230457,5000095005,4600000252,150,05-02-26,101,HRC,COIL,11513:2017,BIS,cr2,72083890,N,7.453,81739648,MATCHED
2000,R_HR>3MM_CO,Hot Rolled Black Coil 3mm & Above,26CJ0344R0,27.28,2001,3,1260,0011000144,JSW Vijayanagar Metallics Limited,26230557,5000095006,4600000252,150,05-02-26,101,HRC,COIL,11513:2017,BIS,cr2,72083890,N,7.453,65191216,MATCHED
2000,R_HR_CO,Hot Rolled Black Coil,26CJ0345R0,27.255,2001,2.2,1230,0011000144,JSW Vijayanagar Metallics Limited,26230259,5000095019,4600000270,160,09-03-26,101,HRC,COIL,11513:2017,BIS,cr3,72083990,N,7.453,64971452,MATCHED
2000,R_HR_CO,Hot Rolled Black Coil,26CJ0346R0,27.21,RC01,2.2,1230,0011000144,JSW Vijayanagar Metallics Limited,26230245,5000095020,4600000270,160,09-03-26,101,HRC,COIL,11513:2017,BIS,cr3,72083990,N,7.453,18029514,MATCHED
2000,R_HR_CO,Hot Rolled Black Coil,26CJ0347R0,27.325,2001,2.2,1230,0011000144,JSW Vijayanagar Metallics Limited,26230271,5000095021,4600000252,50,14-02-26,101,HRC,COIL,11513:2017,BIS,cr3,72083990,N,7.453,29507247,MATCHED
2000,R_HR_CO,Hot Rolled Black Coil,26CJ0348R0,27.31,2001,2.2,1230,0011000144,JSW Vijayanagar Metallics Limited,26230269,5000095022,4600000252,50,14-02-26,101,HRC,COIL,11513:2017,BIS,cr3,72083990,N,7.453,57333647,MATCHED
2000,R_HR_CO,Hot Rolled Black Coil,26CJ0349R0,27.315,2001,2.2,1230,0011000144,JSW Vijayanagar Metallics Limited,26228582,5000095023,4600000270,160,09-03-26,101,HRC,COIL,11513:2017,BIS,cr3,72083990,N,7.453,36975703,MATCHED
2000,R_HR_CO,Hot Rolled Black Coil,26CJ0350R0,27.155,2001,2.2,1230,0011000144,JSW Vijayanagar Metallics Limited,26228429,5000095050,4600000258,10,27-02-26,101,HRC,COIL,11513:2017,BIS,cr3,72083990,N,7.453,20257006,MATCHED
2000,R_HR_CO,Hot Rolled Black Coil,26CJ0351R0,27.36,2001,2.2,1230,0011000144,JSW Vijayanagar Metallics Limited,26230255,5000095052,4600000258,10,27-02-26,101,HRC,COIL,11513:2017,BIS,cr3,72083990,N,7.453,15936481,MATCHED
2000,R_HR_CO,Hot Rolled Black Coil,26CJ0352R0,27.405,2001,2.2,1230,0011000144,JSW Vijayanagar Metallics Limited,26228448,5000095056,4600000252,50,14-02-26,101,HRC,COIL,11513:2017,BIS,cr3,72083990,N,7.453,41611682,MATCHED
2000,R_HR_CO,Hot Rolled Black Coil,26CJ0353R0,27.435,2001,2.2,1230,0011000144,JSW Vijayanagar Metallics Limited,26230354,5000095058,4600000252,50,14-02-26,101,HRC,COIL,11513:2017,BIS,cr3,72083990,N,7.453,50308413,MATCHED
2000,R_HR_CO,Hot Rolled Black Coil,26CJ0354R0,27.48,2001,2.8,1275,0011000144,JSW Vijayanagar Metallics Limited,26230346,5000095059,4600000252,110,05-02-26,101,HRC,COIL,11513:2017,BIS,cr2,72083990,N,7.453,46851641,MATCHED
2000,R_HR_CO,Hot Rolled Black Coil,26CJ0355R0,26.375,2001,2.2,1230,0011000144,JSW Vijayanagar Metallics Limited,26228902,5000095060,4600000252,50,14-02-26,101,HRC,COIL,11513:2017,BIS,cr3,72083990,N,7.453,87131795,MATCHED
2000,R_HR>3MM_CO,Hot Rolled Black Coil 3mm & Above,26CJ0356R0,27.365,2001,3,1260,0011000144,JSW Vijayanagar Metallics Limited,26230461,5000095061,4600000252,150,05-02-26,101,HRC,COIL,11513:2017,BIS,cr2,72083890,N,7.453,30019678,MATCHED
2000,R_HR_CO,Hot Rolled Black Coil,26CJ0357R0,18.18,2001,2,1080,0011000144,JSW Vijayanagar Metallics Limited,26230438,5000095062,4600000270,150,09-03-26,101,HRC,COIL,11513:2017,BIS,cr3,72083990,N,7.453,37577727,MATCHED
2000,R_HR_CO,Hot Rolled Black Coil,26CJ0358R0,27.405,2001,2.2,1230,0011000144,JSW Vijayanagar Metallics Limited,26230275,5000095063,4600000252,50,14-02-26,101,HRC,COIL,11513:2017,BIS,cr3,72083990,N,7.453,66776059,MATCHED
2000,R_HR_CO,Hot Rolled Black Coil,26CJ0359R0,27.305,2001,2.2,1230,0011000144,JSW Vijayanagar Metallics Limited,26230274,5000095064,4600000252,50,14-02-26,101,HRC,COIL,11513:2017,BIS,cr3,72083990,N,7.453,66238551,MATCHED
2000,R_HR_CO,Hot Rolled Black Coil,26CJ0360R0,27.185,2001,2.2,1230,0011000144,JSW Vijayanagar Metallics Limited,26230244,5000095082,4600000261,10,02-03-26,101,HRC,COIL,11513:2017,BIS,cr3,72083990,N,7.453,23661328,MATCHED
2000,R_HR_CO,Hot Rolled Black Coil,26CJ0361R0,27.365,2001,2.2,1230,0011000144,JSW Vijayanagar Metallics Limited,26230261,5000095084,4600000261,10,02-03-26,101,HRC,COIL,11513:2017,BIS,cr3,72083990,N,7.453,67665775,MATCHED
2000,R_HR_CO,Hot Rolled Black Coil,26CJ0362R0,27.22,2001,2.5,1230,0011000144,JSW Vijayanagar Metallics Limited,26228315,5000095098,4600000258,20,27-02-26,101,HRC,COIL,11513:2017,BIS,cr3,72083990,N,7.453,13229564,MATCHED
2000,R_HR_CO,Hot Rolled Black Coil,26CJ0363R0,27.36,2001,2,1235,0011000144,JSW Vijayanagar Metallics Limited,26228531,5000095101,4600000261,20,02-03-26,101,HRC,COIL,11513:2017,BIS,cr3,72083990,N,7.453,48030944,MATCHED
2000,R_HR_CO,Hot Rolled Black Coil,26CJ0364R0,21.125,2001,2,1080,0011000144,JSW Vijayanagar Metallics Limited,26230432,5000095102,4600000270,150,09-03-26,101,HRC,COIL,11513:2017,BIS,cr3,72083990,N,7.453,46432128,MATCHED
2000,R_HR_CO,Hot Rolled Black Coil,26CJ0365R0,18.155,2001,2,1080,0011000144,JSW Vijayanagar Metallics Limited,26230439,5000095103,4600000270,150,09-03-26,101,HRC,COIL,11513:2017,BIS,cr3,72083990,N,7.453,37704234,MATCHED
2000,R_HR_CO,Hot Rolled Black Coil,26CJ0366R0,27.4,2001,2.2,1230,0011000144,JSW Vijayanagar Metallics Limited,26230358,5000095128,4600000270,170,09-03-26,101,HRC,COIL,11513:2017,BIS,cr3,72083990,N,7.453,25673541,MATCHED
2000,R_HR_CO,Hot Rolled Black Coil,26CJ0367R0,27.245,RC01,2.2,1230,0011000144,JSW Vijayanagar Metallics Limited,26228586,5000095129,4600000261,10,02-03-26,101,HRC,COIL,11513:2017,BIS,cr3,72083990,N,7.453,87903469,MATCHED
2000,R_HR_CO,Hot Rolled Black Coil,26CJ0368R0,21.025,2001,2,1015,0011000144,JSW Vijayanagar Metallics Limited,26230546,5000095131,4600000270,50,18-02-26,101,HRC,COIL,11513:2017,BIS,cr3,72083990,N,7.453,71605027,MATCHED
2000,R_HR_CO,Hot Rolled Black Coil,26CJ0369R0,27.3,RC01,2.2,1230,0011000144,JSW Vijayanagar Metallics Limited,26230268,5000095134,4600000270,170,09-03-26,101,HRC,COIL,11513:2017,BIS,cr3,72083990,N,7.453,17962863,MATCHED
2000,R_HR_CO,Hot Rolled Black Coil,26CJ0370R0,20.81,2001,2,1015,0011000144,JSW Vijayanagar Metallics Limited,26230543,5000095138,4600000270,50,18-02-26,101,HRC,COIL,11513:2017,BIS,cr3,72083990,N,7.453,47046868,MATCHED
2000,R_HR_CO,Hot Rolled Black Coil,26CJ0371R0,27.42,RC01,2.2,1230,0011000144,JSW Vijayanagar Metallics Limited,26230262,5000095140,4600000261,10,02-03-26,101,HRC,COIL,11513:2017,BIS,cr3,72083990,N,7.453,66354894,MATCHED
2000,R_HR_CO,Hot Rolled Black Coil,26CJ0372R0,20.955,2001,2,1080,0011000144,JSW Vijayanagar Metallics Limited,26230435,5000095144,4600000270,150,09-03-26,101,HRC,COIL,11513:2017,BIS,cr3,72083990,N,7.453,41162645,MATCHED
2000,R_HR_CO,Hot Rolled Black Coil,26CJ0373R0,27.295,2001,2,1235,0011000144,JSW Vijayanagar Metallics Limited,26228440,5000095147,4600000261,20,02-03-26,101,HRC,COIL,11513:2017,BIS,cr3,72083990,N,7.453,21535920,MATCHED
2000,R_HR_CO,Hot Rolled Black Coil,26CJ0374R0,21.115,2001,2,1080,0011000144,JSW Vijayanagar Metallics Limited,26230431,5000095153,4600000270,150,09-03-26,101,HRC,COIL,11513:2017,BIS,cr3,72083990,N,7.453,74847678,MATCHED
2000,R_HR_CO,Hot Rolled Black Coil,26CJ0375R0,27.19,2001,2,1235,0011000144,JSW Vijayanagar Metallics Limited,26228438,5000095154,4600000261,20,02-03-26,101,HRC,COIL,11513:2017,BIS,cr3,72083990,N,7.453,44375465,MATCHED
2000,R_HR_CO,Hot Rolled Black Coil,26CJ0376R0,27.27,2001,2,1235,0011000144,JSW Vijayanagar Metallics Limited,26228527,5000095158,4600000261,20,02-03-26,101,HRC,COIL,11513:2017,BIS,cr3,72083990,N,7.453,84417290,MATCHED
2000,R_HR_CO,Hot Rolled Black Coil,26CJ0377R0,26.025,2001,2.2,1230,0011000144,JSW Vijayanagar Metallics Limited,26228522,5000095169,4600000252,50,14-02-26,101,HRC,COIL,11513:2017,BIS,cr3,72083990,N,7.453,52114196,MATCHED
2000,R_HR_CO,Hot Rolled Black Coil,26CJ0378R0,27.405,2001,2.2,1230,0011000144,JSW Vijayanagar Metallics Limited,26230251,5000095171,4600000261,10,02-03-26,101,HRC,COIL,11513:2017,BIS,cr3,72083990,N,7.453,40604962,MATCHED
2000,R_HR_CO,Hot Rolled Black Coil,26CJ0379R0,27.245,2001,2.2,1230,0011000144,JSW Vijayanagar Metallics Limited,26228585,5000095173,4600000261,10,02-03-26,101,HRC,COIL,11513:2017,BIS,cr3,72083990,N,7.453,92324617,MATCHED
2000,R_HR>3MM_CO,Hot Rolled Black Coil 3mm & Above,26CJ0380R0,27.23,2001,3,1260,0011000144,JSW Vijayanagar Metallics Limited,26230564,5000095174,4600000252,150,05-02-26,101,HRC,COIL,11513:2017,BIS,cr2,72083890,N,7.453,82227205,MATCHED
2000,R_HR_CO,Hot Rolled Black Coil,26CJ0381R0,27.34,2001,2.5,1230,0011000144,JSW Vijayanagar Metallics Limited,26228581,5000095177,4600000252,70,14-02-26,101,HRC,COIL,11513:2017,BIS,cr3,72083990,N,7.453,10956948,MATCHED
2000,R_HR_CO,Hot Rolled Black Coil,26CJ0382R0,27.36,2001,2,1235,0011000144,JSW Vijayanagar Metallics Limited,26228528,5000095179,4600000261,20,02-03-26,101,HRC,COIL,11513:2017,BIS,cr3,72083990,N,7.453,75049944,MATCHED
2000,R_HR_CO,Hot Rolled Black Coil,26CJ0383R0,27.205,2001,2.2,1230,0011000144,JSW Vijayanagar Metallics Limited,26230241,5000095178,4600000261,10,02-03-26,101,HRC,COIL,11513:2017,BIS,cr3,72083990,N,7.453,12026744,MATCHED
2000,R_HR_CO,Hot Rolled Black Coil,26CJ0384R0,27.37,2001,2.2,1230,0011000144,JSW Vijayanagar Metallics Limited,26230359,5000095180,4600000252,50,14-02-26,101,HRC,COIL,11513:2017,BIS,cr3,72083990,N,7.453,32490634,MATCHED
2000,R_HR_CO,Hot Rolled Black Coil,26CJ0385R0,27.395,2001,2.2,1230,0011000144,JSW Vijayanagar Metallics Limited,26230361,5000095181,4600000252,50,14-02-26,101,HRC,COIL,11513:2017,BIS,cr3,72083990,N,7.453,79759228,MATCHED
2000,R_HR_CO,Hot Rolled Black Coil,26CJ0386R0,27.155,2001,2,1235,0011000144,JSW Vijayanagar Metallics Limited,26228335,5000095182,4600000261,20,02-03-26,101,HRC,COIL,11513:2017,BIS,cr3,72083990,N,7.453,56554090,MATCHED
2000,R_HR_CO,Hot Rolled Black Coil,26CJ0387R0,20.985,2001,2,1080,0011000144,JSW Vijayanagar Metallics Limited,26230437,5000095184,4600000270,150,09-03-26,101,HRC,COIL,11513:2017,BIS,cr3,72083990,N,7.453,35250162,MATCHED
2000,R_HR_CO,Hot Rolled Black Coil,26CJ0388R0,27.26,2001,2,1235,0011000144,JSW Vijayanagar Metallics Limited,26228442,5000095187,4600000261,20,02-03-26,101,HRC,COIL,11513:2017,BIS,cr3,72083990,N,7.453,78386383,MATCHED
2000,R_HR_CO,Hot Rolled Black Coil,26CJ0389R0,27.26,2001,2.2,1230,0011000144,JSW Vijayanagar Metallics Limited,26228444,5000095194,4600000261,10,02-03-26,101,HRC,COIL,11513:2017,BIS,cr3,72083990,N,7.453,10545975,MATCHED
2000,R_HR_CO,Hot Rolled Black Coil,26CJ0391R0,26.34,2001,2.5,1230,0011000144,JSW Vijayanagar Metallics Limited,26229408,5000095225,4600000258,20,27-02-26,101,HRC,COIL,11513:2017,BIS,cr3,72083990,N,7.453,58347381,MATCHED
2000,R_HR_CO,Hot Rolled Black Coil,26CJ0392R0,27.28,2001,2.2,1230,0011000144,JSW Vijayanagar Metallics Limited,26230270,5000095234,4600000252,50,14-02-26,101,HRC,COIL,11513:2017,BIS,cr3,72083990,N,7.453,73289183,MATCHED
2000,R_HR_CO,Hot Rolled Black Coil,26CJ0393R0,27.235,2001,2.2,1230,0011000144,JSW Vijayanagar Metallics Limited,26230272,5000095239,4600000252,50,14-02-26,101,HRC,COIL,11513:2017,BIS,cr3,72083990,N,7.453,92528387,MATCHED
2000,R_HR_CO,Hot Rolled Black Coil,26CJ0394R0,20.95,2001,2,1080,0011000144,JSW Vijayanagar Metallics Limited,26230434,5000095241,4600000270,150,09-03-26,101,HRC,COIL,11513:2017,BIS,cr3,72083990,N,7.453,13964388,MATCHED
2000,R_HR>3MM_CO,Hot Rolled Black Coil 3mm & Above,26CJ0395R0,27.155,2001,3.6,1265,0011000144,JSW Vijayanagar Metallics Limited,26228884,5000095243,4600000270,140,05-02-26,101,HRC,COIL,11513:2017,BIS,cr3,72083890,N,7.453,58543454,MATCHED
2000,R_HR_CO,Hot Rolled Black Coil,26CJ0396R0,27.525,2001,2.2,1230,0011000144,JSW Vijayanagar Metallics Limited,26230355,5000095263,4600000261,30,02-03-26,101,HRC,COIL,11513:2017,BIS,cr3,72083990,N,7.453,66950495,MATCHED
2000,R_HR_CO,Hot Rolled Black Coil,26CJ0397R0,27.21,2001,2.2,1230,0011000144,JSW Vijayanagar Metallics Limited,26228349,5000095265,4600000270,170,09-03-26,101,HRC,COIL,11513:2017,BIS,cr3,72083990,N,7.453,75602148,MATCHED
2000,R_HR_CO,Hot Rolled Black Coil,26CJ0398R0,19.065,2001,2,1015,0011000144,JSW Vijayanagar Metallics Limited,26230443,5000095264,4600000270,50,18-02-26,101,HRC,COIL,11513:2017,BIS,cr3,72083990,N,7.453,83111853,MATCHED
2000,R_HR_CO,Hot Rolled Black Coil,26CJ0399R0,27.26,2001,2.2,1230,0011000144,JSW Vijayanagar Metallics Limited,26230242,5000095266,4600000261,10,02-03-26,101,HRC,COIL,11513:2017,BIS,cr3,72083990,N,7.453,91053197,MATCHED
2000,R_HR_CO,Hot Rolled Black Coil,26CJ0400R0,27.27,2001,2,1235,0011000144,JSW Vijayanagar Metallics Limited,26228437,5000095268,4600000261,20,02-03-26,101,HRC,COIL,11513:2017,BIS,cr3,72083990,N,7.453,53428621,MATCHED
2000,R_HR>3MM_CO,Hot Rolled Black Coil 3mm & Above,26CJ0401R0,27.265,2001,3,1260,0011000144,JSW Vijayanagar Metallics Limited,26230458,5000095267,4600000252,150,05-02-26,101,HRC,COIL,11513:2017,BIS,cr2,72083890,N,7.453,96685183,MATCHED
2000,R_HR_CO,Hot Rolled Black Coil,26CJ0402R0,27.35,2001,2.2,1230,0011000144,JSW Vijayanagar Metallics Limited,26230256,5000095269,4600000257,30,24-02-26,101,HRC,COIL,11513:2017,BIS,cr3,72083990,N,7.453,59073393,MATCHED
2000,R_HR_CO,Hot Rolled Black Coil,26CJ0403R0,27.215,2001,2.8,1275,0011000144,JSW Vijayanagar Metallics Limited,26230574,5000095270,4600000252,110,05-02-26,101,HRC,COIL,11513:2017,BIS,cr2,72083990,N,7.453,43917905,MATCHED
2000,R_HR_CO,Hot Rolled Black Coil,26CJ0404R0,20.94,2001,2,1080,0011000144,JSW Vijayanagar Metallics Limited,26230436,5000095272,4600000270,150,09-03-26,101,HRC,COIL,11513:2017,BIS,cr3,72083990,N,7.453,42471994,MATCHED
2000,R_HR_CO,Hot Rolled Black Coil,26CJ0405R0,20.775,2001,2,1015,0011000144,JSW Vijayanagar Metallics Limited,26230541,5000095271,4600000270,50,18-02-26,101,HRC,COIL,11513:2017,BIS,cr3,72083990,N,7.453,75102578,MATCHED
2000,R_HR_CO,Hot Rolled Black Coil,26CJ0406R0,20.995,2001,2,1015,0011000144,JSW Vijayanagar Metallics Limited,26230547,5000095273,4600000270,50,18-02-26,101,HRC,COIL,11513:2017,BIS,cr3,72083990,N,7.453,55076914,MATCHED
2000,R_HR_CO,Hot Rolled Black Coil,26CJ0407R0,21.17,2001,2,1015,0011000144,JSW Vijayanagar Metallics Limited,26230719,5000095274,4600000270,50,18-02-26,101,HRC,COIL,11513:2017,BIS,cr3,72083990,N,7.453,15148047,MATCHED
2000,R_HR_CO,Hot Rolled Black Coil,26CJ0408R0,20.8,2001,2,1015,0011000144,JSW Vijayanagar Metallics Limited,26230542,5000095275,4600000270,50,18-02-26,101,HRC,COIL,11513:2017,BIS,cr3,72083990,N,7.453,60146742,MATCHED
2000,R_HR_CO,Hot Rolled Black Coil,26CJ0409R0,27.26,2001,2.2,1230,0011000144,JSW Vijayanagar Metallics Limited,26230273,5000095276,4600000252,50,14-02-26,101,HRC,COIL,11513:2017,BIS,cr3,72083990,N,7.453,70627637,MATCHED
2000,R_HR_CO,Hot Rolled Black Coil,26CJ0414R0,27.395,2001,2.2,1230,0011000144,JSW Vijayanagar Metallics Limited,26230360,5000095330,4600000252,50,14-02-26,101,HRC,COIL,11513:2017,BIS,cr3,72083990,N,7.453,73392182,MATCHED
2000,R_HR_CO,Hot Rolled Black Coil,26CJ0415R0,27.47,2001,2.2,1230,0011000144,JSW Vijayanagar Metallics Limited,26230260,5000095335,4600000261,10,02-03-26,101,HRC,COIL,11513:2017,BIS,cr3,72083990,N,7.453,30433990,MATCHED
2000,R_HR_CO,Hot Rolled Black Coil,26CJ0453R0,20.975,2001,2,1015,0011000144,JSW Vijayanagar Metallics Limited,26230718,5000095519,4600000273,30,18-02-26,101,HRC,COIL,11513:2017,BIS,cr3,72083990,N,7.453,88111112,MATCHED
2000,R_HR_CO,Hot Rolled Black Coil,26CJ0454R0,21.005,2001,2,1015,0011000144,JSW Vijayanagar Metallics Limited,26231345,5000095519,4600000273,30,18-02-26,101,HRC,COIL,11513:2017,BIS,cr3,72083990,N,7.453,18849179,MATCHED
2000,R_HR_CO,Hot Rolled Black Coil,26CJ0455R0,20.605,2001,2,1015,0011000144,JSW Vijayanagar Metallics Limited,26230449,5000095520,4600000273,30,18-02-26,101,HRC,COIL,11513:2017,BIS,cr3,72083990,N,7.453,34673962,MATCHED
2000,R_HR_CO,Hot Rolled Black Coil,26CJ0456R0,20.92,2001,2,1015,0011000144,JSW Vijayanagar Metallics Limited,26233398,5000095520,4600000273,30,18-02-26,101,HRC,COIL,11513:2017,BIS,cr3,72083990,N,7.453,80904469,MATCHED
2000,R_HR_CO,Hot Rolled Black Coil,26CJ0457R0,27.055,2001,2.2,1230,0011000144,JSW Vijayanagar Metallics Limited,26230253,5000095521,4600000273,100,10-03-26,101,HRC,COIL,11513:2017,BIS,cr3,72083990,N,7.453,49123050,MATCHED
2000,R_HR_CO,Hot Rolled Black Coil,26CJ0458R0,24.38,2001,2.2,1230,0011000144,JSW Vijayanagar Metallics Limited,26231651,5000095522,4600000273,100,10-03-26,101,HRC,COIL,11513:2017,BIS,cr3,72083990,N,7.453,43978663,MATCHED
2000,R_HR_CO,Hot Rolled Black Coil,26CJ0459R0,17.4,2001,2,1015,0011000144,JSW Vijayanagar Metallics Limited,26231671,5000095524,4600000273,30,18-02-26,101,HRC,COIL,11513:2017,BIS,cr3,72083990,N,7.453,88040070,MATCHED
2000,R_HR_CO,Hot Rolled Black Coil,26CJ0477R0,15.73,2001,2,1080,0011000144,JSW Vijayanagar Metallics Limited,26231196,5000095575,4600000273,110,10-03-26,101,HRC,COIL,11513:2017,BIS,cr3,72083990,N,7.453,45645844,MATCHED
2000,R_HR_CO,Hot Rolled Black Coil,26CJ0478R0,21.205,2001,2,1080,0011000144,JSW Vijayanagar Metallics Limited,26230534,5000095576,4600000273,110,10-03-26,101,HRC,COIL,11513:2017,BIS,cr3,72083990,N,7.453,25531654,MATCHED
2000,R_HR_CO,Hot Rolled Black Coil,26CJ0479R0,20.73,2001,2,1080,0011000144,JSW Vijayanagar Metallics Limited,26230537,5000095576,4600000273,110,10-03-26,101,HRC,COIL,11513:2017,BIS,cr3,72083990,N,7.453,78919362,MATCHED
2000,R_HR>3MM_CO,Hot Rolled Black Coil 3mm & Above,26CJ0507R0,27.28,2001,3,1260,0011000144,JSW Vijayanagar Metallics Limited,26230558,5000095707,4600000273,240,10-03-26,101,HRC,COIL,11513:2017,BIS,cr2,72083890,N,7.453,55104720,MATCHED
2000,R_HR>3MM_CO,Hot Rolled Black Coil 3mm & Above,26CJ0508R0,27.315,2001,3,1265,0011000144,JSW Vijayanagar Metallics Limited,26237200,5000095709,4600000273,220,10-03-26,101,HRC,COIL,11513:2017,BIS,cr3,72083890,N,7.453,94586307,MATCHED
2000,R_HR_CO,Hot Rolled Black Coil,26CJ0509R0,27.285,2001,2.8,1275,0011000144,JSW Vijayanagar Metallics Limited,26230573,5000095710,4600000273,280,16-03-26,101,HRC,COIL,11513:2017,BIS,cr2,72083990,N,7.453,38874829,MATCHED
2000,R_HR>3MM_CO,Hot Rolled Black Coil 3mm & Above,26CJ0510R0,27.41,2001,3,1265,0011000144,JSW Vijayanagar Metallics Limited,26237359,5000095711,4600000273,220,10-03-26,101,HRC,COIL,11513:2017,BIS,cr3,72083890,N,7.453,58336083,MATCHED
2000,R_HR>3MM_CO,Hot Rolled Black Coil 3mm & Above,26CJ0511R0,27.485,2001,3,1265,0011000144,JSW Vijayanagar Metallics Limited,26237173,5000095712,4600000273,220,10-03-26,101,HRC,COIL,11513:2017,BIS,cr3,72083890,N,7.453,79007231,MATCHED
2000,R_HR_CO,Hot Rolled Black Coil,26CJ0512R0,30.255,2001,2.5,1510,0011000144,JSW Vijayanagar Metallics Limited,26237540,5000095713,4600000273,180,10-03-26,101,HRC,COIL,11513:2017,BIS,cr3,72083990,N,7.453,66541128,MATCHED
2000,R_HR_CO,Hot Rolled Black Coil,26CJ0513R0,30.21,2001,2.8,1510,0011000144,JSW Vijayanagar Metallics Limited,26236780,5000095714,4600000273,210,10-03-26,101,HRC,COIL,11513:2017,BIS,cr3,72083990,N,7.453,34134339,MATCHED
2000,R_HR>3MM_CO,Hot Rolled Black Coil 3mm & Above,26CJ0514R0,27.36,2001,3.6,1260,0011000144,JSW Vijayanagar Metallics Limited,26237273,5000095715,4600000273,260,10-03-26,101,HRC,COIL,11513:2017,BIS,cr2,72083890,N,7.453,41222254,MATCHED
2000,R_HR>3MM_CO,Hot Rolled Black Coil 3mm & Above,26CJ0515R0,27.34,2001,3.6,1260,0011000144,JSW Vijayanagar Metallics Limited,26237271,5000095716,4600000273,260,10-03-26,101,HRC,COIL,11513:2017,BIS,cr2,72083890,N,7.453,91475267,MATCHED
2000,R_HR>3MM_CO,Hot Rolled Black Coil 3mm & Above,26CJ0516R0,27.425,2001,3.6,1260,0011000144,JSW Vijayanagar Metallics Limited,26237270,5000095719,4600000273,260,10-03-26,101,HRC,COIL,11513:2017,BIS,cr2,72083890,N,7.453,66936212,MATCHED
2000,R_HR_CO,Hot Rolled Black Coil,26CJ0517R0,30.37,2001,2.5,1510,0011000144,JSW Vijayanagar Metallics Limited,26237449,5000095721,4600000273,180,10-03-26,101,HRC,COIL,11513:2017,BIS,cr3,72083990,N,7.453,15342416,MATCHED
2000,R_HR>3MM_CO,Hot Rolled Black Coil 3mm & Above,26CJ0518R0,26.83,2001,3,1265,0011000144,JSW Vijayanagar Metallics Limited,26237799,5000095722,4600000273,220,10-03-26,101,HRC,COIL,11513:2017,BIS,cr3,72083890,N,7.453,23259843,MATCHED
2000,R_HR_CO,Hot Rolled Black Coil,26CJ0519R0,18.745,2001,2,1015,0011000144,JSW Vijayanagar Metallics Limited,26231670,5000095724,4600000273,30,18-02-26,101,HRC,COIL,11513:2017,BIS,cr3,72083990,N,7.453,56094633,MATCHED
2000,R_HR_CO,Hot Rolled Black Coil,26CJ0520R0,20.925,2001,2,1015,0011000144,JSW Vijayanagar Metallics Limited,26230451,5000095725,4600000273,30,18-02-26,101,HRC,COIL,11513:2017,BIS,cr3,72083990,N,7.453,36239151,MATCHED
2000,R_HR_CO,Hot Rolled Black Coil,26CJ0521R0,17.67,2001,2,1015,0011000144,JSW Vijayanagar Metallics Limited,26230448,5000095727,4600000273,30,18-02-26,101,HRC,COIL,11513:2017,BIS,cr3,72083990,N,7.453,21548356,MATCHED
2000,R_HR_CO,Hot Rolled Black Coil,26CJ0522R0,18.06,2001,2.2,1230,0011000144,JSW Vijayanagar Metallics Limited,26228030,5000095728,4600000273,100,10-03-26,101,HRC,COIL,11513:2017,BIS,cr3,72083990,N,7.453,55054051,MATCHED
2000,R_HR_CO,Hot Rolled Black Coil,26CJ0523R0,23.61,2001,2.8,1260,0011000144,JSW Vijayanagar Metallics Limited,26237327,5000095729,4600000273,200,10-03-26,101,HRC,COIL,11513:2017,BIS,cr2,72083990,N,7.453,59560478,MATCHED
2000,R_HR_CO,Hot Rolled Black Coil,26CJ0524R0,27.405,2001,2.8,1265,0011000144,JSW Vijayanagar Metallics Limited,26237178,5000095730,4600000273,190,10-03-26,101,HRC,COIL,11513:2017,BIS,cr3,72083990,N,7.453,93845842,MATCHED
2000,R_HR_CO,Hot Rolled Black Coil,26CJ0525R0,22.805,2001,2.8,1275,0011000144,JSW Vijayanagar Metallics Limited,26230679,5000095732,4600000273,280,16-03-26,101,HRC,COIL,11513:2017,BIS,cr2,72083990,N,7.453,24348130,MATCHED
2000,R_HR>3MM_CO,Hot Rolled Black Coil 3mm & Above,26CJ0526R0,27.355,2001,3,1265,0011000144,JSW Vijayanagar Metallics Limited,26237171,5000095733,4600000273,220,10-03-26,101,HRC,COIL,11513:2017,BIS,cr3,72083890,N,7.453,59038479,MATCHED
2000,R_HR_CO,Hot Rolled Black Coil,26CJ0527R0,26.935,2001,2.5,1260,0011000144,JSW Vijayanagar Metallics Limited,26237406,5000095738,4600000273,160,10-03-26,101,HRC,COIL,11513:2017,BIS,cr3,72083990,N,7.453,51466471,MATCHED
2000,R_HR_CO,Hot Rolled Black Coil,26CJ0528R0,30.22,2001,2.5,1510,0011000144,JSW Vijayanagar Metallics Limited,26237539,5000095739,4600000273,180,10-03-26,101,HRC,COIL,11513:2017,BIS,cr3,72083990,N,7.453,32526568,MATCHED
2000,R_HR>3MM_CO,Hot Rolled Black Coil 3mm & Above,26CJ0529R0,27.24,2001,3,1260,0011000144,JSW Vijayanagar Metallics Limited,26230863,5000095740,4600000273,240,10-03-26,101,HRC,COIL,11513:2017,BIS,cr2,72083890,N,7.453,97325495,MATCHED
2000,R_HR_CO,Hot Rolled Black Coil,26CJ0530R0,27.31,2001,2.2,1230,0011000144,JSW Vijayanagar Metallics Limited,26230254,5000095743,4600000273,100,10-03-26,101,HRC,COIL,11513:2017,BIS,cr3,72083990,N,7.453,49494262,MATCHED
2000,R_HR>3MM_CO,Hot Rolled Black Coil 3mm & Above,26CJ0531R0,26.635,2001,3,1265,0011000144,JSW Vijayanagar Metallics Limited,26237357,5000095747,4600000273,220,10-03-26,101,HRC,COIL,11513:2017,BIS,cr3,72083890,N,7.453,46447324,MATCHED
2000,R_HR_CO,Hot Rolled Black Coil,26CJ0532R0,17.685,2001,2,1015,0011000144,JSW Vijayanagar Metallics Limited,26230446,5000095748,4600000273,30,18-02-26,101,HRC,COIL,11513:2017,BIS,cr3,72083990,N,7.453,71932032,MATCHED
2000,R_HR_CO,Hot Rolled Black Coil,26CJ0533R0,17.66,2001,2,1015,0011000144,JSW Vijayanagar Metallics Limited,26230447,5000095750,4600000273,30,18-02-26,101,HRC,COIL,11513:2017,BIS,cr3,72083990,N,7.453,26352895,MATCHED
2000,R_HR_CO,Hot Rolled Black Coil,26CJ0534R0,27.44,2001,2.8,1260,0011000144,JSW Vijayanagar Metallics Limited,26237321,5000095752,4600000273,200,10-03-26,101,HRC,COIL,11513:2017,BIS,cr2,72083990,N,7.453,78750819,MATCHED
2000,R_HR>3MM_CO,Hot Rolled Black Coil 3mm & Above,26CJ0535R0,27.245,2001,3,1260,0011000144,JSW Vijayanagar Metallics Limited,26230562,5000095755,4600000273,240,10-03-26,101,HRC,COIL,11513:2017,BIS,cr2,72083890,N,7.453,26341998,MATCHED
2000,R_HR_CO,Hot Rolled Black Coil,26CJ0536R0,29.73,2001,2.5,1510,0011000144,JSW Vijayanagar Metallics Limited,26237541,5000095761,4600000273,180,10-03-26,101,HRC,COIL,11513:2017,BIS,cr3,72083990,N,7.453,67304254,MATCHED
2000,R_HR>3MM_CO,Hot Rolled Black Coil 3mm & Above,26CJ0537R0,27.35,2001,3,1265,0011000144,JSW Vijayanagar Metallics Limited,26237176,5000095771,4600000273,220,10-03-26,101,HRC,COIL,11513:2017,BIS,cr3,72083890,N,7.453,19760650,MATCHED
2000,R_HR_CO,Hot Rolled Black Coil,26CJ0538R0,27.355,2001,2.5,1260,0011000144,JSW Vijayanagar Metallics Limited,26237208,5000095773,4600000273,160,10-03-26,101,HRC,COIL,11513:2017,BIS,cr3,72083990,N,7.453,19227098,MATCHED
2000,R_HR_CO,Hot Rolled Black Coil,26CJ0539R0,27.315,2001,2.8,1275,0011000144,JSW Vijayanagar Metallics Limited,26230571,5000095780,4600000273,280,16-03-26,101,HRC,COIL,11513:2017,BIS,cr2,72083990,N,7.453,97444702,MATCHED
2000,R_HR>3MM_CO,Hot Rolled Black Coil 3mm & Above,26CJ0540R0,27.35,2001,3,1260,0011000144,JSW Vijayanagar Metallics Limited,26237170,5000095781,4600000273,300,16-03-26,101,HRC,COIL,11513:2017,BIS,cr2,72083890,N,7.453,74296616,MATCHED
2000,R_HR_CO,Hot Rolled Black Coil,26CJ0541R0,30.715,2001,2.8,1510,0011000144,JSW Vijayanagar Metallics Limited,26236783,5000095792,4600000273,210,10-03-26,101,HRC,COIL,11513:2017,BIS,cr3,72083990,N,7.453,47228388,MATCHED
2000,R_HR_CO,Hot Rolled Black Coil,26CJ0542R0,17.975,2001,2,1015,0011000144,JSW Vijayanagar Metallics Limited,26230445,5000095793,4600000273,30,18-02-26,101,HRC,COIL,11513:2017,BIS,cr3,72083990,N,7.453,49938909,MATCHED
2000,R_HR_CO,Hot Rolled Black Coil,26CJ0543R0,18.48,2001,2,1115,0011000144,JSW Vijayanagar Metallics Limited,26212183,5000095794,4600000273,290,16-03-26,101,HRC,COIL,11513:2017,BIS,cr3,72083990,N,7.453,54947816,MATCHED
2000,R_HR>3MM_CO,Hot Rolled Black Coil 3mm & Above,26CJ0544R0,27.39,2001,3.6,1260,0011000144,JSW Vijayanagar Metallics Limited,26237167,5000095799,4600000273,260,10-03-26,101,HRC,COIL,11513:2017,BIS,cr2,72083890,N,7.453,85098368,MATCHED
2000,R_HR>3MM_CO,Hot Rolled Black Coil 3mm & Above,26CJ0545R0,27.445,2001,3.6,1260,0011000144,JSW Vijayanagar Metallics Limited,26237163,5000095800,4600000273,260,10-03-26,101,HRC,COIL,11513:2017,BIS,cr2,72083890,N,7.453,86037757,MATCHED
2000,R_HR>3MM_CO,Hot Rolled Black Coil 3mm & Above,26CJ0546R0,27.335,2001,3.6,1260,0011000144,JSW Vijayanagar Metallics Limited,26237269,5000095802,4600000273,260,10-03-26,101,HRC,COIL,11513:2017,BIS,cr2,72083890,N,7.453,38609143,MATCHED
2000,R_HR_CO,Hot Rolled Black Coil,26CJ0547R0,27.455,2001,2.8,1260,0011000144,JSW Vijayanagar Metallics Limited,26237324,5000095803,4600000273,200,10-03-26,101,HRC,COIL,11513:2017,BIS,cr2,72083990,N,7.453,22521351,MATCHED
2000,R_HR>3MM_CO,Hot Rolled Black Coil 3mm & Above,26CJ0548R0,27.275,2001,3,1260,0011000144,JSW Vijayanagar Metallics Limited,26230561,5000095805,4600000273,300,16-03-26,101,HRC,COIL,11513:2017,BIS,cr2,72083890,N,7.453,52868436,MATCHED
2000,R_HR_CO,Hot Rolled Black Coil,26CJ0549R0,27.43,2001,2.8,1275,0011000144,JSW Vijayanagar Metallics Limited,26231623,5000095806,4600000273,280,16-03-26,101,HRC,COIL,11513:2017,BIS,cr2,72083990,N,7.453,34645730,MATCHED
2000,R_HR_CO,Hot Rolled Black Coil,26CJ0550R0,30.57,2001,2.8,1510,0011000144,JSW Vijayanagar Metallics Limited,26236785,5000095878,4600000273,210,10-03-26,101,HRC,COIL,11513:2017,BIS,cr3,72083990,N,7.453,88091230,MATCHED
2000,R_HR_CO,Hot Rolled Black Coil,26CJ0551R0,27.185,2001,2.8,1265,0011000144,JSW Vijayanagar Metallics Limited,26237180,5000095881,4600000273,190,10-03-26,101,HRC,COIL,11513:2017,BIS,cr3,72083990,N,7.453,89881209,MATCHED
2000,R_HR>3MM_CO,Hot Rolled Black Coil 3mm & Above,26CJ0552R0,27.365,2001,3.6,1260,0011000144,JSW Vijayanagar Metallics Limited,26237165,5000095885,4600000273,260,10-03-26,101,HRC,COIL,11513:2017,BIS,cr2,72083890,N,7.453,20363087,MATCHED
2000,R_HR_CO,Hot Rolled Black Coil,26CJ0553R0,27.4,2001,2.8,1275,0011000144,JSW Vijayanagar Metallics Limited,26230576,5000095887,4600000273,280,16-03-26,101,HRC,COIL,11513:2017,BIS,cr2,72083990,N,7.453,18131371,MATCHED
2000,R_HR_CO,Hot Rolled Black Coil,26CJ0554R0,21.155,2001,2.2,1015,0011000144,JSW Vijayanagar Metallics Limited,26231343,5000095888,4600000273,10,14-03-26,101,HRC,COIL,11513:2017,BIS,cr3,72083990,N,7.453,34893058,MATCHED
2000,R_HR_CO,Hot Rolled Black Coil,26CJ0555R0,27.28,2001,2.5,1260,0011000144,JSW Vijayanagar Metallics Limited,26237182,5000095892,4600000273,160,10-03-26,101,HRC,COIL,11513:2017,BIS,cr3,72083990,N,7.453,21420903,MATCHED
2000,R_HR_CO,Hot Rolled Black Coil,26CJ0556R0,30.58,2001,2.5,1510,0011000144,JSW Vijayanagar Metallics Limited,26236798,5000095895,4600000273,180,10-03-26,101,HRC,COIL,11513:2017,BIS,cr3,72083990,N,7.453,43748337,MATCHED
2000,R_HR>3MM_CO,Hot Rolled Black Coil 3mm & Above,26CJ0557R0,27.27,2001,3,1260,0011000144,JSW Vijayanagar Metallics Limited,26230864,5000095896,4600000273,300,16-03-26,101,HRC,COIL,11513:2017,BIS,cr2,72083890,N,7.453,37402828,MATCHED
2000,R_HR_CO,Hot Rolled Black Coil,26CJ0558R0,30.185,2001,2.5,1510,0011000144,JSW Vijayanagar Metallics Limited,26236795,5000095898,4600000273,180,10-03-26,101,HRC,COIL,11513:2017,BIS,cr3,72083990,N,7.453,15681622,MATCHED
2000,R_HR>3MM_CO,Hot Rolled Black Coil 3mm & Above,26CJ0559R0,27.38,2001,3.6,1260,0011000144,JSW Vijayanagar Metallics Limited,26237164,5000095899,4600000273,260,10-03-26,101,HRC,COIL,11513:2017,BIS,cr2,72083890,N,7.453,51500304,MATCHED
2000,R_HR_CO,Hot Rolled Black Coil,26CJ0560R0,23.705,2001,2.8,1260,0011000144,JSW Vijayanagar Metallics Limited,26237326,5000095900,4600000273,200,10-03-26,101,HRC,COIL,11513:2017,BIS,cr2,72083990,N,7.453,24239586,MATCHED
2000,R_HR>3MM_CO,HOT ROLLED BLACK COIL 3MM & ABOVE,26CJ0561R0,27.35,2001,3,1265,0011000144,JVML-VJNR,26237199,5000095932,4600000273,210,10-03-26,101,HRC,COIL,11513:2017,BIS,cr3,72083990,N,7.453,48789003,MATCHED
2000,R_HR_CO,Hot Rolled Black Coil,26CJ0562R0,27.25,2001,2.5,1260,0011000144,JSW Vijayanagar Metallics Limited,26237210,5000095905,4600000273,160,10-03-26,101,HRC,COIL,11513:2017,BIS,cr3,72083990,N,7.453,81035620,MATCHED
2000,R_HR>3MM_CO,Hot Rolled Black Coil 3mm & Above,26CJ0563R0,27.34,2001,3.6,1260,0011000144,JSW Vijayanagar Metallics Limited,26237169,5000095906,4600000273,260,10-03-26,101,HRC,COIL,11513:2017,BIS,cr2,72083890,N,7.453,57671898,MATCHED
2000,R_HR_CO,Hot Rolled Black Coil,26CJ0564R0,27.085,2001,2.2,1230,0011000144,JSW Vijayanagar Metallics Limited,26230258,5000095907,4600000273,100,10-03-26,101,HRC,COIL,11513:2017,BIS,cr3,72083990,N,7.453,69840174,MATCHED
2000,R_HR_CO,Hot Rolled Black Coil,26CJ0565R0,26.895,2001,2.8,1275,0011000144,JSW Vijayanagar Metallics Limited,26230575,5000095908,4600000273,280,16-03-26,101,HRC,COIL,11513:2017,BIS,cr2,72083990,N,7.453,66712514,MATCHED
2000,R_HR_CO,Hot Rolled Black Coil,26CJ0566R0,27.36,2001,2.8,1275,0011000144,JSW Vijayanagar Metallics Limited,26230570,5000095909,4600000273,280,16-03-26,101,HRC,COIL,11513:2017,BIS,cr2,72083990,N,7.453,41356568,MATCHED
2000,R_HR>3MM_CO,Hot Rolled Black Coil 3mm & Above,26CJ0567R0,27.385,2001,3,1265,0011000144,JSW Vijayanagar Metallics Limited,26237172,5000095910,4600000273,220,10-03-26,101,HRC,COIL,11513:2017,BIS,cr3,72083890,N,7.453,60418824,MATCHED
2000,R_HR_CO,Hot Rolled Black Coil,26CJ0568R0,27.23,2001,2.8,1275,0011000144,JSW Vijayanagar Metallics Limited,26230577,5000095911,4600000273,280,16-03-26,101,HRC,COIL,11513:2017,BIS,cr2,72083990,N,7.453,51792927,MATCHED
2000,R_HR_CO,Hot Rolled Black Coil,26CJ0569R0,27.28,2001,2.8,1275,0011000144,JSW Vijayanagar Metallics Limited,26231622,5000095912,4600000273,280,16-03-26,101,HRC,COIL,11513:2017,BIS,cr2,72083990,N,7.453,92237727,MATCHED
2000,R_HR>3MM_CO,Hot Rolled Black Coil 3mm & Above,26CJ0570R0,27.38,2001,3,1265,0011000144,JSW Vijayanagar Metallics Limited,26237360,5000095913,4600000273,220,10-03-26,101,HRC,COIL,11513:2017,BIS,cr3,72083890,N,7.453,75718777,MATCHED
2000,R_HR>3MM_CO,Hot Rolled Black Coil 3mm & Above,26CJ0571R0,26.72,2001,3,1265,0011000144,JSW Vijayanagar Metallics Limited,26237356,5000095914,4600000273,220,10-03-26,101,HRC,COIL,11513:2017,BIS,cr3,72083890,N,7.453,57383103,MATCHED
2000,R_HR_CO,Hot Rolled Black Coil,26CJ0572R0,27.415,2001,2.8,1265,0011000144,JSW Vijayanagar Metallics Limited,26237179,5000095915,4600000273,190,10-03-26,101,HRC,COIL,11513:2017,BIS,cr3,72083990,N,7.453,94252348,MATCHED
2000,R_HR>3MM_CO,Hot Rolled Black Coil 3mm & Above,26CJ0573R0,27.315,2001,3.6,1260,0011000144,JSW Vijayanagar Metallics Limited,26237368,5000095920,4600000273,260,10-03-26,101,HRC,COIL,11513:2017,BIS,cr2,72083890,N,7.453,72630278,MATCHED
2000,R_HR>3MM_CO,Hot Rolled Black Coil 3mm & Above,26CJ0574R0,27.415,2001,3,1265,0011000144,JSW Vijayanagar Metallics Limited,26237369,5000095921,4600000273,220,10-03-26,101,HRC,COIL,11513:2017,BIS,cr3,72083890,N,7.453,34869331,MATCHED
2000,R_HR>3MM_CO,Hot Rolled Black Coil 3mm & Above,26CJ0575R0,27.375,2001,3.6,1260,0011000144,JSW Vijayanagar Metallics Limited,26237166,5000095922,4600000273,260,10-03-26,101,HRC,COIL,11513:2017,BIS,cr2,72083890,N,7.453,61949491,MATCHED
2000,R_HR>3MM_CO,Hot Rolled Black Coil 3mm & Above,26CJ0576R0,27.46,2001,3,1260,0011000144,JSW Vijayanagar Metallics Limited,26230865,5000095923,4600000273,300,16-03-26,101,HRC,COIL,11513:2017,BIS,cr2,72083890,N,7.453,94118018,MATCHED
2000,R_HR>3MM_CO,Hot Rolled Black Coil 3mm & Above,26CJ0577R0,27.225,2001,3,1260,0011000144,JSW Vijayanagar Metallics Limited,26230560,5000095924,4600000273,300,16-03-26,101,HRC,COIL,11513:2017,BIS,cr2,72083890,N,7.453,16099076,MATCHED
2000,R_HR>3MM_CO,Hot Rolled Black Coil 3mm & Above,26CJ0578R0,27.335,2001,3,1260,0011000144,JSW Vijayanagar Metallics Limited,26230867,5000095925,4600000273,300,16-03-26,101,HRC,COIL,11513:2017,BIS,cr2,72083890,N,7.453,81166827,MATCHED
2000,R_HR>3MM_CO,Hot Rolled Black Coil 3mm & Above,26CJ0579R0,27.37,2001,3,1265,0011000144,JSW Vijayanagar Metallics Limited,26237175,5000095926,4600000273,220,10-03-26,101,HRC,COIL,11513:2017,BIS,cr3,72083890,N,7.453,69227209,MATCHED
2000,R_HR_CO,Hot Rolled Black Coil,26CJ0580R0,27.34,2001,2.5,1260,0011000144,JSW Vijayanagar Metallics Limited,26237207,5000095927,4600000273,160,10-03-26,101,HRC,COIL,11513:2017,BIS,cr3,72083990,N,7.453,60461205,MATCHED
2000,R_HR>3MM_CO,Hot Rolled Black Coil 3mm & Above,26CJ0581R0,27.43,2001,3.6,1260,0011000144,JSW Vijayanagar Metallics Limited,26237367,5000095928,4600000273,260,10-03-26,101,HRC,COIL,11513:2017,BIS,cr2,72083890,N,7.453,41096131,MATCHED
2000,R_HR_CO,Hot Rolled Black Coil,26CJ0582R0,27.415,2001,2.8,1260,0011000144,JSW Vijayanagar Metallics Limited,26237322,5000095929,4600000273,200,10-03-26,101,HRC,COIL,11513:2017,BIS,cr2,72083990,N,7.453,90638357,MATCHED
2000,R_HR_CO,Hot Rolled Black Coil,26CJ0583R0,25.49,2001,2.8,1510,0011000144,JSW Vijayanagar Metallics Limited,26236787,5000095933,4600000273,210,10-03-26,101,HRC,COIL,11513:2017,BIS,cr3,72083990,N,7.453,15474472,MATCHED
2000,R_HR>3MM_CO,Hot Rolled Black Coil 3mm & Above,26CJ0584R0,27.38,2001,3,1260,0011000144,JSW Vijayanagar Metallics Limited,26237168,5000095939,4600000273,300,16-03-26,101,HRC,COIL,11513:2017,BIS,cr2,72083890,N,7.453,94185213,MATCHED
2000,R_HR>3MM_CO,Hot Rolled Black Coil 3mm & Above,26CJ0585R0,27.38,2001,3.6,1260,0011000144,JSW Vijayanagar Metallics Limited,26237272,5000095940,4600000273,260,10-03-26,101,HRC,COIL,11513:2017,BIS,cr2,72083890,N,7.453,35537507,MATCHED
2000,R_HR_CO,Hot Rolled Black Coil,26CJ0586R0,21.55,2001,1.6,1250,0011000144,JSW Vijayanagar Metallics Limited,26221602,5000095941,4600000273,270,16-03-26,101,HRC,COIL,11513:2017,BIS,SAE1006,72083990,N,7.453,87802645,MATCHED
2000,R_HR_CO,Hot Rolled Black Coil,26CJ0587R0,23.67,2001,2.8,1260,0011000144,JSW Vijayanagar Metallics Limited,26237325,5000095942,4600000273,200,10-03-26,101,HRC,COIL,11513:2017,BIS,cr2,72083990,N,7.453,24679507,MATCHED
2000,R_HR_CO,Hot Rolled Black Coil,26CJ0588R0,27.66,2001,2.5,1230,0011000144,JSW Vijayanagar Metallics Limited,26237698,5000095944,4600000273,150,10-03-26,101,HRC,COIL,11513:2017,BIS,cr3,72083990,N,7.453,78806042,MATCHED
2000,R_HR_CO,Hot Rolled Black Coil,26CJ0589R0,27.1,2001,2,1235,0011000144,JSW Vijayanagar Metallics Limited,26228530,5000095952,4600000273,130,10-03-26,101,HRC,COIL,11513:2017,BIS,cr3,72083990,N,7.453,66529376,MATCHED
2000,R_HR_CO,Hot Rolled Black Coil,26CJ0590R0,27.32,2001,2.8,1275,0011000144,JSW Vijayanagar Metallics Limited,26230572,5000095953,4600000273,280,16-03-26,101,HRC,COIL,11513:2017,BIS,cr2,72083990,N,7.453,81182184,MATCHED
2000,R_HR_CO,Hot Rolled Black Coil,26CJ0591R0,27.38,2001,2.5,1260,0011000144,JSW Vijayanagar Metallics Limited,26237370,5000095954,4600000273,160,10-03-26,101,HRC,COIL,11513:2017,BIS,cr3,72083990,N,7.453,73011990,MATCHED
2000,R_HR>3MM_CO,Hot Rolled Black Coil 3mm & Above,26CJ0592R0,27.285,2001,3.6,1260,0011000144,JSW Vijayanagar Metallics Limited,26237275,5000095955,4600000273,260,10-03-26,101,HRC,COIL,11513:2017,BIS,cr2,72083890,N,7.453,45638027,MATCHED
2000,R_HR>3MM_CO,Hot Rolled Black Coil 3mm & Above,26CJ0593R0,27.25,2001,3,1260,0011000144,JSW Vijayanagar Metallics Limited,26230563,5000095956,4600000273,300,16-03-26,101,HRC,COIL,11513:2017,BIS,cr2,72083890,N,7.453,86945727,MATCHED
2000,R_HR>3MM_CO,Hot Rolled Black Coil 3mm & Above,26CJ0594R0,27.39,2001,3,1260,0011000144,JSW Vijayanagar Metallics Limited,26230866,5000095960,4600000273,300,16-03-26,101,HRC,COIL,11513:2017,BIS,cr2,72083890,N,7.453,78814944,MATCHED
2000,R_HR>3MM_CO,Hot Rolled Black Coil 3mm & Above,26CJ0595R0,27.25,2001,3,1260,0011000144,JSW Vijayanagar Metallics Limited,26230559,5000095964,4600000273,300,16-03-26,101,HRC,COIL,11513:2017,BIS,cr2,72083890,N,7.453,93203644,MATCHED
2000,R_HR_CO,Hot Rolled Black Coil,26CJ0596R0,26.44,2001,2.5,1230,0011000144,JSW Vijayanagar Metallics Limited,26237723,5000095965,4600000273,150,10-03-26,101,HRC,COIL,11513:2017,BIS,cr3,72083990,N,7.453,54699444,MATCHED
2000,R_HR_CO,Hot Rolled Black Coil,26CJ0597R0,27.37,2001,2.5,1260,0011000144,JSW Vijayanagar Metallics Limited,26237183,5000095966,4600000273,160,10-03-26,101,HRC,COIL,11513:2017,BIS,cr3,72083990,N,7.453,80193769,MATCHED
2000,R_HR_CO,Hot Rolled Black Coil,26CJ0598R0,27.26,2001,2.5,1260,0011000144,JSW Vijayanagar Metallics Limited,26237209,5000095967,4600000273,320,16-03-26,101,HRC,COIL,11513:2017,BIS,cr3,72083990,N,7.453,83877395,MATCHED
2000,R_HR_CO,Hot Rolled Black Coil,26CJ0599R0,22.875,2001,2.8,1275,0011000144,JSW Vijayanagar Metallics Limited,26230680,5000095968,4600000273,280,16-03-26,101,HRC,COIL,11513:2017,BIS,cr2,72083990,N,7.453,28031993,MATCHED
2000,R_HR_CO,Hot Rolled Black Coil,26CJ0600R0,30.135,2001,2.5,1510,0011000144,JSW Vijayanagar Metallics Limited,26236797,5000096012,4600000273,180,10-03-26,101,HRC,COIL,11513:2017,BIS,cr3,72083990,N,7.453,35056451,MATCHED
2000,R_HR_CO,Hot Rolled Black Coil,26CJ0601R0,30.125,2001,2.5,1510,0011000144,JSW Vijayanagar Metallics Limited,26236796,5000096014,4600000273,180,10-03-26,101,HRC,COIL,11513:2017,BIS,cr3,72083990,N,7.453,56549636,MATCHED
2000,R_HR_CO,Hot Rolled Black Coil,26CJ0602R0,27.23,2001,2,1260,0011000144,JSW Vijayanagar Metallics Limited,26237212,5000096016,4600000273,310,16-03-26,101,HRC,COIL,11513:2017,BIS,cr3,72083990,N,7.453,65978713,MATCHED
2000,R_HR_CO,Hot Rolled Black Coil,26CJ0603R0,23.56,2001,2.8,1260,0011000144,JSW Vijayanagar Metallics Limited,26237323,5000096030,4600000273,200,10-03-26,101,HRC,COIL,11513:2017,BIS,cr2,72083990,N,7.453,38705465,MATCHED
2000,R_HR>3MM_CO,Hot Rolled Black Coil 3mm & Above,26CJ0604R0,27.45,2001,3.6,1260,0011000144,JSW Vijayanagar Metallics Limited,26237274,5000096033,4600000273,260,10-03-26,101,HRC,COIL,11513:2017,BIS,cr2,72083890,N,7.453,44679190,MATCHED
2000,R_HR_CO,Hot Rolled Black Coil,26CJ0605R0,27.175,2001,2.2,1230,0011000144,JSW Vijayanagar Metallics Limited,26230252,5000096036,4600000273,100,10-03-26,101,HRC,COIL,11513:2017,BIS,cr3,72083990,N,7.453,76743681,MATCHED
2000,R_HR_CO,Hot Rolled Black Coil,26CJ0606R0,30.22,2001,2.8,1510,0011000144,JSW Vijayanagar Metallics Limited,26236784,5000096039,4600000273,210,10-03-26,101,HRC,COIL,11513:2017,BIS,cr3,72083990,N,7.453,78556045,MATCHED
2000,R_HR_CO,Hot Rolled Black Coil,26CJ0607R0,27.255,2001,2,1260,0011000144,JSW Vijayanagar Metallics Limited,26237213,5000096042,4600000273,310,16-03-26,101,HRC,COIL,11513:2017,BIS,cr3,72083990,N,7.453,87604742,MATCHED
2000,R_HR>3MM_CO,Hot Rolled Black Coil 3mm & Above,26CJ0608R0,26.765,2001,3,1265,0011000144,JSW Vijayanagar Metallics Limited,26237358,5000096043,4600000273,220,10-03-26,101,HRC,COIL,11513:2017,BIS,cr3,72083890,N,7.453,41380375,MATCHED
2000,R_HR_CO,Hot Rolled Black Coil,26CJ0609R0,29.82,2001,2.8,1510,0011000144,JSW Vijayanagar Metallics Limited,26236786,5000096044,4600000273,210,10-03-26,101,HRC,COIL,11513:2017,BIS,cr3,72083990,N,7.453,13837587,MATCHED
2000,R_HR_CO,Hot Rolled Black Coil,26CJ0610R0,29.8,2001,2.8,1510,0011000144,JSW Vijayanagar Metallics Limited,26236782,5000096052,4600000273,210,10-03-26,101,HRC,COIL,11513:2017,BIS,cr3,72083990,N,7.453,84821838,MATCHED
2000,R_HR_CO,Hot Rolled Black Coil,26CJ0611R0,27.29,2001,2.8,1265,0011000144,JSW Vijayanagar Metallics Limited,26237177,5000096056,4600000273,190,10-03-26,101,HRC,COIL,11513:2017,BIS,cr3,72083990,N,7.453,35952406,MATCHED
2000,R_HR>3MM_CO,Hot Rolled Black Coil 3mm & Above,26CJ0612R0,27.315,2001,3,1265,0011000144,JSW Vijayanagar Metallics Limited,26237174,5000096058,4600000273,220,10-03-26,101,HRC,COIL,11513:2017,BIS,cr3,72083890,N,7.453,25677019,MATCHED
2000,R_HR_CO,Hot Rolled Black Coil,26CJ0613R0,27.265,2001,2.8,1275,0011000144,JSW Vijayanagar Metallics Limited,26231621,5000096060,4600000273,280,16-03-26,101,HRC,COIL,11513:2017,BIS,cr2,72083990,N,7.453,79808578,MATCHED
2000,R_HR_CO,Hot Rolled Black Coil,26CJ0614R0,28.59,2001,2.5,1230,0011000144,JSW Vijayanagar Metallics Limited,26202035,5000096105,4600000252,230,14-02-26,101,HRC,COIL,11513:2017,BIS,cr3,72083990,N,7.453,63318559,MATCHED
2000,R_HR>3MM_CO,Hot Rolled Black Coil 3mm & Above,26CJ0716R0,27.37,2001,3.6,1260,0011000144,JSW Vijayanagar Metallics Limited,26237268,5000096301,4600000273,260,10-03-26,101,HRC,COIL,11513:2017,BIS,cr2,72083890,N,7.453,44729494,MATCHED
2000,R_HR_CO,Hot Rolled Black Coil,26CJ0850R0,26.545,2001,2.5,1230,0011000144,JSW Vijayanagar Metallics Limited,26243367,5000096823,4600000277,50,16-03-26,101,HRC,COIL,11513:2017,BIS,cr3,72083990,N,7.453,26959546,MATCHED
2000,R_HR>3MM_CO,Hot Rolled Black Coil 3mm & Above,26CJ0851R0,27.38,2001,3,1265,0011000144,JSW Vijayanagar Metallics Limited,26239151,5000096825,4600000273,220,10-03-26,101,HRC,COIL,11513:2017,BIS,cr3,72083890,N,7.453,87627611,MATCHED
2000,R_HR_CO,Hot Rolled Black Coil,26CJ0852R0,27.29,2001,2.5,1260,0011000144,JSW Vijayanagar Metallics Limited,26243735,5000096826,4600000273,320,16-03-26,101,HRC,COIL,11513:2017,BIS,cr3,72083990,N,7.453,96997020,MATCHED
2000,R_HR_CO,Hot Rolled Black Coil,26CJ0853R0,27.305,2001,2.2,1230,0011000144,JSW Vijayanagar Metallics Limited,26243464,5000096827,4600000277,30,16-03-26,101,HRC,COIL,11513:2017,BIS,cr3,72083990,N,7.453,56101550,MATCHED
2000,R_HR_CO,Hot Rolled Black Coil,26CJ0854R0,27.46,2001,2.5,1230,0011000144,JSW Vijayanagar Metallics Limited,26243286,5000096828,4600000277,50,16-03-26,101,HRC,COIL,11513:2017,BIS,cr3,72083990,N,7.453,35616327,MATCHED
2000,R_HR_CO,Hot Rolled Black Coil,26CJ0855R0,26.385,2001,2.5,1230,0011000144,JSW Vijayanagar Metallics Limited,26243453,5000096834,4600000277,90,10-03-26,101,HRC,COIL,11513:2017,BIS,cr3,72083990,N,7.453,28651443,MATCHED
2000,R_HR_CO,Hot Rolled Black Coil,26CJ0856R0,27.365,2001,2.5,1230,0011000144,JSW Vijayanagar Metallics Limited,26243349,5000096835,4600000277,90,10-03-26,101,HRC,COIL,11513:2017,BIS,cr3,72083990,N,7.453,61242071,MATCHED
2000,R_HR_CO,Hot Rolled Black Coil,26CJ0858R0,27.41,2001,2.2,1230,0011000144,JSW Vijayanagar Metallics Limited,26243374,5000096837,4600000273,100,10-03-26,101,HRC,COIL,11513:2017,BIS,cr3,72083990,N,7.453,68839295,MATCHED
2000,R_HR_CO,Hot Rolled Black Coil,26CJ0859R0,27.475,2001,2.5,1230,0011000144,JSW Vijayanagar Metallics Limited,26243387,5000096839,4600000273,150,10-03-26,101,HRC,COIL,11513:2017,BIS,cr3,72083990,N,7.453,21972738,MATCHED
2000,R_HR_CO,Hot Rolled Black Coil,26CJ0860R0,26.84,2001,2.5,1230,0011000144,JSW Vijayanagar Metallics Limited,26243346,5000096840,4600000277,90,10-03-26,101,HRC,COIL,11513:2017,BIS,cr3,72083990,N,7.453,21148571,MATCHED
2000,R_HR_CO,Hot Rolled Black Coil,26CJ0861R0,24.585,2001,2.5,1230,0011000144,JSW Vijayanagar Metallics Limited,26243386,5000096841,4600000273,150,10-03-26,101,HRC,COIL,11513:2017,BIS,cr3,72083990,N,7.453,32873511,MATCHED
2000,R_HR_CO,Hot Rolled Black Coil,26CJ0862R0,27.505,2001,2.2,1230,0011000144,JSW Vijayanagar Metallics Limited,26243462,5000096842,4600000277,30,16-03-26,101,HRC,COIL,11513:2017,BIS,cr3,72083990,N,7.453,72483496,MATCHED
2000,R_HR_CO,Hot Rolled Black Coil,26CJ0864R0,27.34,2001,2,1235,0011000144,JSW Vijayanagar Metallics Limited,26243284,5000096870,4600000273,130,10-03-26,101,HRC,COIL,11513:2017,BIS,cr3,72083990,N,7.453,73119837,MATCHED
2000,R_HR_CO,Hot Rolled Black Coil,26CJ0865R0,26.37,2001,2.5,1230,0011000144,JSW Vijayanagar Metallics Limited,26243452,5000096871,4600000277,90,10-03-26,101,HRC,COIL,11513:2017,BIS,cr3,72083990,N,7.453,77626949,MATCHED
2000,R_HR_CO,Hot Rolled Black Coil,26CJ0866R0,26.27,2001,2.5,1230,0011000144,JSW Vijayanagar Metallics Limited,26242991,5000096872,4600000273,150,10-03-26,101,HRC,COIL,11513:2017,BIS,cr3,72083990,N,7.453,17814455,MATCHED
2000,R_HR_CO,Hot Rolled Black Coil,26CJ0867R0,27.475,2001,2.5,1230,0011000144,JSW Vijayanagar Metallics Limited,26243845,5000096873,4600000273,150,10-03-26,101,HRC,COIL,11513:2017,BIS,cr3,72083990,N,7.453,17034861,MATCHED
2000,R_HR_CO,Hot Rolled Black Coil,26CJ0868R0,25.415,2001,2.5,1230,0011000144,JSW Vijayanagar Metallics Limited,26242992,5000096874,4600000273,150,10-03-26,101,HRC,COIL,11513:2017,BIS,cr3,72083990,N,7.453,76206771,MATCHED
2000,R_HR_CO,Hot Rolled Black Coil,26CJ0869R0,26.65,2001,2.5,1230,0011000144,JSW Vijayanagar Metallics Limited,26243364,5000096875,4600000277,90,10-03-26,101,HRC,COIL,11513:2017,BIS,cr3,72083990,N,7.453,50939923,MATCHED
2000,R_HR_CO,Hot Rolled Black Coil,26CJ0870R0,27.22,2001,2,1235,0011000144,JSW Vijayanagar Metallics Limited,26243757,5000096877,4600000277,70,10-03-26,101,HRC,COIL,11513:2017,BIS,cr3,72083990,N,7.453,67824072,MATCHED
2000,R_HR_CO,Hot Rolled Black Coil,26CJ0871R0,26.49,2001,2.5,1230,0011000144,JSW Vijayanagar Metallics Limited,26243907,5000096878,4600000273,150,10-03-26,101,HRC,COIL,11513:2017,BIS,cr3,72083990,N,7.453,97005925,MATCHED
2000,R_HR_CO,Hot Rolled Black Coil,26CJ0872R0,26.445,2001,2.2,1230,0011000144,JSW Vijayanagar Metallics Limited,26243458,5000096879,4600000277,30,16-03-26,101,HRC,COIL,11513:2017,BIS,cr3,72083990,N,7.453,50401732,MATCHED
2000,R_HR_CO,Hot Rolled Black Coil,26CJ0873R0,27.475,2001,2.2,1230,0011000144,JSW Vijayanagar Metallics Limited,26243756,5000096880,4600000277,30,16-03-26,101,HRC,COIL,11513:2017,BIS,cr3,72083990,N,7.453,94338400,MATCHED
2000,R_HR_CO,Hot Rolled Black Coil,26CJ0874R0,27.54,2001,2.5,1230,0011000144,JSW Vijayanagar Metallics Limited,26243858,5000096881,4600000273,150,10-03-26,101,HRC,COIL,11513:2017,BIS,cr3,72083990,N,7.453,15412918,MATCHED
2000,R_HR_CO,Hot Rolled Black Coil,26CJ0875R0,27.445,2001,2,1235,0011000144,JSW Vijayanagar Metallics Limited,26243868,5000096882,4600000273,130,10-03-26,101,HRC,COIL,11513:2017,BIS,cr3,72083990,N,7.453,59622728,MATCHED
2000,R_HR_CO,Hot Rolled Black Coil,26CJ0876R0,27.5,2001,2.5,1230,0011000144,JSW Vijayanagar Metallics Limited,26243352,5000096884,4600000277,90,10-03-26,101,HRC,COIL,11513:2017,BIS,cr3,72083990,N,7.453,32999299,MATCHED
2000,R_HR_CO,Hot Rolled Black Coil,26CJ0877R0,26.1,2001,2.5,1230,0011000144,JSW Vijayanagar Metallics Limited,26243908,5000096907,4600000273,150,10-03-26,101,HRC,COIL,11513:2017,BIS,cr3,72083990,N,7.453,58423718,MATCHED
2000,R_HR_CO,Hot Rolled Black Coil,26CJ0878R0,27.555,2001,2.5,1230,0011000144,JSW Vijayanagar Metallics Limited,26243904,5000096912,4600000273,150,10-03-26,101,HRC,COIL,11513:2017,BIS,cr3,72083990,N,7.453,89447070,MATCHED
2000,R_HR_CO,Hot Rolled Black Coil,26CJ0879R0,27.31,2001,2.2,1230,0011000144,JSW Vijayanagar Metallics Limited,26243375,5000096918,4600000273,100,10-03-26,101,HRC,COIL,11513:2017,BIS,cr3,72083990,N,7.453,79534114,MATCHED
2000,R_HR_CO,Hot Rolled Black Coil,26CJ0880R0,26.35,2001,2.5,1230,0011000144,JSW Vijayanagar Metallics Limited,26243451,5000096924,4600000277,90,10-03-26,101,HRC,COIL,11513:2017,BIS,cr3,72083990,N,7.453,71575638,MATCHED
2000,R_HR_CO,Hot Rolled Black Coil,26CJ0881R0,24.18,2001,2.5,1230,0011000144,JSW Vijayanagar Metallics Limited,26242989,5000096926,4600000277,90,10-03-26,101,HRC,COIL,11513:2017,BIS,cr3,72083990,N,7.453,19706997,MATCHED
2000,R_HR_CO,Hot Rolled Black Coil,26CJ0882R0,27.4,2001,2,1260,0011000144,JSW Vijayanagar Metallics Limited,26243739,5000096929,4600000273,310,16-03-26,101,HRC,COIL,11513:2017,BIS,cr3,72083990,N,7.453,78574431,MATCHED
2000,R_HR>3MM_CO,Hot Rolled Black Coil 3mm & Above,26CJ0883R0,27.435,2001,3,1265,0011000144,JSW Vijayanagar Metallics Limited,26243843,5000096930,4600000273,220,10-03-26,101,HRC,COIL,11513:2017,BIS,cr3,72083890,N,7.453,29879118,MATCHED
2000,R_HR_CO,Hot Rolled Black Coil,26CJ0884R0,27.27,2001,2.2,1230,0011000144,JSW Vijayanagar Metallics Limited,26243465,5000096931,4600000277,30,16-03-26,101,HRC,COIL,11513:2017,BIS,cr3,72083990,N,7.453,34489078,MATCHED
2000,R_HR_CO,Hot Rolled Black Coil,26CJ0885R0,27.345,2001,2.2,1230,0011000144,JSW Vijayanagar Metallics Limited,26243366,5000096963,4600000273,100,10-03-26,101,HRC,COIL,11513:2017,BIS,cr3,72083990,N,7.453,53677456,MATCHED
2000,R_HR_CO,Hot Rolled Black Coil,26CJ0886R0,27.21,2001,2.2,1230,0011000144,JSW Vijayanagar Metallics Limited,26243777,5000096965,4600000277,80,10-03-26,101,HRC,COIL,11513:2017,BIS,cr3,72083990,N,7.453,20982852,MATCHED
2000,R_HR_CO,Hot Rolled Black Coil,26CJ0887R0,26.43,2001,2.5,1230,0011000144,JSW Vijayanagar Metallics Limited,26243905,5000096966,4600000273,150,10-03-26,101,HRC,COIL,11513:2017,BIS,cr3,72083990,N,7.453,19647616,MATCHED
2000,R_HR_CO,Hot Rolled Black Coil,26CJ0888R0,27.41,2001,2.2,1230,0011000144,JSW Vijayanagar Metallics Limited,26243849,5000096967,4600000277,30,16-03-26,101,HRC,COIL,11513:2017,BIS,cr3,72083990,N,7.453,71625497,MATCHED
2000,R_HR_CO,Hot Rolled Black Coil,26CJ0889R0,27.395,2001,2.2,1230,0011000144,JSW Vijayanagar Metallics Limited,26243355,5000096968,4600000277,30,16-03-26,101,HRC,COIL,11513:2017,BIS,cr3,72083990,N,7.453,79795212,MATCHED
2000,R_HR_CO,Hot Rolled Black Coil,26CJ0890R0,27.39,2001,2,1235,0011000144,JSW Vijayanagar Metallics Limited,26243758,5000096970,4600000277,10,16-03-26,101,HRC,COIL,11513:2017,BIS,cr3,72083990,N,7.453,28205226,MATCHED
2000,R_HR_CO,Hot Rolled Black Coil,26CJ0891R0,27.555,2001,2,1260,0011000144,JSW Vijayanagar Metallics Limited,26243738,5000096972,4600000277,20,16-03-26,101,HRC,COIL,11513:2017,BIS,cr3,72083990,N,7.453,54615606,MATCHED
2000,R_HR_CO,Hot Rolled Black Coil,26CJ0892R0,27.485,2001,2.2,1230,0011000144,JSW Vijayanagar Metallics Limited,26243860,5000096973,4600000277,30,16-03-26,101,HRC,COIL,11513:2017,BIS,cr3,72083990,N,7.453,13076037,MATCHED
2000,R_HR_CO,Hot Rolled Black Coil,26CJ0893R0,27.55,2001,2,1235,0011000144,JSW Vijayanagar Metallics Limited,26243857,5000096974,4600000273,130,10-03-26,101,HRC,COIL,11513:2017,BIS,cr3,72083990,N,7.453,37380067,MATCHED
2000,R_HR_CO,Hot Rolled Black Coil,26CJ0894R0,21.215,2001,2,1235,0011000144,JSW Vijayanagar Metallics Limited,26243353,5000096976,4600000273,130,10-03-26,101,HRC,COIL,11513:2017,BIS,cr3,72083990,N,7.453,19311690,MATCHED
2000,R_HR_CO,Hot Rolled Black Coil,26CJ0895R0,27.17,2001,2,1235,0011000144,JSW Vijayanagar Metallics Limited,26243772,5000096977,4600000277,10,16-03-26,101,HRC,COIL,11513:2017,BIS,cr3,72083990,N,7.453,78674947,MATCHED
2000,R_HR_CO,Hot Rolled Black Coil,26CJ0896R0,21.365,2001,2,1235,0011000144,JSW Vijayanagar Metallics Limited,26243356,5000096980,4600000273,130,10-03-26,101,HRC,COIL,11513:2017,BIS,cr3,72083990,N,7.453,16545179,MATCHED
2000,R_HR>3MM_CO,Hot Rolled Black Coil 3mm & Above,26CJ0897R0,27.86,2001,3,1265,0011000144,JSW Vijayanagar Metallics Limited,26243842,5000096984,4600000273,220,10-03-26,101,HRC,COIL,11513:2017,BIS,cr3,72083890,N,7.453,83425716,MATCHED
2000,R_HR_CO,Hot Rolled Black Coil,26CJ0898R0,27.355,2001,2.2,1230,0011000144,JSW Vijayanagar Metallics Limited,26243460,5000096985,4600000277,80,10-03-26,101,HRC,COIL,11513:2017,BIS,cr3,72083990,N,7.453,55606743,MATCHED
2000,R_HR_CO,Hot Rolled Black Coil,26CJ0899R0,27.315,2001,2.5,1230,0011000144,JSW Vijayanagar Metallics Limited,26243450,5000096986,4600000277,90,10-03-26,101,HRC,COIL,11513:2017,BIS,cr3,72083990,N,7.453,22667110,MATCHED
2000,R_HR_CO,Hot Rolled Black Coil,26CJ0902R0,27.45,2001,2.2,1230,0011000144,JSW Vijayanagar Metallics Limited,26243753,5000096995,4600000277,30,16-03-26,101,HRC,COIL,11513:2017,BIS,cr3,72083990,N,7.453,76158055,MATCHED
2000,R_HR_CO,Hot Rolled Black Coil,26CJ0903R0,27.48,2001,2.2,1230,0011000144,JSW Vijayanagar Metallics Limited,26243370,5000096997,4600000273,100,10-03-26,101,HRC,COIL,11513:2017,BIS,cr3,72083990,N,7.453,62098767,MATCHED
2000,R_HR_CO,Hot Rolled Black Coil,26CJ0904R0,27.405,2001,2.5,1230,0011000144,JSW Vijayanagar Metallics Limited,26243449,5000096998,4600000277,90,10-03-26,101,HRC,COIL,11513:2017,BIS,cr3,72083990,N,7.453,69526161,MATCHED
2000,R_HR_CO,Hot Rolled Black Coil,26CJ0905R0,27.445,2001,2,1235,0011000144,JSW Vijayanagar Metallics Limited,26243771,5000097000,4600000277,10,16-03-26,101,HRC,COIL,11513:2017,BIS,cr3,72083990,N,7.453,77338180,MATCHED
2000,R_HR_CO,Hot Rolled Black Coil,26CJ0906R0,27.495,2001,2.2,1230,0011000144,JSW Vijayanagar Metallics Limited,26243859,5000097004,4600000277,30,16-03-26,101,HRC,COIL,11513:2017,BIS,cr3,72083990,N,7.453,29172779,MATCHED
2000,R_HR_CO,Hot Rolled Black Coil,26CJ0907R0,25.08,2001,2.2,1230,0011000144,JSW Vijayanagar Metallics Limited,26243363,5000097005,4600000277,80,10-03-26,101,HRC,COIL,11513:2017,BIS,cr3,72083990,N,7.453,60589459,MATCHED
2000,R_HR_CO,Hot Rolled Black Coil,26CJ0908R0,27.26,2001,2.2,1230,0011000144,JSW Vijayanagar Metallics Limited,26243275,5000097006,4600000273,100,10-03-26,101,HRC,COIL,11513:2017,BIS,cr3,72083990,N,7.453,91753113,MATCHED
2000,R_HR_CO,Hot Rolled Black Coil,26CJ0909R0,27.375,2001,2.5,1230,0011000144,JSW Vijayanagar Metallics Limited,26243282,5000097012,4600000277,90,10-03-26,101,HRC,COIL,11513:2017,BIS,cr3,72083990,N,7.453,65449703,MATCHED
2000,R_HR_CO,Hot Rolled Black Coil,26CJ0910R0,27.39,2001,2.2,1230,0011000144,JSW Vijayanagar Metallics Limited,26243360,5000097015,4600000277,80,10-03-26,101,HRC,COIL,11513:2017,BIS,cr3,72083990,N,7.453,97765969,MATCHED
2000,R_HR_CO,Hot Rolled Black Coil,26CJ0911R0,27.395,2001,2.2,1230,0011000144,JSW Vijayanagar Metallics Limited,26243466,5000097016,4600000277,80,10-03-26,101,HRC,COIL,11513:2017,BIS,cr3,72083990,N,7.453,41366179,MATCHED
2000,R_HR>3MM_CO,Hot Rolled Black Coil 3mm & Above,26CJ0912R0,27.54,2001,3,1265,0011000144,JSW Vijayanagar Metallics Limited,26243841,5000097019,4600000273,220,10-03-26,101,HRC,COIL,11513:2017,BIS,cr3,72083890,N,7.453,87636531,MATCHED
2000,R_HR_CO,Hot Rolled Black Coil,26CJ0913R0,27.495,2001,2.2,1230,0011000144,JSW Vijayanagar Metallics Limited,26243365,5000097041,4600000273,100,10-03-26,101,HRC,COIL,11513:2017,BIS,cr3,72083990,N,7.453,87612809,MATCHED
2000,R_HR_CO,Hot Rolled Black Coil,26CJ0914R0,27.475,2001,2.5,1230,0011000144,JSW Vijayanagar Metallics Limited,26243454,5000097039,4600000277,90,10-03-26,101,HRC,COIL,11513:2017,BIS,cr3,72083990,N,7.453,90091223,MATCHED
2000,R_HR_CO,Hot Rolled Black Coil,26CJ0917R0,27.505,2001,2.2,1230,0011000144,JSW Vijayanagar Metallics Limited,26243361,5000097047,4600000277,80,10-03-26,101,HRC,COIL,11513:2017,BIS,cr3,72083990,N,7.453,42646118,MATCHED
2000,R_HR_CO,Hot Rolled Black Coil,26CJ0918R0,27.34,2001,2.2,1230,0011000144,JSW Vijayanagar Metallics Limited,26243778,5000097048,4600000277,80,10-03-26,101,HRC,COIL,11513:2017,BIS,cr3,72083990,N,7.453,56510689,MATCHED
2000,R_HR_CO,Hot Rolled Black Coil,26CJ0919R0,27.045,2001,2.2,1230,0011000144,JSW Vijayanagar Metallics Limited,26243848,5000097055,4600000277,80,10-03-26,101,HRC,COIL,11513:2017,BIS,cr3,72083990,N,7.453,90610534,MATCHED
2000,R_HR_CO,Hot Rolled Black Coil,26CJ0920R0,27.45,2001,2,1235,0011000144,JSW Vijayanagar Metallics Limited,26243864,5000097057,4600000273,130,10-03-26,101,HRC,COIL,11513:2017,BIS,cr3,72083990,N,7.453,86656173,MATCHED
2000,R_HR_CO,Hot Rolled Black Coil,26CJ0921R0,27.35,2001,2,1235,0011000144,JSW Vijayanagar Metallics Limited,26243865,5000097061,4600000273,130,10-03-26,101,HRC,COIL,11513:2017,BIS,cr3,72083990,N,7.453,51201039,MATCHED
2000,R_HR_CO,Hot Rolled Black Coil,26CJ0922R0,27.36,2001,2.5,1510,0011000144,JSW Vijayanagar Metallics Limited,26238003,5000097063,4600000273,180,10-03-26,101,HRC,COIL,11513:2017,BIS,cr3,72083990,N,7.453,68817826,MATCHED
2000,R_HR_CO,Hot Rolled Black Coil,26CJ0923R0,27.405,2001,2.2,1230,0011000144,JSW Vijayanagar Metallics Limited,26243373,5000097065,4600000273,100,10-03-26,101,HRC,COIL,11513:2017,BIS,cr3,72083990,N,7.453,61366557,MATCHED
2000,R_HR_CO,Hot Rolled Black Coil,26CJ0924R0,27.305,2001,2,1235,0011000144,JSW Vijayanagar Metallics Limited,26243870,5000097067,4600000273,130,10-03-26,101,HRC,COIL,11513:2017,BIS,cr3,72083990,N,7.453,33752180,MATCHED
2000,R_HR_CO,Hot Rolled Black Coil,26CJ0925R0,27.385,2001,2.2,1230,0011000144,JSW Vijayanagar Metallics Limited,26243765,5000097071,4600000277,80,10-03-26,101,HRC,COIL,11513:2017,BIS,cr3,72083990,N,7.453,49687793,MATCHED
2000,R_HR_CO,Hot Rolled Black Coil,26CJ0926R0,25.09,2001,2.5,1230,0011000144,JSW Vijayanagar Metallics Limited,26243350,5000097079,4600000277,90,10-03-26,101,HRC,COIL,11513:2017,BIS,cr3,72083990,N,7.453,98163993,MATCHED
2000,R_HR_CO,Hot Rolled Black Coil,26CJ0927R0,26.35,2001,2.5,1230,0011000144,JSW Vijayanagar Metallics Limited,26243912,5000097085,4600000273,150,10-03-26,101,HRC,COIL,11513:2017,BIS,cr3,72083990,N,7.453,51368156,MATCHED
2000,R_HR_CO,Hot Rolled Black Coil,26CJ0928R0,27.385,2001,2.5,1230,0011000144,JSW Vijayanagar Metallics Limited,26243283,5000097091,4600000277,90,10-03-26,101,HRC,COIL,11513:2017,BIS,cr3,72083990,N,7.453,14625898,MATCHED
2000,R_HR_CO,Hot Rolled Black Coil,26CJ0929R0,27.225,2001,2,1260,0011000144,JSW Vijayanagar Metallics Limited,26243736,5000097097,4600000278,350,05-02-26,101,HRC,COIL,11513:2017,BIS,cr3,72083990,N,7.453,26951037,MATCHED
2000,R_HR_CO,Hot Rolled Black Coil,26CJ0930R0,27.53,2001,2.2,1230,0011000144,JSW Vijayanagar Metallics Limited,26243755,5000097098,4600000277,80,10-03-26,101,HRC,COIL,11513:2017,BIS,cr3,72083990,N,7.453,45378030,MATCHED
2000,R_HR_CO,Hot Rolled Black Coil,26CJ0931R0,27.19,2001,2.5,1260,0011000144,JSW Vijayanagar Metallics Limited,26239499,5000097099,4600000278,380,05-02-26,101,HRC,COIL,11513:2017,BIS,cr3,72083990,N,7.453,18223704,MATCHED
2000,R_HR>3MM_CO,Hot Rolled Black Coil 3mm & Above,26CJ0932R0,27.495,2001,3,1265,0011000144,JSW Vijayanagar Metallics Limited,26243840,5000097100,4600000273,220,10-03-26,101,HRC,COIL,11513:2017,BIS,cr3,72083890,N,7.453,29188016,MATCHED
2000,R_HR_CO,Hot Rolled Black Coil,26CJ0933R0,27.385,2001,2,1260,0011000144,JSW Vijayanagar Metallics Limited,26243737,5000097101,4600000278,350,05-02-26,101,HRC,COIL,11513:2017,BIS,cr3,72083990,N,7.453,99891506,MATCHED
2000,R_HR_CO,Hot Rolled Black Coil,26CJ0934R0,27.53,2001,2.5,1230,0011000144,JSW Vijayanagar Metallics Limited,26243455,5000097103,4600000277,90,10-03-26,101,HRC,COIL,11513:2017,BIS,cr3,72083990,N,7.453,54383246,MATCHED
2000,R_HR_CO,Hot Rolled Black Coil,26CJ0935R0,27.34,2001,2.5,1260,0011000144,JSW Vijayanagar Metallics Limited,26239152,5000097104,4600000278,380,05-02-26,101,HRC,COIL,11513:2017,BIS,cr3,72083990,N,7.453,84743121,MATCHED
2000,R_HR>3MM_CO,Hot Rolled Black Coil 3mm & Above,26CJ0936R0,27.445,2001,3,1265,0011000144,JSW Vijayanagar Metallics Limited,26243775,5000097106,4600000273,220,10-03-26,101,HRC,COIL,11513:2017,BIS,cr3,72083890,N,7.453,13973245,MATCHED
2000,R_HR_CO,Hot Rolled Black Coil,26CJ0937R0,25.795,2001,2,1250,0011000144,JSW Vijayanagar Metallics Limited,26238920,5000097107,4600000278,90,10-03-26,101,HRC,COIL,11513:2017,BIS,HR2,72083990,N,7.453,41380077,MATCHED
2000,R_HR_CO,Hot Rolled Black Coil,26CJ0938R0,27.06,2001,2.2,1230,0011000144,JSW Vijayanagar Metallics Limited,26243766,5000097108,4600000277,80,10-03-26,101,HRC,COIL,11513:2017,BIS,cr3,72083990,N,7.453,38546282,MATCHED
2000,R_HR_CO,Hot Rolled Black Coil,26CJ0939R0,25.735,2001,2,1250,0011000144,JSW Vijayanagar Metallics Limited,26238585,5000097109,4600000278,90,10-03-26,101,HRC,COIL,11513:2017,BIS,HR2,72083990,N,7.453,32112886,MATCHED
2000,R_HR_CO,Hot Rolled Black Coil,26CJ0940R0,21.355,2001,2,1235,0011000144,JSW Vijayanagar Metallics Limited,26243354,5000097110,4600000273,130,10-03-26,101,HRC,COIL,11513:2017,BIS,cr3,72083990,N,7.453,69745529,MATCHED
2000,R_HR_CO,Hot Rolled Black Coil,26CJ0941R0,27.45,2001,2,1235,0011000144,JSW Vijayanagar Metallics Limited,26243869,5000097111,4600000273,130,10-03-26,101,HRC,COIL,11513:2017,BIS,cr3,72083990,N,7.453,18505115,MATCHED
2000,R_HR_CO,Hot Rolled Black Coil,26CJ0942R0,27.435,2001,2,1235,0011000144,JSW Vijayanagar Metallics Limited,26243759,5000097112,4600000277,70,10-03-26,101,HRC,COIL,11513:2017,BIS,cr3,72083990,N,7.453,49510543,MATCHED
2000,R_HR_CO,Hot Rolled Black Coil,26CJ0943R0,25.78,2001,2,1250,0011000144,JSW Vijayanagar Metallics Limited,26238584,5000097114,4600000278,90,10-03-26,101,HRC,COIL,11513:2017,BIS,HR2,72083990,N,7.453,52098077,MATCHED
2000,R_HR_CO,Hot Rolled Black Coil,26CJ0944R0,25.67,2001,2,1250,0011000144,JSW Vijayanagar Metallics Limited,26238918,5000097116,4600000278,90,10-03-26,101,HRC,COIL,11513:2017,BIS,HR2,72083990,N,7.453,22008466,MATCHED
2000,R_HR_CO,Hot Rolled Black Coil,26CJ0945R0,27.055,2001,2.2,1230,0011000144,JSW Vijayanagar Metallics Limited,26243459,5000097117,4600000277,80,10-03-26,101,HRC,COIL,11513:2017,BIS,cr3,72083990,N,7.453,38951462,MATCHED
2000,R_HR_CO,Hot Rolled Black Coil,26CJ0946R0,27.305,2001,2,1235,0011000144,JSW Vijayanagar Metallics Limited,26243760,5000097119,4600000277,70,10-03-26,101,HRC,COIL,11513:2017,BIS,cr3,72083990,N,7.453,54041966,MATCHED
2000,R_HR_CO,Hot Rolled Black Coil,26CJ0948R0,26.385,2001,2.5,1230,0011000144,JSW Vijayanagar Metallics Limited,26243909,5000097122,4600000273,150,10-03-26,101,HRC,COIL,11513:2017,BIS,cr3,72083990,N,7.453,88810645,MATCHED
2000,R_HR_CO,Hot Rolled Black Coil,26CJ0950R0,27.46,2001,2,1260,0011000144,JSW Vijayanagar Metallics Limited,26243741,5000097126,4600000278,350,05-02-26,101,HRC,COIL,11513:2017,BIS,cr3,72083990,N,7.453,27624161,MATCHED
2000,R_HR_CO,Hot Rolled Black Coil,26CJ0953R0,27.385,2001,2.5,1230,0011000144,JSW Vijayanagar Metallics Limited,26243764,5000097129,4600000273,150,10-03-26,101,HRC,COIL,11513:2017,BIS,cr3,72083990,N,7.453,85834395,MATCHED
2000,R_HR_CO,Hot Rolled Black Coil,26CJ0954R0,27.495,2001,2.2,1230,0011000144,JSW Vijayanagar Metallics Limited,26243846,5000097130,4600000277,80,10-03-26,101,HRC,COIL,11513:2017,BIS,cr3,72083990,N,7.453,75214217,MATCHED
2000,R_HR_CO,Hot Rolled Black Coil,26CJ0955R0,27.3,2001,2.2,1230,0011000144,JSW Vijayanagar Metallics Limited,26243358,5000097131,4600000277,80,10-03-26,101,HRC,COIL,11513:2017,BIS,cr3,72083990,N,7.453,36110273,MATCHED
2000,R_HR_CO,Hot Rolled Black Coil,26CJ0956R0,26.885,2001,2,1235,0011000144,JSW Vijayanagar Metallics Limited,26243357,5000097133,4600000273,130,10-03-26,101,HRC,COIL,11513:2017,BIS,cr3,72083990,N,7.453,77798285,MATCHED
2000,R_HR_CO,Hot Rolled Black Coil,26CJ0957R0,27.425,2001,2.5,1230,0011000144,JSW Vijayanagar Metallics Limited,26243903,5000097135,4600000273,150,10-03-26,101,HRC,COIL,11513:2017,BIS,cr3,72083990,N,7.453,83614661,MATCHED
2000,R_HR_CO,Hot Rolled Black Coil,26CJ0958R0,27.015,2001,2.2,1230,0011000144,JSW Vijayanagar Metallics Limited,26243847,5000097147,4600000277,80,10-03-26,101,HRC,COIL,11513:2017,BIS,cr3,72083990,N,7.453,41934291,MATCHED
2000,R_HR_CO,Hot Rolled Black Coil,26CJ0959R0,27.33,2001,2,1235,0011000144,JSW Vijayanagar Metallics Limited,26243866,5000097149,4600000273,130,10-03-26,101,HRC,COIL,11513:2017,BIS,cr3,72083990,N,7.453,21184241,MATCHED
2000,R_HR_CO,Hot Rolled Black Coil,26CJ0960R0,27.365,2001,2.2,1230,0011000144,JSW Vijayanagar Metallics Limited,26243862,5000097151,4600000277,80,10-03-26,101,HRC,COIL,11513:2017,BIS,cr3,72083990,N,7.453,76163051,MATCHED
2000,R_HR_CO,Hot Rolled Black Coil,26CJ0961R0,27.825,2001,2,1235,0011000144,JSW Vijayanagar Metallics Limited,26243851,5000097152,4600000273,130,10-03-26,101,HRC,COIL,11513:2017,BIS,cr3,72083990,N,7.453,62435983,MATCHED
2000,R_HR_CO,Hot Rolled Black Coil,26CJ0962R0,27.475,2001,2.2,1230,0011000144,JSW Vijayanagar Metallics Limited,26243861,5000097154,4600000277,80,10-03-26,101,HRC,COIL,11513:2017,BIS,cr3,72083990,N,7.453,87875696,MATCHED
2000,R_HR_CO,Hot Rolled Black Coil,26CJ0963R0,27.37,2001,2.2,1230,0011000144,JSW Vijayanagar Metallics Limited,26243372,5000097156,4600000279,10,31-03-26,101,HRC,COIL,11513:2017,BIS,cr3,72083990,N,7.453,46376320,MATCHED
2000,R_HR_CO,Hot Rolled Black Coil,26CJ0964R0,27.505,2001,2.2,1230,0011000144,JSW Vijayanagar Metallics Limited,26243368,5000097157,4600000279,10,31-03-26,101,HRC,COIL,11513:2017,BIS,cr3,72083990,N,7.453,69125729,MATCHED
2000,R_HR_CO,Hot Rolled Black Coil,26CT0062R0,28.7,2001,2,1235,0011000082,TATA STEEL LTD,268003093,5000094339,4600000254,90,05-02-26,101,HRC,COIL,11513:2017,BIS,cr3,72083990,N,7.453,10720148,MATCHED
2000,R_HR_CO,Hot Rolled Black Coil,26CT0063R0,28.67,2001,2.2,1230,0011000082,TATA STEEL LTD,268003088,5000094340,4600000254,120,05-02-26,101,HRC,COIL,11513:2017,BIS,cr3,72083990,N,7.453,41581108,MATCHED
2000,R_HR_CO,Hot Rolled Black Coil,26CT0064R0,28.29,2001,2,1235,0011000082,TATA STEEL LTD,268005099,5000094341,4600000254,90,05-02-26,101,HRC,COIL,11513:2017,BIS,cr3,72083990,N,7.453,77107079,MATCHED
2000,R_HR_CO,Hot Rolled Black Coil,26CT0065R0,28.6,2001,2,1235,0011000082,TATA STEEL LTD,268003094,5000094342,4600000254,90,05-02-26,101,HRC,COIL,11513:2017,BIS,cr3,72083990,N,7.453,48045138,MATCHED
2000,R_HR_CO,Hot Rolled Black Coil,26CT0066R0,28.6,2001,2,1235,0011000082,TATA STEEL LTD,268005092,5000094343,4600000254,90,05-02-26,101,HRC,COIL,11513:2017,BIS,cr3,72083990,N,7.453,31966869,MATCHED
2000,R_HR_CO,Hot Rolled Black Coil,26CT0067R0,26.13,2001,2.5,1230,0011000082,TATA STEEL LTD,268005089,5000094345,4600000254,140,05-02-26,101,HRC,COIL,11513:2017,BIS,cr3,72083990,N,7.453,13229598,MATCHED
2000,R_HR_CO,Hot Rolled Black Coil,26CT0068R0,28.32,2001,2,1235,0011000082,TATA STEEL LTD,268004079,5000094346,4600000254,90,05-02-26,101,HRC,COIL,11513:2017,BIS,cr3,72083990,N,7.453,31172113,MATCHED
2000,R_HR_CO,Hot Rolled Black Coil,26CT0069R0,20.42,2001,2,1235,0011000082,TATA STEEL LTD,268004083,5000094353,4600000254,90,05-02-26,101,HRC,COIL,11513:2017,BIS,cr3,72083990,N,7.453,85516318,MATCHED
2000,R_HR_CO,Hot Rolled Black Coil,26CT0070R0,20.47,2001,2,1235,0011000082,TATA STEEL LTD,268004081,5000094354,4600000254,90,05-02-26,101,HRC,COIL,11513:2017,BIS,cr3,72083990,N,7.453,71450273,MATCHED
2000,R_HR_CO,Hot Rolled Black Coil,26CT0071R0,28.48,2001,2,1235,0011000082,TATA STEEL LTD,268004084,5000094355,4600000254,90,05-02-26,101,HRC,COIL,11513:2017,BIS,cr3,72083990,N,7.453,51004827,MATCHED
2000,R_HR_CO,Hot Rolled Black Coil,26CT0072R0,28.54,2001,2.2,1230,0011000082,TATA STEEL LTD,268003069,5000094358,4600000254,120,05-02-26,101,HRC,COIL,11513:2017,BIS,cr3,72083990,N,7.453,71349605,MATCHED
2000,R_HR_CO,Hot Rolled Black Coil,26CT0073R0,28.48,2001,2,1235,0011000082,TATA STEEL LTD,268003074,5000094359,4600000254,90,05-02-26,101,HRC,COIL,11513:2017,BIS,cr3,72083990,N,7.453,75774524,MATCHED
2000,R_HR_CO,Hot Rolled Black Coil,26CT0079R0,28.64,2001,2.5,1230,0011000082,TATA STEEL LTD,268004039,5000094370,4600000254,140,05-02-26,101,HRC,COIL,11513:2017,BIS,cr3,72083990,N,7.453,78983466,MATCHED
2000,R_HR_CO,Hot Rolled Black Coil,26CT0080R0,28.51,2001,2.2,1230,0011000082,TATA STEEL LTD,268004044,5000094371,4600000254,120,05-02-26,101,HRC,COIL,11513:2017,BIS,cr3,72083990,N,7.453,81024657,MATCHED
2000,R_HR_CO,Hot Rolled Black Coil,26CT0081R0,28.6,2001,2,1235,0011000082,TATA STEEL LTD,268004049,5000094372,4600000254,90,05-02-26,101,HRC,COIL,11513:2017,BIS,cr3,72083990,N,7.453,36903943,MATCHED
2000,R_HR_CO,Hot Rolled Black Coil,26CT0082R0,28.49,2001,2.2,1230,0011000082,TATA STEEL LTD,268004058,5000094373,4600000254,120,05-02-26,101,HRC,COIL,11513:2017,BIS,cr3,72083990,N,7.453,77933341,MATCHED
2000,R_HR_CO,Hot Rolled Black Coil,26CT0090R0,28.21,2001,2,1235,0011000082,TATA STEEL LTD,268004085,5000094381,4600000254,90,05-02-26,101,HRC,COIL,11513:2017,BIS,cr3,72083990,N,7.453,79899765,MATCHED
2000,R_HR_CO,Hot Rolled Black Coil,26CT0091R0,28.61,2001,2,1235,0011000082,TATA STEEL LTD,268004054,5000094382,4600000254,90,05-02-26,101,HRC,COIL,11513:2017,BIS,cr3,72083990,N,7.453,83249805,MATCHED
2000,R_HR_CO,Hot Rolled Black Coil,26CT0092R0,28.54,2001,2.5,1230,0011000082,TATA STEEL LTD,268004041,5000094383,4600000254,140,05-02-26,101,HRC,COIL,11513:2017,BIS,cr3,72083990,N,7.453,75057029,MATCHED
2000,R_HR_CO,Hot Rolled Black Coil,26CT0093R0,28.48,2001,2.2,1230,0011000082,TATA STEEL LTD,268004065,5000094384,4600000254,120,05-02-26,101,HRC,COIL,11513:2017,BIS,cr3,72083990,N,7.453,51396404,MATCHED
2000,R_HR_CO,Hot Rolled Black Coil,26CT0094R0,28.5,2001,2,1235,0011000082,TATA STEEL LTD,268004076,5000094385,4600000254,90,05-02-26,101,HRC,COIL,11513:2017,BIS,cr3,72083990,N,7.453,18535490,MATCHED
2000,R_HR_CO,Hot Rolled Black Coil,26CT0095R0,28.57,2001,2.2,1230,0011000082,TATA STEEL LTD,268004043,5000094386,4600000254,120,05-02-26,101,HRC,COIL,11513:2017,BIS,cr3,72083990,N,7.453,20189368,MATCHED
2000,R_HR_CO,Hot Rolled Black Coil,26CT0096R0,28.58,2001,2.2,1230,0011000082,TATA STEEL LTD,268004071,5000094387,4600000254,120,05-02-26,101,HRC,COIL,11513:2017,BIS,cr3,72083990,N,7.453,77238398,MATCHED
2000,R_HR_CO,Hot Rolled Black Coil,26CT0097R0,28.46,2001,2,1235,0011000082,TATA STEEL LTD,268004080,5000094388,4600000254,90,05-02-26,101,HRC,COIL,11513:2017,BIS,cr3,72083990,N,7.453,54877966,MATCHED
2000,R_HR_CO,Hot Rolled Black Coil,26CT0098R0,28.54,2001,2.2,1230,0011000082,TATA STEEL LTD,268004042,5000094389,4600000254,120,05-02-26,101,HRC,COIL,11513:2017,BIS,cr3,72083990,N,7.453,15587321,MATCHED
2000,R_HR_CO,Hot Rolled Black Coil,26CT0099R0,28.54,2001,2,1235,0011000082,TATA STEEL LTD,268004053,5000094390,4600000254,90,05-02-26,101,HRC,COIL,11513:2017,BIS,cr3,72083990,N,7.453,79696179,MATCHED
2000,R_HR_CO,Hot Rolled Black Coil,26CT0100R0,28.17,2001,2,1235,0011000082,TATA STEEL LTD,268004075,5000094391,4600000254,90,05-02-26,101,HRC,COIL,11513:2017,BIS,cr3,72083990,N,7.453,61347135,MATCHED
2000,R_HR_CO,Hot Rolled Black Coil,26CT0102R0,28.55,2001,2.2,1230,0011000082,TATA STEEL LTD,268004056,5000094392,4600000254,120,05-02-26,101,HRC,COIL,11513:2017,BIS,cr3,72083990,N,7.453,37693854,MATCHED
2000,R_HR_CO,Hot Rolled Black Coil,26CT0103R0,28.54,2001,2,1235,0011000082,TATA STEEL LTD,268004078,5000094394,4600000254,90,05-02-26,101,HRC,COIL,11513:2017,BIS,cr3,72083990,N,7.453,49137807,MATCHED
2000,R_HR_CO,Hot Rolled Black Coil,26CT0104R0,28.55,2001,2.5,1230,0011000082,TATA STEEL LTD,268004061,5000094396,4600000254,140,05-02-26,101,HRC,COIL,11513:2017,BIS,cr3,72083990,N,7.453,58064220,MATCHED
2000,R_HR_CO,Hot Rolled Black Coil,26CT0105R0,28.52,2001,2,1235,0011000082,TATA STEEL LTD,268004051,5000094397,4600000254,320,27-01-26,101,HRC,COIL,11513:2017,BIS,cr3,72083990,N,7.453,98207385,MATCHED
2000,R_HR_CO,Hot Rolled Black Coil,26CT0115R0,28.51,2001,2.2,1230,0011000082,TATA STEEL LTD,268004067,5000094409,4600000254,120,05-02-26,101,HRC,COIL,11513:2017,BIS,cr3,72083990,N,7.453,81128841,MATCHED
2000,R_HR_CO,Hot Rolled Black Coil,26CT0116R0,28.42,2001,2,1235,0011000082,TATA STEEL LTD,268005097,5000094413,4600000254,90,05-02-26,101,HRC,COIL,11513:2017,BIS,cr3,72083990,N,7.453,65187478,MATCHED
2000,R_HR_CO,Hot Rolled Black Coil,26CT0117R0,28.55,2001,2,1235,0011000082,TATA STEEL LTD,268005095,5000094416,4600000254,90,05-02-26,101,HRC,COIL,11513:2017,BIS,cr3,72083990,N,7.453,60653950,MATCHED
2000,R_HR_CO,Hot Rolled Black Coil,26CT0118R0,28.48,2001,2.2,1230,0011000082,TATA STEEL LTD,268004064,5000094420,4600000254,120,05-02-26,101,HRC,COIL,11513:2017,BIS,cr3,72083990,N,7.453,23657316,MATCHED
2000,R_HR_CO,Hot Rolled Black Coil,26CT0119R0,28.58,2001,2.2,1230,0011000082,TATA STEEL LTD,268004066,5000094465,4600000254,120,05-02-26,101,HRC,COIL,11513:2017,BIS,cr3,72083990,N,7.453,21197151,MATCHED
2000,R_HR_CO,Hot Rolled Black Coil,26CT0120R0,28.56,2001,2,1235,0011000082,TATA STEEL LTD,268004048,5000094467,4600000254,90,05-02-26,101,HRC,COIL,11513:2017,BIS,cr3,72083990,N,7.453,41128524,MATCHED
2000,R_HR_CO,Hot Rolled Black Coil,26CT0121R0,28.47,2001,2,1235,0011000082,TATA STEEL LTD,268004077,5000094468,4600000254,90,05-02-26,101,HRC,COIL,11513:2017,BIS,cr3,72083990,N,7.453,62471602,MATCHED
2000,R_HR_CO,Hot Rolled Black Coil,26CT0122R0,28.57,2001,2,1235,0011000082,TATA STEEL LTD,268005093,5000094475,4600000254,320,27-01-26,101,HRC,COIL,11513:2017,BIS,cr3,72083990,N,7.453,54810958,MATCHED
2000,R_HR_CO,Hot Rolled Black Coil,26CT0123R0,28.5,2001,2.2,1230,0011000082,TATA STEEL LTD,268005091,5000094476,4600000254,120,05-02-26,101,HRC,COIL,11513:2017,BIS,cr3,72083990,N,7.453,17195137,MATCHED
2000,R_HR_CO,Hot Rolled Black Coil,26CT0124R0,28.5,2001,2.2,1230,0011000082,TATA STEEL LTD,268005080,5000094478,4600000254,120,05-02-26,101,HRC,COIL,11513:2017,BIS,cr3,72083990,N,7.453,62476149,MATCHED
2000,R_HR_CO,Hot Rolled Black Coil,26CT0125R0,27.58,2001,2.5,1245,0011000082,TATA STEEL LTD,268019084,5000094479,4600000259,10,15-03-26,101,HRC,COIL,11513:2017,BIS,cr3,72083990,N,7.453,23027460,MATCHED
2000,R_HR_CO,Hot Rolled Black Coil,26CT0126R0,28.62,2001,2,1235,0011000082,TATA STEEL LTD,268005064,5000094480,4600000254,90,05-02-26,101,HRC,COIL,11513:2017,BIS,cr3,72083990,N,7.453,76921999,MATCHED
2000,R_HR_CO,Hot Rolled Black Coil,26CT0127R0,28.53,2001,2.2,1230,0011000082,TATA STEEL LTD,268006061,5000094486,4600000254,120,05-02-26,101,HRC,COIL,11513:2017,BIS,cr3,72083990,N,7.453,43154736,MATCHED
2000,R_HR_CO,Hot Rolled Black Coil,26CT0131R0,28.5,2001,2.2,1230,0011000082,TATA STEEL LTD,268004063,5000094498,4600000254,120,05-02-26,101,HRC,COIL,11513:2017,BIS,cr3,72083990,N,7.453,70096960,MATCHED
2000,R_HR_CO,Hot Rolled Black Coil,26CT0132R0,28.46,2001,2.2,1230,0011000082,TATA STEEL LTD,268005078,5000094499,4600000254,120,05-02-26,101,HRC,COIL,11513:2017,BIS,cr3,72083990,N,7.453,69710413,MATCHED
2000,R_HR_CO,Hot Rolled Black Coil,26CT0133R0,28.43,2001,2.2,1230,0011000082,TATA STEEL LTD,268006062,5000094500,4600000254,120,05-02-26,101,HRC,COIL,11513:2017,BIS,cr3,72083990,N,7.453,71340350,MATCHED
2000,R_HR_CO,Hot Rolled Black Coil,26CT0134R0,28.45,2001,2,1235,0011000082,TATA STEEL LTD,268004068,5000094502,4600000254,90,05-02-26,101,HRC,COIL,11513:2017,BIS,cr3,72083990,N,7.453,81914428,MATCHED
2000,R_HR_CO,Hot Rolled Black Coil,26CT0135R0,28.69,2001,2.2,1230,0011000082,TATA STEEL LTD,268005052,5000094503,4600000254,120,05-02-26,101,HRC,COIL,11513:2017,BIS,cr3,72083990,N,7.453,65872824,MATCHED
2000,R_HR_CO,Hot Rolled Black Coil,26CT0136R0,28.37,2001,2.2,1230,0011000082,TATA STEEL LTD,268006063,5000094504,4600000254,120,05-02-26,101,HRC,COIL,11513:2017,BIS,cr3,72083990,N,7.453,17330072,MATCHED
2000,R_HR_CO,Hot Rolled Black Coil,26CT0137R0,27.57,2001,2.5,1245,0011000082,TATA STEEL LTD,268020091,5000094505,4600000259,10,15-03-26,101,HRC,COIL,11513:2017,BIS,cr3,72083990,N,7.453,55984431,MATCHED
2000,R_HR_CO,Hot Rolled Black Coil,26CT0138R0,27.37,2001,2.5,1245,0011000082,TATA STEEL LTD,268019086,5000094506,4600000259,10,15-03-26,101,HRC,COIL,11513:2017,BIS,cr3,72083990,N,7.453,13979030,MATCHED
2000,R_HR_CO,Hot Rolled Black Coil,26CT0151R0,28.61,2001,2,1235,0011000082,TATA STEEL LTD,268005065,5000094527,4600000254,90,05-02-26,101,HRC,COIL,11513:2017,BIS,cr3,72083990,N,7.453,16030767,MATCHED
2000,R_HR_CO,Hot Rolled Black Coil,26CT0152R0,28.59,2001,2.5,1230,0011000082,TATA STEEL LTD,268004040,5000094528,4600000254,140,05-02-26,101,HRC,COIL,11513:2017,BIS,cr3,72083990,N,7.453,59490646,MATCHED
2000,R_HR_CO,Hot Rolled Black Coil,26CT0153R0,28.51,2001,2.2,1230,0011000082,TATA STEEL LTD,268005079,5000094530,4600000254,120,05-02-26,101,HRC,COIL,11513:2017,BIS,cr3,72083990,N,7.453,26215185,MATCHED
2000,R_HR_CO,Hot Rolled Black Coil,26CT0154R0,28.68,2001,2.5,1230,0011000082,TATA STEEL LTD,268005069,5000094532,4600000254,140,05-02-26,101,HRC,COIL,11513:2017,BIS,cr3,72083990,N,7.453,24179468,MATCHED
2000,R_HR_CO,Hot Rolled Black Coil,26CT0156R0,28.41,2001,2.5,1230,0011000082,TATA STEEL LTD,268006056,5000094540,4600000254,140,05-02-26,101,HRC,COIL,11513:2017,BIS,cr3,72083990,N,7.453,49906821,MATCHED
2000,R_HR_CO,Hot Rolled Black Coil,26CT0157R0,28.24,2001,2.2,1230,0011000082,TATA STEEL LTD,268003070,5000094542,4600000254,120,05-02-26,101,HRC,COIL,11513:2017,BIS,cr3,72083990,N,7.453,20015544,MATCHED
2000,R_HR_CO,Hot Rolled Black Coil,26CT0158R0,28.23,2001,2.5,1230,0011000082,TATA STEEL LTD,268005086,5000094545,4600000254,140,05-02-26,101,HRC,COIL,11513:2017,BIS,cr3,72083990,N,7.453,20233719,MATCHED
2000,R_HR_CO,Hot Rolled Black Coil,26CT0159R0,28.61,2001,2.2,1230,0011000082,TATA STEEL LTD,268005053,5000094555,4600000254,120,05-02-26,101,HRC,COIL,11513:2017,BIS,cr3,72083990,N,7.453,97705098,MATCHED
2000,R_HR_CO,Hot Rolled Black Coil,26CT0160R0,28.63,2001,2,1235,0011000082,TATA STEEL LTD,268005059,5000094557,4600000254,90,05-02-26,101,HRC,COIL,11513:2017,BIS,cr3,72083990,N,7.453,20016239,MATCHED
2000,R_HR_CO,Hot Rolled Black Coil,26CT0161R0,28.51,2001,2.2,1230,0011000082,TATA STEEL LTD,268006070,5000094558,4600000254,120,05-02-26,101,HRC,COIL,11513:2017,BIS,cr3,72083990,N,7.453,25299116,MATCHED
2000,R_HR_CO,Hot Rolled Black Coil,26CT0162R0,28.61,2001,2,1235,0011000082,TATA STEEL LTD,268005060,5000094559,4600000254,90,05-02-26,101,HRC,COIL,11513:2017,BIS,cr3,72083990,N,7.453,80273572,MATCHED
2000,R_HR_CO,Hot Rolled Black Coil,26CT0163R0,28.55,2001,2,1235,0011000082,TATA STEEL LTD,268003077,5000094573,4600000254,90,05-02-26,101,HRC,COIL,11513:2017,BIS,cr3,72083990,N,7.453,35299582,MATCHED
2000,R_HR_CO,Hot Rolled Black Coil,26CT0164R0,28.62,2001,2.5,1230,0011000082,TATA STEEL LTD,268005067,5000094574,4600000254,140,05-02-26,101,HRC,COIL,11513:2017,BIS,cr3,72083990,N,7.453,43867710,MATCHED
2000,R_HR_CO,Hot Rolled Black Coil,26CT0170R0,28.5,2001,2.2,1230,0011000082,TATA STEEL LTD,268005082,5000094601,4600000264,10,04-03-26,101,HRC,COIL,11513:2017,BIS,cr3,72083990,N,7.453,44332462,MATCHED
2000,R_HR_CO,Hot Rolled Black Coil,26CT0171R0,28.64,2001,2,1235,0011000082,TATA STEEL LTD,268003092,5000094602,4600000254,90,05-02-26,101,HRC,COIL,11513:2017,BIS,cr3,72083990,N,7.453,73910881,MATCHED
2000,R_HR_CO,Hot Rolled Black Coil,26CT0172R0,28.44,2001,2.2,1230,0011000082,TATA STEEL LTD,268005083,5000094603,4600000264,10,04-03-26,101,HRC,COIL,11513:2017,BIS,cr3,72083990,N,7.453,85627749,MATCHED
2000,R_HR_CO,Hot Rolled Black Coil,26CT0173R0,28.58,2001,2.5,1230,0011000082,TATA STEEL LTD,268005050,5000094604,4600000254,140,05-02-26,101,HRC,COIL,11513:2017,BIS,cr3,72083990,N,7.453,91922175,MATCHED
2000,R_HR_CO,Hot Rolled Black Coil,26CT0174R0,28.65,2001,2.2,1230,0011000082,TATA STEEL LTD,268003089,5000094605,4600000264,10,04-03-26,101,HRC,COIL,11513:2017,BIS,cr3,72083990,N,7.453,26106188,MATCHED
2000,R_HR_CO,Hot Rolled Black Coil,26CT0175R0,28.54,2001,2.2,1230,0011000082,TATA STEEL LTD,268005077,5000094606,4600000264,10,04-03-26,101,HRC,COIL,11513:2017,BIS,cr3,72083990,N,7.453,10153037,MATCHED
2000,R_HR_CO,Hot Rolled Black Coil,26CT0176R0,28.6,2001,2.5,1230,0011000082,TATA STEEL LTD,268006058,5000094607,4600000254,140,05-02-26,101,HRC,COIL,11513:2017,BIS,cr3,72083990,N,7.453,32336089,MATCHED
2000,R_HR_CO,Hot Rolled Black Coil,26CT0177R0,28.49,2001,2.2,1230,0011000082,TATA STEEL LTD,268006067,5000094613,4600000254,120,05-02-26,101,HRC,COIL,11513:2017,BIS,cr3,72083990,N,7.453,86676385,MATCHED
2000,R_HR_CO,Hot Rolled Black Coil,26CT0178R0,28.51,2001,2.5,1230,0011000082,TATA STEEL LTD,268005088,5000094615,4600000254,140,05-02-26,101,HRC,COIL,11513:2017,BIS,cr3,72083990,N,7.453,93049307,MATCHED
2000,R_HR_CO,Hot Rolled Black Coil,26CT0179R0,28.61,2001,2.5,1230,0011000082,TATA STEEL LTD,268005066,5000094617,4600000254,140,05-02-26,101,HRC,COIL,11513:2017,BIS,cr3,72083990,N,7.453,80325742,MATCHED
2000,R_HR_CO,Hot Rolled Black Coil,26CT0190R0,28.26,2001,2.2,1230,0011000082,TATA STEEL LTD,268005084,5000094642,4600000254,120,05-02-26,101,HRC,COIL,11513:2017,BIS,cr3,72083990,N,7.453,15343789,MATCHED
2000,R_HR_CO,Hot Rolled Black Coil,26CT0191R0,28.5,2001,2.2,1230,0011000082,TATA STEEL LTD,268006068,5000094643,4600000254,120,05-02-26,101,HRC,COIL,11513:2017,BIS,cr3,72083990,N,7.453,56349750,MATCHED
2000,R_HR_CO,Hot Rolled Black Coil,26CT0192R0,28.6,2001,2.2,1230,0011000082,TATA STEEL LTD,268005075,5000094647,4600000254,120,05-02-26,101,HRC,COIL,11513:2017,BIS,cr3,72083990,N,7.453,73940650,MATCHED
2000,R_HR_CO,Hot Rolled Black Coil,26CT0199R0,28.7,2001,2.5,1230,0011000082,TATA STEEL LTD,268005070,5000094681,4600000254,140,05-02-26,101,HRC,COIL,11513:2017,BIS,cr3,72083990,N,7.453,13670350,MATCHED
2000,R_HR_CO,Hot Rolled Black Coil,26CT0210R0,28.56,2001,2.2,1230,0011000082,TATA STEEL LTD,268006066,5000094701,4600000264,10,04-03-26,101,HRC,COIL,11513:2017,BIS,cr3,72083990,N,7.453,29233834,MATCHED
2000,R_HR_CO,Hot Rolled Black Coil,26CT0217R0,28.51,2001,2.2,1230,0011000082,TATA STEEL LTD,268006059,5000094719,4600000264,10,04-03-26,101,HRC,COIL,11513:2017,BIS,cr3,72083990,N,7.453,21864440,MATCHED
2000,R_HR_CO,Hot Rolled Black Coil,26CT0224R0,28.66,2001,2.5,1230,0011000082,TATA STEEL LTD,268003084,5000094735,4600000254,140,05-02-26,101,HRC,COIL,11513:2017,BIS,cr3,72083990,N,7.453,23741986,MATCHED
2000,R_HR_CO,Hot Rolled Black Coil,26CT0225R0,28.61,2001,2.5,1230,0011000082,TATA STEEL LTD,268005068,5000094747,4600000254,140,05-02-26,101,HRC,COIL,11513:2017,BIS,cr3,72083990,N,7.453,62278907,MATCHED
2000,R_HR_CO,Hot Rolled Black Coil,26CT0226R0,28.49,2001,2.2,1230,0011000082,TATA STEEL LTD,268006060,5000094750,4600000264,10,04-03-26,101,HRC,COIL,11513:2017,BIS,cr3,72083990,N,7.453,65087241,MATCHED
2000,R_HR_CO,Hot Rolled Black Coil,26CT0227R0,28.54,2001,2.5,1230,0011000082,TATA STEEL LTD,268006057,5000094752,4600000254,140,05-02-26,101,HRC,COIL,11513:2017,BIS,cr3,72083990,N,7.453,57842754,MATCHED
2000,R_HR_CO,Hot Rolled Black Coil,26CT0228R0,28.58,2001,2.2,1230,0011000082,TATA STEEL LTD,268005051,5000094756,4600000264,10,04-03-26,101,HRC,COIL,11513:2017,BIS,cr3,72083990,N,7.453,85243080,MATCHED
2000,R_HR_CO,Hot Rolled Black Coil,26CT0229R0,28.49,2001,2,1235,0011000082,TATA STEEL LTD,268005098,5000094759,4600000254,320,27-01-26,101,HRC,COIL,11513:2017,BIS,cr3,72083990,N,7.453,38586237,MATCHED
2000,R_HR_CO,Hot Rolled Black Coil,26CT0230R0,28.76,2001,2.2,1230,0011000082,TATA STEEL LTD,268006065,5000094764,4600000264,10,04-03-26,101,HRC,COIL,11513:2017,BIS,cr3,72083990,N,7.453,44647791,MATCHED
2000,R_HR_CO,Hot Rolled Black Coil,26CT0232R0,28.58,2001,2.5,1230,0011000082,TATA STEEL LTD,268004036,5000094780,4600000254,140,05-02-26,101,HRC,COIL,11513:2017,BIS,cr3,72083990,N,7.453,29361441,MATCHED
2000,R_HR_CO,Hot Rolled Black Coil,26CT0233R0,28.38,2001,2.5,1230,0011000082,TATA STEEL LTD,268006055,5000094781,4600000254,140,05-02-26,101,HRC,COIL,11513:2017,BIS,cr3,72083990,N,7.453,71815870,MATCHED
2000,R_HR_CO,Hot Rolled Black Coil,26CT0234R0,28.63,2001,2.2,1230,0011000082,TATA STEEL LTD,268003086,5000094782,4600000264,10,04-03-26,101,HRC,COIL,11513:2017,BIS,cr3,72083990,N,7.453,72153095,MATCHED
2000,R_HR_CO,Hot Rolled Black Coil,26CT0235R0,28.6,2001,2.2,1230,0011000082,TATA STEEL LTD,268003090,5000094783,4600000264,10,04-03-26,101,HRC,COIL,11513:2017,BIS,cr3,72083990,N,7.453,39240580,MATCHED
2000,R_HR_CO,Hot Rolled Black Coil,26CT0236R0,28.39,2001,2.2,1230,0011000082,TATA STEEL LTD,268005076,5000094784,4600000264,10,04-03-26,101,HRC,COIL,11513:2017,BIS,cr3,72083990,N,7.453,60002480,MATCHED
2000,R_HR_CO,Hot Rolled Black Coil,26CT0237R0,28.53,2001,2.5,1230,0011000082,TATA STEEL LTD,268005049,5000094785,4600000254,140,05-02-26,101,HRC,COIL,11513:2017,BIS,cr3,72083990,N,7.453,31494624,MATCHED
2000,R_HR_CO,Hot Rolled Black Coil,26CT0238R0,28.56,2001,2,1235,0011000082,TATA STEEL LTD,268004046,5000094786,4600000254,320,27-01-26,101,HRC,COIL,11513:2017,BIS,cr3,72083990,N,7.453,33266308,MATCHED
2000,R_HR_CO,Hot Rolled Black Coil,26CT0239R0,28.56,2001,2,1235,0011000082,TATA STEEL LTD,268004050,5000094787,4600000254,320,27-01-26,101,HRC,COIL,11513:2017,BIS,cr3,72083990,N,7.453,45701706,MATCHED
2000,R_HR_CO,Hot Rolled Black Coil,26CT0240R0,28.54,2001,2.2,1230,0011000082,TATA STEEL LTD,268005073,5000094788,4600000264,10,04-03-26,101,HRC,COIL,11513:2017,BIS,cr3,72083990,N,7.453,80730070,MATCHED
2000,R_HR_CO,Hot Rolled Black Coil,26CT0241R0,26.01,2001,2.2,1230,0011000082,TATA STEEL LTD,268005090,5000094789,4600000264,10,04-03-26,101,HRC,COIL,11513:2017,BIS,cr3,72083990,N,7.453,50927709,MATCHED
2000,R_HR_CO,Hot Rolled Black Coil,26CT0242R0,28.46,2001,2.2,1230,0011000082,TATA STEEL LTD,268004062,5000094790,4600000264,10,04-03-26,101,HRC,COIL,11513:2017,BIS,cr3,72083990,N,7.453,71559575,MATCHED
2000,R_HR_CO,Hot Rolled Black Coil,26CT0243R0,28.57,2001,2,1235,0011000082,TATA STEEL LTD,268004069,5000094791,4600000269,10,07-03-26,101,HRC,COIL,11513:2017,BIS,cr3,72083990,N,7.453,63493013,MATCHED
2000,R_HR_CO,Hot Rolled Black Coil,26CT0244R0,28.58,2001,2,1235,0011000082,TATA STEEL LTD,268005096,5000094792,4600000269,10,07-03-26,101,HRC,COIL,11513:2017,BIS,cr3,72083990,N,7.453,22156904,MATCHED
2000,R_HR_CO,Hot Rolled Black Coil,26CT0245R0,20.52,2001,2,1235,0011000082,TATA STEEL LTD,268004082,5000094795,4600000254,320,27-01-26,101,HRC,COIL,11513:2017,BIS,cr3,72083990,N,7.453,30575835,MATCHED
2000,R_HR_CO,Hot Rolled Black Coil,26CT0246R0,28.4,2001,2,1235,0011000082,TATA STEEL LTD,268004055,5000094796,4600000254,320,27-01-26,101,HRC,COIL,11513:2017,BIS,cr3,72083990,N,7.453,89661139,MATCHED
2000,R_HR_CO,Hot Rolled Black Coil,26CT0247R0,28.59,2001,2.2,1230,0011000082,TATA STEEL LTD,268005074,5000094797,4600000264,10,04-03-26,101,HRC,COIL,11513:2017,BIS,cr3,72083990,N,7.453,58763131,MATCHED
2000,R_HR_CO,Hot Rolled Black Coil,26CT0248R0,28.39,2001,2.2,1230,0011000082,TATA STEEL LTD,268004057,5000094798,4600000264,10,04-03-26,101,HRC,COIL,11513:2017,BIS,cr3,72083990,N,7.453,36443606,MATCHED
2000,R_HR_CO,Hot Rolled Black Coil,26CT0249R0,28.14,2001,2.5,1230,0011000082,TATA STEEL LTD,268005087,5000094799,4600000254,140,05-02-26,101,HRC,COIL,11513:2017,BIS,cr3,72083990,N,7.453,96456787,MATCHED
2000,R_HR_CO,Hot Rolled Black Coil,26CT0250R0,28.49,2001,2,1235,0011000082,TATA STEEL LTD,268005094,5000094800,4600000254,320,27-01-26,101,HRC,COIL,11513:2017,BIS,cr3,72083990,N,7.453,51576467,MATCHED
2000,R_HR_CO,Hot Rolled Black Coil,26CT0251R0,28.59,2001,2,1235,0011000082,TATA STEEL LTD,268003076,5000094806,4600000254,320,27-01-26,101,HRC,COIL,11513:2017,BIS,cr3,72083990,N,7.453,48855030,MATCHED
2000,R_HR_CO,Hot Rolled Black Coil,26CT0252R0,28.54,2001,2,1235,0011000082,TATA STEEL LTD,268003072,5000094807,4600000254,320,27-01-26,101,HRC,COIL,11513:2017,BIS,cr3,72083990,N,7.453,11505401,MATCHED
2000,R_HR_CO,Hot Rolled Black Coil,26CT0253R0,28.62,2001,2,1235,0011000082,TATA STEEL LTD,268004052,5000094808,4600000254,320,27-01-26,101,HRC,COIL,11513:2017,BIS,cr3,72083990,N,7.453,61206121,MATCHED
2000,R_HR_CO,Hot Rolled Black Coil,26CT0254R0,28.63,2001,2.2,1230,0011000082,TATA STEEL LTD,268005058,5000094809,4600000264,10,04-03-26,101,HRC,COIL,11513:2017,BIS,cr3,72083990,N,7.453,68279036,MATCHED
2000,R_HR_CO,Hot Rolled Black Coil,26CT0255R0,28.13,2001,2.2,1230,0011000082,TATA STEEL LTD,268005085,5000094810,4600000264,10,04-03-26,101,HRC,COIL,11513:2017,BIS,cr3,72083990,N,7.453,84502792,MATCHED
2000,R_HR_CO,Hot Rolled Black Coil,26CT0256R0,28.65,2001,2,1235,0011000082,TATA STEEL LTD,268003075,5000094811,4600000254,320,27-01-26,101,HRC,COIL,11513:2017,BIS,cr3,72083990,N,7.453,51426390,MATCHED
2000,R_HR_CO,Hot Rolled Black Coil,26CT0390R0,24.74,2001,2,1235,0011000082,TATA STEEL LTD,268024078,5000095208,4600000272,10,11-03-26,101,HRC,COIL,11513:2017,BIS,cr3,72083990,N,7.453,57734529,MATCHED
2000,R_HR_CO,Hot Rolled Black Coil,26CT0615R0,24.48,2001,2.2,1230,0011000082,TATA STEEL LTD,268006064A,5000096112,4600000274,30,16-03-26,101,HRC,COIL,11513:2017,BIS,cr3,72083990,N,7.453,52671706,MATCHED
2000,R_HR_CO,Hot Rolled Black Coil,26CT0616R0,28.6,2001,2,1235,0011000082,TATA STEEL LTD,268099061,5000096140,4600000274,10,16-03-26,101,HRC,COIL,11513:2017,BIS,cr3,72083990,N,7.453,21479530,MATCHED
2000,R_HR_CO,Hot Rolled Black Coil,26CT0617R0,28.52,2001,2.5,1230,0011000082,TATA STEEL LTD,268092079,5000096141,4600000274,50,16-03-26,101,HRC,COIL,11513:2017,BIS,cr3,72083990,N,7.453,26436147,MATCHED
2000,R_HR_CO,Hot Rolled Black Coil,26CT0618R0,28.79,2001,2.5,1230,0011000082,TATA STEEL LTD,268092080,5000096142,4600000274,50,16-03-26,101,HRC,COIL,11513:2017,BIS,cr3,72083990,N,7.453,70247169,MATCHED
2000,R_HR_CO,Hot Rolled Black Coil,26CT0619R0,28.42,2001,2.2,1230,0011000082,TATA STEEL LTD,268093093,5000096143,4600000274,30,16-03-26,101,HRC,COIL,11513:2017,BIS,cr3,72083990,N,7.453,56598356,MATCHED
2000,R_HR_CO,Hot Rolled Black Coil,26CT0620R0,28.67,2001,2.2,1230,0011000082,TATA STEEL LTD,268093085,5000096144,4600000274,30,16-03-26,101,HRC,COIL,11513:2017,BIS,cr3,72083990,N,7.453,37834473,MATCHED
2000,R_HR_CO,Hot Rolled Black Coil,26CT0621R0,28.82,2001,2,1235,0011000082,TATA STEEL LTD,268092088,5000096145,4600000274,10,16-03-26,101,HRC,COIL,11513:2017,BIS,cr3,72083990,N,7.453,27780280,MATCHED
2000,R_HR_CO,Hot Rolled Black Coil,26CT0622R0,28.84,2001,2,1235,0011000082,TATA STEEL LTD,268092087,5000096149,4600000274,10,16-03-26,101,HRC,COIL,11513:2017,BIS,cr3,72083990,N,7.453,24824272,MATCHED
2000,R_HR_CO,Hot Rolled Black Coil,26CT0623R0,28.48,2001,2,1235,0011000082,TATA STEEL LTD,268092098,5000096150,4600000274,10,16-03-26,101,HRC,COIL,11513:2017,BIS,cr3,72083990,N,7.453,17256428,MATCHED
2000,R_HR_CO,Hot Rolled Black Coil,26CT0624R0,28.51,2001,2,1235,0011000082,TATA STEEL LTD,268092095,5000096152,4600000274,10,16-03-26,101,HRC,COIL,11513:2017,BIS,cr3,72083990,N,7.453,65646540,MATCHED
2000,R_HR_CO,Hot Rolled Black Coil,26CT0625R0,28.78,2001,2,1235,0011000082,TATA STEEL LTD,268092092,5000096153,4600000274,10,16-03-26,101,HRC,COIL,11513:2017,BIS,cr3,72083990,N,7.453,94576552,MATCHED
2000,R_HR_CO,Hot Rolled Black Coil,26CT0626R0,27.26,2001,2.5,1230,0011000082,TATA STEEL LTD,268099101,5000096154,4600000274,50,16-03-26,101,HRC,COIL,11513:2017,BIS,cr3,72083990,N,7.453,79747004,MATCHED
2000,R_HR_CO,Hot Rolled Black Coil,26CT0627R0,28.67,2001,2,1235,0011000082,TATA STEEL LTD,268092096,5000096156,4600000274,10,16-03-26,101,HRC,COIL,11513:2017,BIS,cr3,72083990,N,7.453,22941093,MATCHED
2000,R_HR_CO,Hot Rolled Black Coil,26CT0628R0,27.03,2001,2.5,1230,0011000082,TATA STEEL LTD,268099106,5000096155,4600000274,50,16-03-26,101,HRC,COIL,11513:2017,BIS,cr3,72083990,N,7.453,10989271,MATCHED
2000,R_HR_CO,Hot Rolled Black Coil,26CT0629R0,28.77,2001,2.2,1230,0011000082,TATA STEEL LTD,268092081,5000096157,4600000274,30,16-03-26,101,HRC,COIL,11513:2017,BIS,cr3,72083990,N,7.453,76639744,MATCHED
2000,R_HR_CO,Hot Rolled Black Coil,26CT0630R0,28.83,2001,2,1235,0011000082,TATA STEEL LTD,268092090,5000096160,4600000274,10,16-03-26,101,HRC,COIL,11513:2017,BIS,cr3,72083990,N,7.453,78283633,MATCHED
2000,R_HR_CO,Hot Rolled Black Coil,26CT0631R0,28.49,2001,2.5,1230,0011000082,TATA STEEL LTD,268093071,5000096162,4600000274,50,16-03-26,101,HRC,COIL,11513:2017,BIS,cr3,72083990,N,7.453,34426854,MATCHED
2000,R_HR_CO,Hot Rolled Black Coil,26CT0632R0,28.55,2001,2.2,1230,0011000082,TATA STEEL LTD,268093078,5000096163,4600000274,30,16-03-26,101,HRC,COIL,11513:2017,BIS,cr3,72083990,N,7.453,23542767,MATCHED
2000,R_HR_CO,Hot Rolled Black Coil,26CT0633R0,28.59,2001,2.5,1230,0011000082,TATA STEEL LTD,268072090,5000096164,4600000274,50,16-03-26,101,HRC,COIL,11513:2017,BIS,cr3,72083990,N,7.453,87406382,MATCHED
2000,R_HR_CO,Hot Rolled Black Coil,26CT0634R0,28.48,2001,2.5,1230,0011000082,TATA STEEL LTD,268072091,5000096165,4600000274,50,16-03-26,101,HRC,COIL,11513:2017,BIS,cr3,72083990,N,7.453,98088943,MATCHED
2000,R_HR_CO,Hot Rolled Black Coil,26CT0635R0,28.47,2001,2.2,1230,0011000082,TATA STEEL LTD,268092085,5000096167,4600000274,30,16-03-26,101,HRC,COIL,11513:2017,BIS,cr3,72083990,N,7.453,37589360,MATCHED
2000,R_HR_CO,Hot Rolled Black Coil,26CT0636R0,28.71,2001,2,1235,0011000082,TATA STEEL LTD,268093094,5000096168,4600000274,10,16-03-26,101,HRC,COIL,11513:2017,BIS,cr3,72083990,N,7.453,80076908,MATCHED
2000,R_HR_CO,Hot Rolled Black Coil,26CT0637R0,28.4,2001,2,1235,0011000082,TATA STEEL LTD,268092097,5000096169,4600000274,10,16-03-26,101,HRC,COIL,11513:2017,BIS,cr3,72083990,N,7.453,71633358,MATCHED
2000,R_HR_CO,Hot Rolled Black Coil,26CT0638R0,28.67,2001,2.2,1230,0011000082,TATA STEEL LTD,268093067,5000096170,4600000274,30,16-03-26,101,HRC,COIL,11513:2017,BIS,cr3,72083990,N,7.453,91271778,MATCHED
2000,R_HR_CO,Hot Rolled Black Coil,26CT0639R0,28.48,2001,2.5,1230,0011000082,TATA STEEL LTD,268072094,5000096171,4600000274,50,16-03-26,101,HRC,COIL,11513:2017,BIS,cr3,72083990,N,7.453,34158707,MATCHED
2000,R_HR_CO,Hot Rolled Black Coil,26CT0640R0,28.58,2001,2.5,1230,0011000082,TATA STEEL LTD,268072093,5000096172,4600000274,50,16-03-26,101,HRC,COIL,11513:2017,BIS,cr3,72083990,N,7.453,62567760,MATCHED
2000,R_HR_CO,Hot Rolled Black Coil,26CT0641R0,28.55,2001,2.5,1230,0011000082,TATA STEEL LTD,268093073,5000096173,4600000274,50,16-03-26,101,HRC,COIL,11513:2017,BIS,cr3,72083990,N,7.453,35196564,MATCHED
2000,R_HR_CO,Hot Rolled Black Coil,26CT0642R0,28.72,2001,2.5,1230,0011000082,TATA STEEL LTD,268072071,5000096174,4600000274,50,16-03-26,101,HRC,COIL,11513:2017,BIS,cr3,72083990,N,7.453,38092367,MATCHED
2000,R_HR_CO,Hot Rolled Black Coil,26CT0643R0,28.54,2001,2.2,1230,0011000082,TATA STEEL LTD,268093074,5000096175,4600000274,30,16-03-26,101,HRC,COIL,11513:2017,BIS,cr3,72083990,N,7.453,80465439,MATCHED
2000,R_HR_CO,Hot Rolled Black Coil,26CT0644R0,28.56,2001,2.5,1230,0011000082,TATA STEEL LTD,268072092,5000096176,4600000274,50,16-03-26,101,HRC,COIL,11513:2017,BIS,cr3,72083990,N,7.453,34135003,MATCHED
2000,R_HR_CO,Hot Rolled Black Coil,26CT0645R0,28.64,2001,2.2,1230,0011000082,TATA STEEL LTD,268093077,5000096177,4600000274,30,16-03-26,101,HRC,COIL,11513:2017,BIS,cr3,72083990,N,7.453,70209042,MATCHED
2000,R_HR_CO,Hot Rolled Black Coil,26CT0646R0,28.7,2001,2.5,1230,0011000082,TATA STEEL LTD,268072077,5000096179,4600000274,50,16-03-26,101,HRC,COIL,11513:2017,BIS,cr3,72083990,N,7.453,19239028,MATCHED
2000,R_HR_CO,Hot Rolled Black Coil,26CT0647R0,28.66,2001,2.2,1230,0011000082,TATA STEEL LTD,268093054,5000096180,4600000274,70,16-03-26,101,HRC,COIL,11513:2017,BIS,cr3,72083990,N,7.453,69360447,MATCHED
2000,R_HR_CO,Hot Rolled Black Coil,26CT0648R0,28.55,2001,2.5,1230,0011000082,TATA STEEL LTD,268072088,5000096181,4600000274,50,16-03-26,101,HRC,COIL,11513:2017,BIS,cr3,72083990,N,7.453,21835784,MATCHED
2000,R_HR_CO,Hot Rolled Black Coil,26CT0649R0,28.65,2001,2.2,1230,0011000082,TATA STEEL LTD,268093076,5000096182,4600000274,30,16-03-26,101,HRC,COIL,11513:2017,BIS,cr3,72083990,N,7.453,80209458,MATCHED
2000,R_HR_CO,Hot Rolled Black Coil,26CT0650R0,28.61,2001,2.5,1230,0011000082,TATA STEEL LTD,268093072,5000096184,4600000274,50,16-03-26,101,HRC,COIL,11513:2017,BIS,cr3,72083990,N,7.453,23879979,MATCHED
2000,R_HR_CO,Hot Rolled Black Coil,26CT0651R0,28.77,2001,2,1235,0011000082,TATA STEEL LTD,268092091,5000096185,4600000274,10,16-03-26,101,HRC,COIL,11513:2017,BIS,cr3,72083990,N,7.453,79017868,MATCHED
2000,R_HR_CO,Hot Rolled Black Coil,26CT0652R0,28.51,2001,2,1235,0011000082,TATA STEEL LTD,268093096,5000096186,4600000274,10,16-03-26,101,HRC,COIL,11513:2017,BIS,cr3,72083990,N,7.453,99816513,MATCHED
2000,R_HR_CO,Hot Rolled Black Coil,26CT0653R0,28.45,2001,2.2,1230,0011000082,TATA STEEL LTD,268093092,5000096187,4600000274,30,16-03-26,101,HRC,COIL,11513:2017,BIS,cr3,72083990,N,7.453,31373822,MATCHED
2000,R_HR_CO,Hot Rolled Black Coil,26CT0654R0,24.75,2001,2.5,1230,0011000082,TATA STEEL LTD,268047021,5000096188,4600000274,50,16-03-26,101,HRC,COIL,11513:2017,BIS,cr3,72083990,N,7.453,80425211,MATCHED
2000,R_HR_CO,Hot Rolled Black Coil,26CT0655R0,28.68,2001,2.5,1230,0011000082,TATA STEEL LTD,268072087,5000096189,4600000274,50,16-03-26,101,HRC,COIL,11513:2017,BIS,cr3,72083990,N,7.453,79694450,MATCHED
2000,R_HR_CO,Hot Rolled Black Coil,26CT0656R0,28.85,2001,2.5,1230,0011000082,TATA STEEL LTD,268092078,5000096190,4600000274,50,16-03-26,101,HRC,COIL,11513:2017,BIS,cr3,72083990,N,7.453,63993641,MATCHED
2000,R_HR_CO,Hot Rolled Black Coil,26CT0657R0,28.69,2001,2.2,1230,0011000082,TATA STEEL LTD,268093065,5000096191,4600000274,30,16-03-26,101,HRC,COIL,11513:2017,BIS,cr3,72083990,N,7.453,91828038,MATCHED
2000,R_HR_CO,Hot Rolled Black Coil,26CT0658R0,27.97,2001,2.5,1230,0011000082,TATA STEEL LTD,268045071,5000096192,4600000274,50,16-03-26,101,HRC,COIL,11513:2017,BIS,cr3,72083990,N,7.453,93390442,MATCHED
2000,R_HR_CO,Hot Rolled Black Coil,26CT0659R0,28.5,2001,2.5,1230,0011000082,TATA STEEL LTD,268045070,5000096193,4600000274,50,16-03-26,101,HRC,COIL,11513:2017,BIS,cr3,72083990,N,7.453,11171146,MATCHED
2000,R_HR_CO,Hot Rolled Black Coil,26CT0660R0,28.7,2001,2.5,1230,0011000082,TATA STEEL LTD,268045075,5000096194,4600000274,50,16-03-26,101,HRC,COIL,11513:2017,BIS,cr3,72083990,N,7.453,61971981,MATCHED
2000,R_HR_CO,Hot Rolled Black Coil,26CT0661R0,28.79,2001,2.5,1230,0011000082,TATA STEEL LTD,268072068,5000096195,4600000274,50,16-03-26,101,HRC,COIL,11513:2017,BIS,cr3,72083990,N,7.453,91191033,MATCHED
2000,R_HR_CO,Hot Rolled Black Coil,26CT0662R0,28.01,2001,2.5,1230,0011000082,TATA STEEL LTD,268045072,5000096196,4600000274,50,16-03-26,101,HRC,COIL,11513:2017,BIS,cr3,72083990,N,7.453,89268365,MATCHED
2000,R_HR_CO,Hot Rolled Black Coil,26CT0663R0,28.65,2001,2.5,1230,0011000082,TATA STEEL LTD,268072089,5000096197,4600000274,50,16-03-26,101,HRC,COIL,11513:2017,BIS,cr3,72083990,N,7.453,89264463,MATCHED
2000,R_HR_CO,Hot Rolled Black Coil,26CT0664R0,28.68,2001,2.2,1230,0011000082,TATA STEEL LTD,268093057,5000096198,4600000274,70,16-03-26,101,HRC,COIL,11513:2017,BIS,cr3,72083990,N,7.453,93608101,MATCHED
2000,R_HR_CO,Hot Rolled Black Coil,26CT0665R0,28.58,2001,2.2,1260,0011000082,TATA STEEL LTD,268099056,5000096208,4600000274,40,16-03-26,101,HRC,COIL,11513:2017,BIS,cr3,72083990,N,7.453,32710071,MATCHED
2000,R_HR_CO,Hot Rolled Black Coil,26CT0666R0,27.13,2001,2.5,1230,0011000082,TATA STEEL LTD,268099103,5000096215,4600000274,50,16-03-26,101,HRC,COIL,11513:2017,BIS,cr3,72083990,N,7.453,63996945,MATCHED
2000,R_HR_CO,Hot Rolled Black Coil,26CT0667R0,28.51,2001,2.2,1260,0011000082,TATA STEEL LTD,268099055,5000096216,4600000274,40,16-03-26,101,HRC,COIL,11513:2017,BIS,cr3,72083990,N,7.453,43793446,MATCHED
2000,R_HR_CO,Hot Rolled Black Coil,26CT0668R0,28.68,2001,2.5,1230,0011000082,TATA STEEL LTD,268072072,5000096217,4600000274,50,16-03-26,101,HRC,COIL,11513:2017,BIS,cr3,72083990,N,7.453,57682865,MATCHED
2000,R_HR_CO,Hot Rolled Black Coil,26CT0670R0,28.57,2001,2.5,1260,0011000082,TATA STEEL LTD,268093046,5000096220,4600000274,60,16-03-26,101,HRC,COIL,11513:2017,BIS,cr3,72083990,N,7.453,74893818,MATCHED
2000,R_HR_CO,Hot Rolled Black Coil,26CT0671R0,27.32,2001,2.5,1230,0011000082,TATA STEEL LTD,268099102,5000096221,4600000274,50,16-03-26,101,HRC,COIL,11513:2017,BIS,cr3,72083990,N,7.453,12440738,MATCHED
2000,R_HR_CO,Hot Rolled Black Coil,26CT0672R0,28.77,2001,2.5,1230,0011000082,TATA STEEL LTD,268093063,5000096224,4600000274,50,16-03-26,101,HRC,COIL,11513:2017,BIS,cr3,72083990,N,7.453,83465006,MATCHED
2000,R_HR_CO,Hot Rolled Black Coil,26CT0673R0,28.79,2001,2,1260,0011000082,TATA STEEL LTD,268099058,5000096226,4600000274,20,16-03-26,101,HRC,COIL,11513:2017,BIS,cr3,72083990,N,7.453,35335782,MATCHED
2000,R_HR_CO,Hot Rolled Black Coil,26CT0674R0,28.69,2001,2.5,1230,0011000082,TATA STEEL LTD,268093060,5000096227,4600000274,50,16-03-26,101,HRC,COIL,11513:2017,BIS,cr3,72083990,N,7.453,32449720,MATCHED
2000,R_HR_CO,Hot Rolled Black Coil,26CT0675R0,28.62,2001,2.5,1230,0011000082,TATA STEEL LTD,268093064,5000096229,4600000274,50,16-03-26,101,HRC,COIL,11513:2017,BIS,cr3,72083990,N,7.453,10131553,MATCHED
2000,R_HR_CO,Hot Rolled Black Coil,26CT0676R0,28.68,2001,2.5,1230,0011000082,TATA STEEL LTD,268093089,5000096231,4600000274,50,16-03-26,101,HRC,COIL,11513:2017,BIS,cr3,72083990,N,7.453,15305563,MATCHED
2000,R_HR_CO,Hot Rolled Black Coil,26CT0677R0,28.69,2001,2,1260,0011000082,TATA STEEL LTD,268099059,5000096232,4600000274,20,16-03-26,101,HRC,COIL,11513:2017,BIS,cr3,72083990,N,7.453,74325581,MATCHED
2000,R_HR_CO,Hot Rolled Black Coil,26CT0678R0,27.42,2001,2.5,1230,0011000082,TATA STEEL LTD,268101088,5000096235,4600000274,50,16-03-26,101,HRC,COIL,11513:2017,BIS,cr3,72083990,N,7.453,34855978,MATCHED
2000,R_HR_CO,Hot Rolled Black Coil,26CT0679R0,27.64,2001,2.5,1230,0011000082,TATA STEEL LTD,268101086,5000096242,4600000274,50,16-03-26,101,HRC,COIL,11513:2017,BIS,cr3,72083990,N,7.453,60464284,MATCHED
2000,R_HR_CO,Hot Rolled Black Coil,26CT0680R0,28.52,2001,2.5,1260,0011000082,TATA STEEL LTD,268093049,5000096243,4600000274,60,16-03-26,101,HRC,COIL,11513:2017,BIS,cr3,72083990,N,7.453,65198251,MATCHED
2000,R_HR_CO,Hot Rolled Black Coil,26CT0681R0,28.5,2001,2.2,1260,0011000082,TATA STEEL LTD,268099054,5000096244,4600000274,40,16-03-26,101,HRC,COIL,11513:2017,BIS,cr3,72083990,N,7.453,14542183,MATCHED
2000,R_HR_CO,Hot Rolled Black Coil,26CT0682R0,28.6,2001,2,1260,0011000082,TATA STEEL LTD,268099060,5000096245,4600000274,20,16-03-26,101,HRC,COIL,11513:2017,BIS,cr3,72083990,N,7.453,19982479,MATCHED
2000,R_HR_CO,Hot Rolled Black Coil,26CT0683R0,28.57,2001,2.2,1260,0011000082,TATA STEEL LTD,268099053,5000096246,4600000274,40,16-03-26,101,HRC,COIL,11513:2017,BIS,cr3,72083990,N,7.453,95953514,MATCHED
2000,R_HR_CO,Hot Rolled Black Coil,26CT0684R0,28.51,2001,2.5,1260,0011000082,TATA STEEL LTD,268093048,5000096247,4600000274,60,16-03-26,101,HRC,COIL,11513:2017,BIS,cr3,72083990,N,7.453,71948178,MATCHED
2000,R_HR_CO,Hot Rolled Black Coil,26CT0685R0,28.69,2001,2.5,1230,0011000082,TATA STEEL LTD,268072070,5000096248,4600000274,50,16-03-26,101,HRC,COIL,11513:2017,BIS,cr3,72083990,N,7.453,65603097,MATCHED
2000,R_HR_CO,Hot Rolled Black Coil,26CT0686R0,27.18,2001,2.5,1230,0011000082,TATA STEEL LTD,268099104,5000096250,4600000274,50,16-03-26,101,HRC,COIL,11513:2017,BIS,cr3,72083990,N,7.453,71866183,MATCHED
2000,R_HR_CO,Hot Rolled Black Coil,26CT0687R0,28.7,2001,2.2,1230,0011000082,TATA STEEL LTD,268093084,5000096256,4600000274,30,16-03-26,101,HRC,COIL,11513:2017,BIS,cr3,72083990,N,7.453,83733235,MATCHED
2000,R_HR_CO,Hot Rolled Black Coil,26CT0688R0,28.62,2001,2.2,1230,0011000082,TATA STEEL LTD,268093053,5000096257,4600000274,70,16-03-26,101,HRC,COIL,11513:2017,BIS,cr3,72083990,N,7.453,53726439,MATCHED
2000,R_HR_CO,Hot Rolled Black Coil,26CT0689R0,28.6,2001,2.5,1230,0011000082,TATA STEEL LTD,268072080,5000096258,4600000274,50,16-03-26,101,HRC,COIL,11513:2017,BIS,cr3,72083990,N,7.453,80998751,MATCHED
2000,R_HR_CO,Hot Rolled Black Coil,26CT0690R0,28.58,2001,2.5,1260,0011000082,TATA STEEL LTD,268093047,5000096259,4600000274,60,16-03-26,101,HRC,COIL,11513:2017,BIS,cr3,72083990,N,7.453,62445295,MATCHED
2000,R_HR_CO,Hot Rolled Black Coil,26CT0691R0,28.77,2001,2,1235,0011000082,TATA STEEL LTD,268092093,5000096260,4600000274,10,16-03-26,101,HRC,COIL,11513:2017,BIS,cr3,72083990,N,7.453,74691822,MATCHED
2000,R_HR_CO,Hot Rolled Black Coil,26CT0692R0,28.69,2001,2.5,1230,0011000082,TATA STEEL LTD,268072076,5000096263,4600000274,50,16-03-26,101,HRC,COIL,11513:2017,BIS,cr3,72083990,N,7.453,26466072,MATCHED
2000,R_HR_CO,Hot Rolled Black Coil,26CT0693R0,28.63,2001,2.2,1230,0011000082,TATA STEEL LTD,268093055,5000096267,4600000274,70,16-03-26,101,HRC,COIL,11513:2017,BIS,cr3,72083990,N,7.453,11522201,MATCHED
2000,R_HR_CO,Hot Rolled Black Coil,26CT0694R0,28.47,2001,2.5,1230,0011000082,TATA STEEL LTD,268045078,5000096268,4600000274,50,16-03-26,101,HRC,COIL,11513:2017,BIS,cr3,72083990,N,7.453,19997261,MATCHED
2000,R_HR_CO,Hot Rolled Black Coil,26CT0695R0,28.73,2001,2.5,1230,0011000082,TATA STEEL LTD,268072066,5000096269,4600000274,50,16-03-26,101,HRC,COIL,11513:2017,BIS,cr3,72083990,N,7.453,41742806,MATCHED
2000,R_HR_CO,Hot Rolled Black Coil,26CT0696R0,28.79,2001,2.5,1230,0011000082,TATA STEEL LTD,268072069,5000096270,4600000274,50,16-03-26,101,HRC,COIL,11513:2017,BIS,cr3,72083990,N,7.453,36478340,MATCHED
2000,R_HR_CO,Hot Rolled Black Coil,26CT0697R0,27.99,2001,2.5,1230,0011000082,TATA STEEL LTD,268045077,5000096271,4600000274,50,16-03-26,101,HRC,COIL,11513:2017,BIS,cr3,72083990,N,7.453,61354063,MATCHED
2000,R_HR_CO,Hot Rolled Black Coil,26CT0698R0,28.62,2001,2.2,1230,0011000082,TATA STEEL LTD,268092083,5000096272,4600000274,30,16-03-26,101,HRC,COIL,11513:2017,BIS,cr3,72083990,N,7.453,70620233,MATCHED
2000,R_HR_CO,Hot Rolled Black Coil,26CT0700R0,28.68,2001,2,1235,0011000082,TATA STEEL LTD,268093095,5000096273,4600000274,10,16-03-26,101,HRC,COIL,11513:2017,BIS,cr3,72083990,N,7.453,67101432,MATCHED
2000,R_HR_CO,Hot Rolled Black Coil,26CT0701R0,28.63,2001,2.2,1230,0011000082,TATA STEEL LTD,268093056,5000096274,4600000274,70,16-03-26,101,HRC,COIL,11513:2017,BIS,cr3,72083990,N,7.453,71043283,MATCHED
2000,R_HR_CO,Hot Rolled Black Coil,26CT0702R0,28.55,2001,2.2,1230,0011000082,TATA STEEL LTD,268093079,5000096275,4600000274,30,16-03-26,101,HRC,COIL,11513:2017,BIS,cr3,72083990,N,7.453,64088006,MATCHED
2000,R_HR_CO,Hot Rolled Black Coil,26CT0703R0,28.4,2001,2.2,1230,0011000082,TATA STEEL LTD,268093081,5000096276,4600000274,30,16-03-26,101,HRC,COIL,11513:2017,BIS,cr3,72083990,N,7.453,41632730,MATCHED
2000,R_HR_CO,Hot Rolled Black Coil,26CT0704R0,28.53,2001,2.2,1230,0011000082,TATA STEEL LTD,268093050,5000096277,4600000274,70,16-03-26,101,HRC,COIL,11513:2017,BIS,cr3,72083990,N,7.453,54958811,MATCHED
2000,R_HR_CO,Hot Rolled Black Coil,26CT0705R0,28.61,2001,2.5,1230,0011000082,TATA STEEL LTD,268093061,5000096278,4600000274,50,16-03-26,101,HRC,COIL,11513:2017,BIS,cr3,72083990,N,7.453,24995841,MATCHED
2000,R_HR_CO,Hot Rolled Black Coil,26CT0706R0,28.72,2001,2.2,1230,0011000082,TATA STEEL LTD,268092082,5000096279,4600000274,30,16-03-26,101,HRC,COIL,11513:2017,BIS,cr3,72083990,N,7.453,59631115,MATCHED
2000,R_HR_CO,Hot Rolled Black Coil,26CT0707R0,28.64,2001,2.5,1230,0011000082,TATA STEEL LTD,268093062,5000096280,4600000274,50,16-03-26,101,HRC,COIL,11513:2017,BIS,cr3,72083990,N,7.453,71301964,MATCHED
2000,R_HR_CO,Hot Rolled Black Coil,26CT0708R0,28.59,2001,2.5,1230,0011000082,TATA STEEL LTD,268045060,5000096284,4600000274,50,16-03-26,101,HRC,COIL,11513:2017,BIS,cr3,72083990,N,7.453,67528606,MATCHED
2000,R_HR_CO,Hot Rolled Black Coil,26CT0709R0,28.48,2001,2.2,1230,0011000082,TATA STEEL LTD,268093086,5000096285,4600000274,30,16-03-26,101,HRC,COIL,11513:2017,BIS,cr3,72083990,N,7.453,40340650,MATCHED
2000,R_HR_CO,Hot Rolled Black Coil,26CT0710R0,28.49,2001,2.5,1230,0011000082,TATA STEEL LTD,268093087,5000096286,4600000274,50,16-03-26,101,HRC,COIL,11513:2017,BIS,cr3,72083990,N,7.453,68146758,MATCHED
2000,R_HR_CO,Hot Rolled Black Coil,26CT0711R0,28.48,2001,2.2,1230,0011000082,TATA STEEL LTD,268093052,5000096287,4600000274,70,16-03-26,101,HRC,COIL,11513:2017,BIS,cr3,72083990,N,7.453,45073927,MATCHED
2000,R_HR_CO,Hot Rolled Black Coil,26CT0712R0,28.57,2001,2.2,1230,0011000082,TATA STEEL LTD,268093080,5000096288,4600000274,30,16-03-26,101,HRC,COIL,11513:2017,BIS,cr3,72083990,N,7.453,21139476,MATCHED
2000,R_HR_CO,Hot Rolled Black Coil,26CT0713R0,28.57,2001,2.2,1230,0011000082,TATA STEEL LTD,268093083,5000096289,4600000274,30,16-03-26,101,HRC,COIL,11513:2017,BIS,cr3,72083990,N,7.453,64092934,MATCHED
2000,R_HR_CO,Hot Rolled Black Coil,26CT0714R0,27.87,2001,2.5,1230,0011000082,TATA STEEL LTD,268045076,5000096290,4600000274,50,16-03-26,101,HRC,COIL,11513:2017,BIS,cr3,72083990,N,7.453,42947398,MATCHED
2000,R_HR_CO,Hot Rolled Black Coil,26CT0715R0,26.88,2001,2.5,1230,0011000082,TATA STEEL LTD,268099107,5000096295,4600000274,50,16-03-26,101,HRC,COIL,11513:2017,BIS,cr3,72083990,N,7.453,38861187,MATCHED
2000,R_HR_CO,Hot Rolled Black Coil,26CT0717R0,28.63,2001,2.5,1230,0011000082,TATA STEEL LTD,268045074,5000096329,4600000274,50,16-03-26,101,HRC,COIL,11513:2017,BIS,cr3,72083990,N,7.453,16320224,MATCHED
2000,R_HR_CO,Hot Rolled Black Coil,26CT0718R0,28.31,2001,2.2,1230,0011000082,TATA STEEL LTD,268093082,5000096333,4600000274,30,16-03-26,101,HRC,COIL,11513:2017,BIS,cr3,72083990,N,7.453,10414724,MATCHED
2000,R_HR_CO,Hot Rolled Black Coil,26CT0719R0,28.61,2001,2.5,1230,0011000082,TATA STEEL LTD,268072079,5000096348,4600000274,50,16-03-26,101,HRC,COIL,11513:2017,BIS,cr3,72083990,N,7.453,36011979,MATCHED
2000,R_HR_CO,Hot Rolled Black Coil,26CT0720R0,28.7,2001,2.2,1230,0011000082,TATA STEEL LTD,268093059,5000096351,4600000274,70,16-03-26,101,HRC,COIL,11513:2017,BIS,cr3,72083990,N,7.453,15854764,MATCHED
2000,R_HR_CO,Hot Rolled Black Coil,26CT0721R0,28.53,2001,2.5,1230,0011000082,TATA STEEL LTD,268045073,5000096353,4600000274,50,16-03-26,101,HRC,COIL,11513:2017,BIS,cr3,72083990,N,7.453,68067755,MATCHED
2000,R_HR_CO,Hot Rolled Black Coil,26CT0722R0,28.52,2001,2.5,1230,0011000082,TATA STEEL LTD,268045061,5000096355,4600000274,50,16-03-26,101,HRC,COIL,11513:2017,BIS,cr3,72083990,N,7.453,43141953,MATCHED
2000,R_HR_CO,Hot Rolled Black Coil,26CT0723R0,28.68,2001,2.5,1230,0011000082,TATA STEEL LTD,268072078,5000096359,4600000274,50,16-03-26,101,HRC,COIL,11513:2017,BIS,cr3,72083990,N,7.453,38612770,MATCHED
2000,R_HR_CO,Hot Rolled Black Coil,26CT0724R0,27.12,2001,2.5,1230,0011000082,TATA STEEL LTD,268072086A,5000096361,4600000274,50,16-03-26,101,HRC,COIL,11513:2017,BIS,cr3,72083990,N,7.453,48256422,MATCHED
2000,R_HR_CO,Hot Rolled Black Coil,26CT0725R0,28.52,2001,2.5,1230,0011000082,TATA STEEL LTD,268072085,5000096414,4600000274,50,16-03-26,101,HRC,COIL,11513:2017,BIS,cr3,72083990,N,7.453,41862318,MATCHED
2000,R_HR_CO,Hot Rolled Black Coil,26CT0845R0,28.025,2001,2.2,1230,0011000082,TATA STEEL LTD,268093068,5000096771,4600000274,30,16-03-26,101,HRC,COIL,11513:2017,BIS,cr3,72083990,N,7.453,16396132,MATCHED
2000,R_HR_CO,Hot Rolled Black Coil,26CT0900R0,28.69,2001,2.2,1230,0011000082,TATA STEEL LTD,268093075,5000096993,4600000274,30,16-03-26,101,HRC,COIL,11513:2017,BIS,cr3,72083990,N,7.453,62799669,MATCHED
2000,R_HR_CO,Hot Rolled Black Coil,26CT0901R0,28.2,2001,2.2,1230,0011000082,TATA STEEL LTD,268093051,5000096994,4600000274,70,16-03-26,101,HRC,COIL,11513:2017,BIS,cr3,72083990,N,7.453,41242672,MATCHED
2000,R_HR_CO,Hot Rolled Black Coil,26CT0915R0,28.71,2001,2,1235,0011000082,TATA STEEL LTD,268092089,5000097042,4600000274,10,16-03-26,101,HRC,COIL,11513:2017,BIS,cr3,72083990,N,7.453,74595199,MATCHED
2000,R_HR_CO,Hot Rolled Black Coil,26CT0916R0,26.77,2001,2.2,1230,0011000082,TATA STEEL LTD,268093091A,5000097043,4600000274,30,16-03-26,101,HRC,COIL,11513:2017,BIS,cr3,72083990,N,7.453,49174918,MATCHED
2000,R_HR_CO,Hot Rolled Black Coil,26CT0947R0,28.78,2001,2.2,1230,0011000082,TATA STEEL LTD,268093069,5000097120,4600000274,100,10-03-26,101,HRC,COIL,11513:2017,BIS,cr3,72083990,N,7.453,67309165,MATCHED
2000,R_HR_CO,Hot Rolled Black Coil,26CT0949R0,28.78,2001,2.2,1230,0011000082,TATA STEEL LTD,268093066,5000097125,4600000274,100,10-03-26,101,HRC,COIL,11513:2017,BIS,cr3,72083990,N,7.453,71062029,MATCHED
2000,R_HR_CO,Hot Rolled Black Coil,26CT0951R0,28.72,2001,2.2,1230,0011000082,TATA STEEL LTD,268093058,5000097127,4600000274,100,10-03-26,101,HRC,COIL,11513:2017,BIS,cr3,72083990,N,7.453,40204911,MATCHED
2000,R_HR_CO,Hot Rolled Black Coil,26CT0952R0,26.99,2001,2.5,1230,0011000082,TATA STEEL LTD,268099105,5000097128,4600000274,130,10-03-26,101,HRC,COIL,11513:2017,BIS,cr3,72083990,N,7.453,65485142,MATCHED
2000,R_HR>3MM_CO,Hot Rolled Black Coil 3mm & Above,26CW0141R0,20.91,2001,3.6,1265,0011000147,NMDC LIMITED,D100930104,5000094515,4600000256,20,02-03-26,101,HRC,COIL,11513:2017,BIS,cr3,72083890,N,7.453,80080409,MATCHED
2000,R_HR>3MM_CO,Hot Rolled Black Coil 3mm & Above,26CW0143R0,20.91,2001,3.6,1265,0011000147,NMDC LIMITED,D100927207,5000094517,4600000256,20,02-03-26,101,HRC,COIL,11513:2017,BIS,cr3,72083890,N,7.453,11457499,MATCHED
2000,R_HR>3MM_CO,Hot Rolled Black Coil 3mm & Above,26CW0144R0,20.97,2001,3.6,1265,0011000147,NMDC LIMITED,D100928207,5000094518,4600000256,20,02-03-26,101,HRC,COIL,11513:2017,BIS,cr3,72083890,N,7.453,85149418,MATCHED
2000,R_HR>3MM_CO,Hot Rolled Black Coil 3mm & Above,26CW0145R0,20.92,2001,3.6,1265,0011000147,NMDC LIMITED,D201079104,5000094521,4600000256,20,02-03-26,101,HRC,COIL,11513:2017,BIS,cr3,72083890,N,7.453,26125774,MATCHED
2000,R_HR>3MM_CO,Hot Rolled Black Coil 3mm & Above,26CW0147R0,20.95,2001,3.6,1265,0011000147,NMDC LIMITED,D100932101,5000094522,4600000256,20,02-03-26,101,HRC,COIL,11513:2017,BIS,cr3,72083890,N,7.453,73921043,MATCHED
2000,R_HR>3MM_CO,Hot Rolled Black Coil 3mm & Above,26CW0148R0,21.08,2001,3.6,1265,0011000147,NMDC LIMITED,D201079101,5000094524,4600000256,20,02-03-26,101,HRC,COIL,11513:2017,BIS,cr3,72083890,N,7.453,13164532,MATCHED
2000,R_HR>3MM_CO,Hot Rolled Black Coil 3mm & Above,26CW0149R0,21.06,2001,3.6,1265,0011000147,NMDC LIMITED,D100925103,5000094525,4600000256,20,02-03-26,101,HRC,COIL,11513:2017,BIS,cr3,72083890,N,7.453,23421895,MATCHED
2000,R_HR>3MM_CO,Hot Rolled Black Coil 3mm & Above,26CW0193R0,20.93,2001,3.6,1265,0011000147,NMDC LIMITED,D100927204,5000094671,4600000256,10,25-02-26,101,HRC,COIL,11513:2017,BIS,cr3,72083890,N,7.453,13211178,MATCHED
2000,R_HR>3MM_CO,Hot Rolled Black Coil 3mm & Above,26CW0200R0,20.99,2001,3.6,1265,0011000147,NMDC LIMITED,D100927201,5000094682,4600000256,20,02-03-26,101,HRC,COIL,11513:2017,BIS,cr3,72083890,N,7.453,39652228,MATCHED
2000,R_HR>3MM_CO,Hot Rolled Black Coil 3mm & Above,26CW0201R0,20.96,2001,3.6,1265,0011000147,NMDC LIMITED,D201083203,5000094686,4600000256,10,25-02-26,101,HRC,COIL,11513:2017,BIS,cr3,72083890,N,7.453,16019583,MATCHED
2000,R_HR>3MM_CO,Hot Rolled Black Coil 3mm & Above,26CW0202R0,21.04,2001,3.6,1265,0011000147,NMDC LIMITED,D100937101,5000094687,4600000256,10,25-02-26,101,HRC,COIL,11513:2017,BIS,cr3,72083890,N,7.453,86881722,MATCHED
2000,R_HR>3MM_CO,Hot Rolled Black Coil 3mm & Above,26CW0203R0,20.87,2001,3.6,1265,0011000147,NMDC LIMITED,D100932102,5000094688,4600000256,10,25-02-26,101,HRC,COIL,11513:2017,BIS,cr3,72083890,N,7.453,97812504,MATCHED
2000,R_HR>3MM_CO,Hot Rolled Black Coil 3mm & Above,26CW0204R0,20.87,2001,3.6,1265,0011000147,NMDC LIMITED,D100930109,5000094689,4600000256,10,25-02-26,101,HRC,COIL,11513:2017,BIS,cr3,72083890,N,7.453,28850932,MATCHED
2000,R_HR>3MM_CO,Hot Rolled Black Coil 3mm & Above,26CW0215R0,20.98,2001,3.6,1265,0011000147,NMDC LIMITED,D201081101,5000094716,4600000256,10,25-02-26,101,HRC,COIL,11513:2017,BIS,cr3,72083890,N,7.453,98583298,MATCHED
2000,R_HR>3MM_CO,Hot Rolled Black Coil 3mm & Above,26CW0216R0,20.94,2001,3.6,1265,0011000147,NMDC LIMITED,D100928205,5000094717,4600000256,10,25-02-26,101,HRC,COIL,11513:2017,BIS,cr3,72083890,N,7.453,48467233,MATCHED
2000,R_HR>3MM_CO,Hot Rolled Black Coil 3mm & Above,26CW0218R0,21.13,2001,3.6,1265,0011000147,NMDC LIMITED,D201078208,5000094726,4600000256,10,25-02-26,101,HRC,COIL,11513:2017,BIS,cr3,72083890,N,7.453,83224441,MATCHED
2000,R_HR>3MM_CO,Hot Rolled Black Coil 3mm & Above,26CW0219R0,21.13,2001,3.6,1265,0011000147,NMDC LIMITED,D100937104,5000094727,4600000256,10,25-02-26,101,HRC,COIL,11513:2017,BIS,cr3,72083890,N,7.453,72746341,MATCHED
2000,R_HR>3MM_CO,Hot Rolled Black Coil 3mm & Above,26CW0220R0,20.91,2001,3.6,1265,0011000147,NMDC LIMITED,D100927205,5000094728,4600000256,10,25-02-26,101,HRC,COIL,11513:2017,BIS,cr3,72083890,N,7.453,86751242,MATCHED
2000,R_HR>3MM_CO,Hot Rolled Black Coil 3mm & Above,26CW0221R0,20.99,2001,3.6,1265,0011000147,NMDC LIMITED,D201086203,5000094729,4600000256,10,25-02-26,101,HRC,COIL,11513:2017,BIS,cr3,72083890,N,7.453,45951584,MATCHED
2000,R_HR>3MM_CO,Hot Rolled Black Coil 3mm & Above,26CW0222R0,20.91,2001,3.6,1265,0011000147,NMDC LIMITED,D201082204,5000094731,4600000256,10,25-02-26,101,HRC,COIL,11513:2017,BIS,cr3,72083890,N,7.453,27918781,MATCHED
2000,R_HR>3MM_CO,Hot Rolled Black Coil 3mm & Above,26CW0223R0,20.95,2001,3.6,1265,0011000147,NMDC LIMITED,D201083206,5000094734,4600000256,10,25-02-26,101,HRC,COIL,11513:2017,BIS,cr3,72083890,N,7.453,93198301,MATCHED
2000,R_HR>3MM_CO,Hot Rolled Black Coil 3mm & Above,26CW0261R0,21.15,2001,3.6,1265,0011000147,NMDC LIMITED,D201078207,5000094819,4600000256,10,25-02-26,101,HRC,COIL,11513:2017,BIS,cr3,72083890,N,7.453,90307480,MATCHED
2000,R_HR>3MM_CO,Hot Rolled Black Coil 3mm & Above,26CW0262R0,21.01,2001,3.6,1265,0011000147,NMDC LIMITED,D201080106,5000094820,4600000256,10,25-02-26,101,HRC,COIL,11513:2017,BIS,cr3,72083890,N,7.453,47638936,MATCHED
2000,R_HR>3MM_CO,Hot Rolled Black Coil 3mm & Above,26CW0263R0,20.91,2001,3.6,1265,0011000147,NMDC LIMITED,D201083201,5000094823,4600000256,10,25-02-26,101,HRC,COIL,11513:2017,BIS,cr3,72083890,N,7.453,32221343,MATCHED
2000,R_HR>3MM_CO,Hot Rolled Black Coil 3mm & Above,26CW0264R0,21,2001,3.6,1265,0011000147,NMDC LIMITED,D201079108,5000094825,4600000256,10,25-02-26,101,HRC,COIL,11513:2017,BIS,cr3,72083890,N,7.453,61574498,MATCHED
2000,R_HR>3MM_CO,Hot Rolled Black Coil 3mm & Above,26CW0265R0,20.89,2001,3.6,1265,0011000147,NMDC LIMITED,D201082203,5000094826,4600000256,10,25-02-26,101,HRC,COIL,11513:2017,BIS,cr3,72083890,N,7.453,82747414,MATCHED
2000,R_HR>3MM_CO,Hot Rolled Black Coil 3mm & Above,26CW0266R0,20.89,2001,3.6,1265,0011000147,NMDC LIMITED,D201083207,5000094827,4600000256,10,25-02-26,101,HRC,COIL,11513:2017,BIS,cr3,72083890,N,7.453,81367040,MATCHED
2000,R_HR>3MM_CO,Hot Rolled Black Coil 3mm & Above,26CW0267R0,20.94,2001,3.6,1265,0011000147,NMDC LIMITED,D100928204,5000094828,4600000256,10,25-02-26,101,HRC,COIL,11513:2017,BIS,cr3,72083890,N,7.453,94209608,MATCHED
2000,R_HR>3MM_CO,Hot Rolled Black Coil 3mm & Above,26CW0268R0,20.97,2001,3.6,1265,0011000147,NMDC LIMITED,D100924107,5000094830,4600000256,10,25-02-26,101,HRC,COIL,11513:2017,BIS,cr3,72083890,N,7.453,94649281,MATCHED
2000,R_HR>3MM_CO,Hot Rolled Black Coil 3mm & Above,26CW0269R0,20.78,2001,3.6,1265,0011000147,NMDC LIMITED,D201082202,5000094833,4600000256,10,25-02-26,101,HRC,COIL,11513:2017,BIS,cr3,72083890,N,7.453,19384861,MATCHED
2000,R_HR>3MM_CO,Hot Rolled Black Coil 3mm & Above,26CW0270R0,20.9,2001,3.6,1265,0011000147,NMDC LIMITED,D201082208,5000094835,4600000256,10,25-02-26,101,HRC,COIL,11513:2017,BIS,cr3,72083890,N,7.453,68099683,MATCHED
2000,R_HR>3MM_CO,Hot Rolled Black Coil 3mm & Above,26CW0271R0,20.88,2001,3.6,1265,0011000147,NMDC LIMITED,D201083204,5000094837,4600000256,10,25-02-26,101,HRC,COIL,11513:2017,BIS,cr3,72083890,N,7.453,53861749,MATCHED
2000,R_HR>3MM_CO,Hot Rolled Black Coil 3mm & Above,26CW0272R0,20.89,2001,3.6,1265,0011000147,NMDC LIMITED,D100931105,5000094839,4600000256,10,25-02-26,101,HRC,COIL,11513:2017,BIS,cr3,72083890,N,7.453,30842421,MATCHED
2000,R_HR>3MM_CO,Hot Rolled Black Coil 3mm & Above,26CW0273R0,20.81,2001,3.6,1265,0011000147,NMDC LIMITED,D100931102,5000094841,4600000256,10,25-02-26,101,HRC,COIL,11513:2017,BIS,cr3,72083890,N,7.453,84973553,MATCHED
2000,R_HR>3MM_CO,Hot Rolled Black Coil 3mm & Above,26CW0274R0,20.97,2001,3.6,1265,0011000147,NMDC LIMITED,D100930107,5000094842,4600000256,10,25-02-26,101,HRC,COIL,11513:2017,BIS,cr3,72083890,N,7.453,36738564,MATCHED
2000,R_HR>3MM_CO,Hot Rolled Black Coil 3mm & Above,26CW0275R0,20.97,2001,3.6,1265,0011000147,NMDC LIMITED,D100924102,5000094850,4600000256,10,25-02-26,101,HRC,COIL,11513:2017,BIS,cr3,72083890,N,7.453,53763625,MATCHED
2000,R_HR>3MM_CO,Hot Rolled Black Coil 3mm & Above,26CW0276R0,20.91,2001,3.6,1265,0011000147,NMDC LIMITED,D100931104,5000094851,4600000256,10,25-02-26,101,HRC,COIL,11513:2017,BIS,cr3,72083890,N,7.453,85914029,MATCHED
2000,R_HR>3MM_CO,Hot Rolled Black Coil 3mm & Above,26CW0277R0,20.77,2001,3.6,1265,0011000147,NMDC LIMITED,D201083208,5000094852,4600000256,10,25-02-26,101,HRC,COIL,11513:2017,BIS,cr3,72083890,N,7.453,39175540,MATCHED
2000,R_HR>3MM_CO,Hot Rolled Black Coil 3mm & Above,26CW0278R0,20.96,2001,3.6,1265,0011000147,NMDC LIMITED,D201083202,5000094859,4600000256,10,25-02-26,101,HRC,COIL,11513:2017,BIS,cr3,72083890,N,7.453,35665876,MATCHED
2000,R_HR>3MM_CO,Hot Rolled Black Coil 3mm & Above,26CW0279R0,20.98,2001,3.6,1265,0011000147,NMDC LIMITED,D100926208,5000094860,4600000256,10,25-02-26,101,HRC,COIL,11513:2017,BIS,cr3,72083890,N,7.453,32061053,MATCHED
2000,R_HR>3MM_CO,Hot Rolled Black Coil 3mm & Above,26CW0280R0,20.83,2001,3.6,1265,0011000147,NMDC LIMITED,D100929207,5000094861,4600000256,10,25-02-26,101,HRC,COIL,11513:2017,BIS,cr3,72083890,N,7.453,49693233,MATCHED
2000,R_HR>3MM_CO,Hot Rolled Black Coil 3mm & Above,26CW0281R0,20.94,2001,3.6,1265,0011000147,NMDC LIMITED,D100930105,5000094862,4600000256,10,25-02-26,101,HRC,COIL,11513:2017,BIS,cr3,72083890,N,7.453,10680529,MATCHED
2000,R_HR>3MM_CO,Hot Rolled Black Coil 3mm & Above,26CW0282R0,20.89,2001,3.6,1265,0011000147,NMDC LIMITED,D100923205,5000094864,4600000256,10,25-02-26,101,HRC,COIL,11513:2017,BIS,cr3,72083890,N,7.453,15925095,MATCHED
2000,R_HR>3MM_CO,Hot Rolled Black Coil 3mm & Above,26CW0283R0,20.97,2001,3.6,1265,0011000147,NMDC LIMITED,D201086201,5000094867,4600000256,10,25-02-26,101,HRC,COIL,11513:2017,BIS,cr3,72083890,N,7.453,45953283,MATCHED
2000,R_HR>3MM_CO,Hot Rolled Black Coil 3mm & Above,26CW0284R0,21.05,2001,3.6,1265,0011000147,NMDC LIMITED,D201086205,5000094868,4600000256,10,25-02-26,101,HRC,COIL,11513:2017,BIS,cr3,72083890,N,7.453,27902321,MATCHED
2000,R_HR>3MM_CO,Hot Rolled Black Coil 3mm & Above,26CW0285R0,20.87,2001,3.6,1265,0011000147,NMDC LIMITED,D100931106,5000094870,4600000256,10,25-02-26,101,HRC,COIL,11513:2017,BIS,cr3,72083890,N,7.453,34757655,MATCHED
2000,R_HR>3MM_CO,Hot Rolled Black Coil 3mm & Above,26CW0286R0,20.94,2001,3.6,1265,0011000147,NMDC LIMITED,D100932103,5000094871,4600000256,10,25-02-26,101,HRC,COIL,11513:2017,BIS,cr3,72083890,N,7.453,66326303,MATCHED
2000,R_HR>3MM_CO,Hot Rolled Black Coil 3mm & Above,26CW0287R0,21.08,2001,3.6,1265,0011000147,NMDC LIMITED,D100925105,5000094872,4600000256,10,25-02-26,101,HRC,COIL,11513:2017,BIS,cr3,72083890,N,7.453,30780234,MATCHED
2000,R_HR>3MM_CO,Hot Rolled Black Coil 3mm & Above,26CW0288R0,20.95,2001,3.6,1265,0011000147,NMDC LIMITED,D201083205,5000094873,4600000256,10,25-02-26,101,HRC,COIL,11513:2017,BIS,cr3,72083890,N,7.453,18917942,MATCHED
2000,R_HR>3MM_CO,Hot Rolled Black Coil 3mm & Above,26CW0289R0,20.97,2001,3.6,1265,0011000147,NMDC LIMITED,D201078204,5000094874,4600000256,10,25-02-26,101,HRC,COIL,11513:2017,BIS,cr3,72083890,N,7.453,47222754,MATCHED
2000,R_HR>3MM_CO,Hot Rolled Black Coil 3mm & Above,26CW0290R0,21.06,2001,3.6,1265,0011000147,NMDC LIMITED,D100937102,5000094875,4600000256,10,25-02-26,101,HRC,COIL,11513:2017,BIS,cr3,72083890,N,7.453,55560375,MATCHED
2000,R_HR>3MM_CO,Hot Rolled Black Coil 3mm & Above,26CW0410R0,20.97,2001,3.6,1265,0011000147,NMDC LIMITED,D100928209,5000095286,4600000256,10,25-02-26,101,HRC,COIL,11513:2017,BIS,cr3,72083890,N,7.453,54025958,MATCHED
2000,R_HR>3MM_CO,Hot Rolled Black Coil 3mm & Above,26CW0411R0,20.99,2001,3.6,1265,0011000147,NMDC LIMITED,D100923207,5000095287,4600000256,10,25-02-26,101,HRC,COIL,11513:2017,BIS,cr3,72083890,N,7.453,94949467,MATCHED
2000,R_HR>3MM_CO,Hot Rolled Black Coil 3mm & Above,26CW0412R0,20.97,2001,3.6,1265,0011000147,NMDC LIMITED,D100924104,5000095288,4600000256,10,25-02-26,101,HRC,COIL,11513:2017,BIS,cr3,72083890,N,7.453,33422382,MATCHED
2000,R_HR>3MM_CO,Hot Rolled Black Coil 3mm & Above,26CW0413R0,20.94,2001,3.6,1265,0011000147,NMDC LIMITED,D100928203,5000095289,4600000256,10,25-02-26,101,HRC,COIL,11513:2017,BIS,cr3,72083890,N,7.453,89448250,MATCHED
2000,R_HR>3MM_CO,Hot Rolled Black Coil 3mm & Above,26CW0416R0,21,2001,3.6,1265,0011000147,NMDC LIMITED,D100925101,5000095349,4600000256,10,25-02-26,101,HRC,COIL,11513:2017,BIS,cr3,72083890,N,7.453,80917471,MATCHED
2000,R_HR>3MM_CO,Hot Rolled Black Coil 3mm & Above,26CW0417R0,20.89,2001,3.6,1265,0011000147,NMDC LIMITED,D100931101,5000095353,4600000256,10,25-02-26,101,HRC,COIL,11513:2017,BIS,cr3,72083890,N,7.453,67227042,MATCHED
2000,R_HR>3MM_CO,Hot Rolled Black Coil 3mm & Above,26CW0418R0,20.93,2001,3.6,1265,0011000147,NMDC LIMITED,D100932107,5000095357,4600000256,10,25-02-26,101,HRC,COIL,11513:2017,BIS,cr3,72083890,N,7.453,86008939,MATCHED
2000,R_HR>3MM_CO,Hot Rolled Black Coil 3mm & Above,26CW0419R0,21,2001,3.6,1265,0011000147,NMDC LIMITED,D100923203,5000095363,4600000256,10,25-02-26,101,HRC,COIL,11513:2017,BIS,cr3,72083890,N,7.453,96660683,MATCHED
2000,R_HR>3MM_CO,Hot Rolled Black Coil 3mm & Above,26CW0420R0,21.1,2001,3.6,1265,0011000147,NMDC LIMITED,D201079103,5000095366,4600000256,10,25-02-26,101,HRC,COIL,11513:2017,BIS,cr3,72083890,N,7.453,46874089,MATCHED
2000,R_HR>3MM_CO,Hot Rolled Black Coil 3mm & Above,26CW0421R0,20.98,2001,3.6,1265,0011000147,NMDC LIMITED,D201081104,5000095370,4600000256,10,25-02-26,101,HRC,COIL,11513:2017,BIS,cr3,72083890,N,7.453,83161767,MATCHED
2000,R_HR>3MM_CO,Hot Rolled Black Coil 3mm & Above,26CW0422R0,20.85,2001,3.6,1265,0011000147,NMDC LIMITED,D100932108,5000095371,4600000256,10,25-02-26,101,HRC,COIL,11513:2017,BIS,cr3,72083890,N,7.453,43252232,MATCHED
2000,R_HR>3MM_CO,Hot Rolled Black Coil 3mm & Above,26CW0423R0,20.96,2001,3.6,1265,0011000147,NMDC LIMITED,D201081103,5000095378,4600000256,10,25-02-26,101,HRC,COIL,11513:2017,BIS,cr3,72083890,N,7.453,28704728,MATCHED
2000,R_HR>3MM_CO,Hot Rolled Black Coil 3mm & Above,26CW0424R0,21.02,2001,3.6,1265,0011000147,NMDC LIMITED,D201078201,5000095383,4600000256,10,25-02-26,101,HRC,COIL,11513:2017,BIS,cr3,72083890,N,7.453,40307438,MATCHED
2000,R_HR>3MM_CO,Hot Rolled Black Coil 3mm & Above,26CW0425R0,20.92,2001,3.6,1265,0011000147,NMDC LIMITED,D201082207,5000095384,4600000256,10,25-02-26,101,HRC,COIL,11513:2017,BIS,cr3,72083890,N,7.453,61736926,MATCHED
2000,R_HR>3MM_CO,Hot Rolled Black Coil 3mm & Above,26CW0426R0,20.95,2001,3.6,1265,0011000147,NMDC LIMITED,D100932104,5000095386,4600000256,10,25-02-26,101,HRC,COIL,11513:2017,BIS,cr3,72083890,N,7.453,86730413,MATCHED
2000,R_HR>3MM_CO,Hot Rolled Black Coil 3mm & Above,26CW0427R0,20.96,2001,3.6,1265,0011000147,NMDC LIMITED,D100928201,5000095391,4600000256,10,25-02-26,101,HRC,COIL,11513:2017,BIS,cr3,72083890,N,7.453,77372181,MATCHED
2000,R_HR>3MM_CO,Hot Rolled Black Coil 3mm & Above,26CW0428R0,21,2001,3.6,1265,0011000147,NMDC LIMITED,D201080105,5000095393,4600000256,10,25-02-26,101,HRC,COIL,11513:2017,BIS,cr3,72083890,N,7.453,55186575,MATCHED
2000,R_HR>3MM_CO,Hot Rolled Black Coil 3mm & Above,26CW0429R0,20.98,2001,3.6,1265,0011000147,NMDC LIMITED,D201080104,5000095402,4600000256,10,25-02-26,101,HRC,COIL,11513:2017,BIS,cr3,72083890,N,7.453,67504872,MATCHED
2000,R_HR>3MM_CO,Hot Rolled Black Coil 3mm & Above,26CW0430R0,20.96,2001,3.6,1265,0011000147,NMDC LIMITED,D100927202,5000095403,4600000256,10,25-02-26,101,HRC,COIL,11513:2017,BIS,cr3,72083890,N,7.453,32678490,MATCHED
2000,R_HR>3MM_CO,Hot Rolled Black Coil 3mm & Above,26CW0431R0,20.84,2001,3.6,1265,0011000147,NMDC LIMITED,D100929208,5000095404,4600000256,10,25-02-26,101,HRC,COIL,11513:2017,BIS,cr3,72083890,N,7.453,55434294,MATCHED
2000,R_HR>3MM_CO,Hot Rolled Black Coil 3mm & Above,26CW0432R0,20.85,2001,3.6,1265,0011000147,NMDC LIMITED,D201081105,5000095405,4600000256,10,25-02-26,101,HRC,COIL,11513:2017,BIS,cr3,72083890,N,7.453,20923769,MATCHED
2000,R_HR>3MM_CO,Hot Rolled Black Coil 3mm & Above,26CW0433R0,20.94,2001,3.6,1265,0011000147,NMDC LIMITED,D100932106,5000095406,4600000256,10,25-02-26,101,HRC,COIL,11513:2017,BIS,cr3,72083890,N,7.453,16319551,MATCHED
2000,R_HR>3MM_CO,Hot Rolled Black Coil 3mm & Above,26CW0434R0,21.22,2001,3.6,1265,0011000147,NMDC LIMITED,D100924101,5000095436,4600000256,10,25-02-26,101,HRC,COIL,11513:2017,BIS,cr3,72083890,N,7.453,88669874,MATCHED
2000,R_HR>3MM_CO,Hot Rolled Black Coil 3mm & Above,26CW0435R0,20.83,2001,3.6,1265,0011000147,NMDC LIMITED,D201081108,5000095438,4600000256,10,25-02-26,101,HRC,COIL,11513:2017,BIS,cr3,72083890,N,7.453,75257674,MATCHED
2000,R_HR>3MM_CO,Hot Rolled Black Coil 3mm & Above,26CW0436R0,20.71,2001,3.6,1265,0011000147,NMDC LIMITED,D100932109,5000095439,4600000256,10,25-02-26,101,HRC,COIL,11513:2017,BIS,cr3,72083890,N,7.453,97339869,MATCHED
2000,R_HR>3MM_CO,Hot Rolled Black Coil 3mm & Above,26CW0437R0,21.06,2001,3.6,1265,0011000147,NMDC LIMITED,D100937105,5000095441,4600000256,10,25-02-26,101,HRC,COIL,11513:2017,BIS,cr3,72083890,N,7.453,83036029,MATCHED
2000,R_HR>3MM_CO,Hot Rolled Black Coil 3mm & Above,26CW0438R0,20.93,2001,3.6,1265,0011000147,NMDC LIMITED,D100932105,5000095442,4600000256,10,25-02-26,101,HRC,COIL,11513:2017,BIS,cr3,72083890,N,7.453,73724754,MATCHED
2000,R_HR>3MM_CO,Hot Rolled Black Coil 3mm & Above,26CW0439R0,21.01,2001,3.6,1265,0011000147,NMDC LIMITED,D201079109,5000095443,4600000256,10,25-02-26,101,HRC,COIL,11513:2017,BIS,cr3,72083890,N,7.453,95702982,MATCHED
2000,R_HR>3MM_CO,Hot Rolled Black Coil 3mm & Above,26CW0440R0,21.01,2001,3.6,1265,0011000147,NMDC LIMITED,D201079105,5000095445,4600000256,10,25-02-26,101,HRC,COIL,11513:2017,BIS,cr3,72083890,N,7.453,29414448,MATCHED
2000,R_HR>3MM_CO,Hot Rolled Black Coil 3mm & Above,26CW0441R0,20.95,2001,3.6,1265,0011000147,NMDC LIMITED,D100928208,5000095485,4600000256,10,25-02-26,101,HRC,COIL,11513:2017,BIS,cr3,72083890,N,7.453,89333777,MATCHED
2000,R_HR>3MM_CO,Hot Rolled Black Coil 3mm & Above,26CW0442R0,20.98,2001,3.6,1265,0011000147,NMDC LIMITED,D201080101,5000095488,4600000256,10,25-02-26,101,HRC,COIL,11513:2017,BIS,cr3,72083890,N,7.453,32752036,MATCHED
2000,R_HR>3MM_CO,Hot Rolled Black Coil 3mm & Above,26CW0443R0,20.98,2001,3.6,1265,0011000147,NMDC LIMITED,D201079106,5000095492,4600000256,10,25-02-26,101,HRC,COIL,11513:2017,BIS,cr3,72083890,N,7.453,24399753,MATCHED
2000,R_HR>3MM_CO,Hot Rolled Black Coil 3mm & Above,26CW0444R0,20.95,2001,3.6,1265,0011000147,NMDC LIMITED,D100930106,5000095494,4600000256,10,25-02-26,101,HRC,COIL,11513:2017,BIS,cr3,72083890,N,7.453,75397716,MATCHED
2000,R_HR>3MM_CO,Hot Rolled Black Coil 3mm & Above,26CW0445R0,20.99,2001,3.6,1265,0011000147,NMDC LIMITED,D201080103,5000095501,4600000256,10,25-02-26,101,HRC,COIL,11513:2017,BIS,cr3,72083890,N,7.453,49664268,MATCHED
2000,R_HR>3MM_CO,Hot Rolled Black Coil 3mm & Above,26CW0446R0,21.06,2001,3.6,1265,0011000147,NMDC LIMITED,D100925102,5000095503,4600000256,10,25-02-26,101,HRC,COIL,11513:2017,BIS,cr3,72083890,N,7.453,42384375,MATCHED
2000,R_HR>3MM_CO,Hot Rolled Black Coil 3mm & Above,26CW0447R0,20.94,2001,3.6,1265,0011000147,NMDC LIMITED,D100923206,5000095504,4600000256,10,25-02-26,101,HRC,COIL,11513:2017,BIS,cr3,72083890,N,7.453,13486134,MATCHED
2000,R_HR>3MM_CO,Hot Rolled Black Coil 3mm & Above,26CW0448R0,20.89,2001,3.6,1265,0011000147,NMDC LIMITED,D100928202,5000095506,4600000256,10,25-02-26,101,HRC,COIL,11513:2017,BIS,cr3,72083890,N,7.453,93971961,MATCHED
2000,R_HR>3MM_CO,Hot Rolled Black Coil 3mm & Above,26CW0449R0,21.14,2001,3.6,1265,0011000147,NMDC LIMITED,D201078206,5000095507,4600000256,10,25-02-26,101,HRC,COIL,11513:2017,BIS,cr3,72083890,N,7.453,56626626,MATCHED
2000,R_HR>3MM_CO,Hot Rolled Black Coil 3mm & Above,26CW0450R0,21,2001,3.6,1265,0011000147,NMDC LIMITED,D201078202,5000095508,4600000256,10,25-02-26,101,HRC,COIL,11513:2017,BIS,cr3,72083890,N,7.453,49300480,MATCHED
2000,R_HR>3MM_CO,Hot Rolled Black Coil 3mm & Above,26CW0451R0,21.13,2001,3.6,1265,0011000147,NMDC LIMITED,D100926206,5000095510,4600000256,10,25-02-26,101,HRC,COIL,11513:2017,BIS,cr3,72083890,N,7.453,97372454,MATCHED
2000,R_HR>3MM_CO,Hot Rolled Black Coil 3mm & Above,26CW0452R0,20.88,2001,3.6,1265,0011000147,NMDC LIMITED,D201082205,5000095511,4600000256,10,25-02-26,101,HRC,COIL,11513:2017,BIS,cr3,72083890,N,7.453,24808583,MATCHED
2000,R_HR>3MM_CO,Hot Rolled Black Coil 3mm & Above,26CW0460R0,20.96,2001,3.6,1265,0011000147,NMDC LIMITED,D100928206,5000095530,4600000256,10,25-02-26,101,HRC,COIL,11513:2017,BIS,cr3,72083890,N,7.453,79632472,MATCHED
2000,R_HR>3MM_CO,Hot Rolled Black Coil 3mm & Above,26CW0461R0,21.05,2001,3.6,1265,0011000147,NMDC LIMITED,D100937107,5000095532,4600000256,10,25-02-26,101,HRC,COIL,11513:2017,BIS,cr3,72083890,N,7.453,61362752,MATCHED
2000,R_HR>3MM_CO,Hot Rolled Black Coil 3mm & Above,26CW0462R0,21.08,2001,3.6,1265,0011000147,NMDC LIMITED,D100925108,5000095533,4600000256,10,25-02-26,101,HRC,COIL,11513:2017,BIS,cr3,72083890,N,7.453,82169323,MATCHED
2000,R_HR>3MM_CO,Hot Rolled Black Coil 3mm & Above,26CW0463R0,20.87,2001,3.6,1265,0011000147,NMDC LIMITED,D100930103,5000095534,4600000256,10,25-02-26,101,HRC,COIL,11513:2017,BIS,cr3,72083890,N,7.453,75538600,MATCHED
2000,R_HR>3MM_CO,Hot Rolled Black Coil 3mm & Above,26CW0464R0,20.83,2001,3.6,1265,0011000147,NMDC LIMITED,D100930101,5000095536,4600000256,10,25-02-26,101,HRC,COIL,11513:2017,BIS,cr3,72083890,N,7.453,97575525,MATCHED
2000,R_HR>3MM_CO,Hot Rolled Black Coil 3mm & Above,26CW0465R0,21.05,2001,3.6,1265,0011000147,NMDC LIMITED,D201086202,5000095537,4600000256,10,25-02-26,101,HRC,COIL,11513:2017,BIS,cr3,72083890,N,7.453,29426448,MATCHED
2000,R_HR>3MM_CO,Hot Rolled Black Coil 3mm & Above,26CW0466R0,20.98,2001,3.6,1265,0011000147,NMDC LIMITED,D201079107,5000095542,4600000256,10,25-02-26,101,HRC,COIL,11513:2017,BIS,cr3,72083890,N,7.453,10268757,MATCHED
2000,R_HR>3MM_CO,Hot Rolled Black Coil 3mm & Above,26CW0467R0,20.9,2001,3.6,1265,0011000147,NMDC LIMITED,D100931103,5000095544,4600000256,10,25-02-26,101,HRC,COIL,11513:2017,BIS,cr3,72083890,N,7.453,25427509,MATCHED
2000,R_HR>3MM_CO,Hot Rolled Black Coil 3mm & Above,26CW0468R0,20.96,2001,3.6,1265,0011000147,NMDC LIMITED,D201080102,5000095545,4600000256,10,25-02-26,101,HRC,COIL,11513:2017,BIS,cr3,72083890,N,7.453,35334760,MATCHED
2000,R_HR>3MM_CO,Hot Rolled Black Coil 3mm & Above,26CW0469R0,21.18,2001,3.6,1265,0011000147,NMDC LIMITED,D100926205,5000095546,4600000256,10,25-02-26,101,HRC,COIL,11513:2017,BIS,cr3,72083890,N,7.453,78228580,MATCHED
2000,R_HR>3MM_CO,Hot Rolled Black Coil 3mm & Above,26CW0470R0,20.87,2001,3.6,1265,0011000147,NMDC LIMITED,D201082201,5000095556,4600000256,10,25-02-26,101,HRC,COIL,11513:2017,BIS,cr3,72083890,N,7.453,75332833,MATCHED
2000,R_HR>3MM_CO,Hot Rolled Black Coil 3mm & Above,26CW0471R0,21.05,2001,3.6,1265,0011000147,NMDC LIMITED,D100937106,5000095557,4600000256,10,25-02-26,101,HRC,COIL,11513:2017,BIS,cr3,72083890,N,7.453,61538773,MATCHED
2000,R_HR>3MM_CO,Hot Rolled Black Coil 3mm & Above,26CW0472R0,21.03,2001,3.6,1265,0011000147,NMDC LIMITED,D100924103,5000095558,4600000256,10,25-02-26,101,HRC,COIL,11513:2017,BIS,cr3,72083890,N,7.453,64714026,MATCHED
2000,R_HR>3MM_CO,Hot Rolled Black Coil 3mm & Above,26CW0473R0,21.15,2001,3.6,1265,0011000147,NMDC LIMITED,D100926201,5000095559,4600000256,10,25-02-26,101,HRC,COIL,11513:2017,BIS,cr3,72083890,N,7.453,64463079,MATCHED
2000,R_HR>3MM_CO,Hot Rolled Black Coil 3mm & Above,26CW0474R0,20.95,2001,3.6,1265,0011000147,NMDC LIMITED,D100924105,5000095560,4600000256,10,25-02-26,101,HRC,COIL,11513:2017,BIS,cr3,72083890,N,7.453,63771629,MATCHED
2000,R_HR>3MM_CO,Hot Rolled Black Coil 3mm & Above,26CW0475R0,21.11,2001,3.6,1265,0011000147,NMDC LIMITED,D201086207,5000095562,4600000256,10,25-02-26,101,HRC,COIL,11513:2017,BIS,cr3,72083890,N,7.453,76903346,MATCHED
2000,R_HR>3MM_CO,Hot Rolled Black Coil 3mm & Above,26CW0476R0,21.07,2001,3.6,1265,0011000147,NMDC LIMITED,D100937108,5000095563,4600000256,10,25-02-26,101,HRC,COIL,11513:2017,BIS,cr3,72083890,N,7.453,34510056,MATCHED
2000,R_HR>3MM_CO,Hot Rolled Black Coil 3mm & Above,26CW0480R0,21.08,2001,3.6,1265,0011000147,NMDC LIMITED,D100926203,5000095578,4600000256,10,25-02-26,101,HRC,COIL,11513:2017,BIS,cr3,72083890,N,7.453,79822805,MATCHED
2000,R_HR>3MM_CO,Hot Rolled Black Coil 3mm & Above,26CW0481R0,20.93,2001,3.6,1265,0011000147,NMDC LIMITED,D100930108,5000095579,4600000256,10,25-02-26,101,HRC,COIL,11513:2017,BIS,cr3,72083890,N,7.453,58388858,MATCHED
2000,R_HR>3MM_CO,Hot Rolled Black Coil 3mm & Above,26CW0482R0,21.03,2001,3.6,1265,0011000147,NMDC LIMITED,D100925104,5000095580,4600000256,10,25-02-26,101,HRC,COIL,11513:2017,BIS,cr3,72083890,N,7.453,76667779,MATCHED
2000,R_HR>3MM_CO,Hot Rolled Black Coil 3mm & Above,26CW0483R0,21.14,2001,3.6,1265,0011000147,NMDC LIMITED,D100926202,5000095616,4600000256,10,25-02-26,101,HRC,COIL,11513:2017,BIS,cr3,72083890,N,7.453,96672326,MATCHED
2000,R_HR>3MM_CO,Hot Rolled Black Coil 3mm & Above,26CW0484R0,20.82,2001,3.6,1265,0011000147,NMDC LIMITED,D100929206,5000095624,4600000256,10,25-02-26,101,HRC,COIL,11513:2017,BIS,cr3,72083890,N,7.453,18117996,MATCHED
2000,R_HR>3MM_CO,Hot Rolled Black Coil 3mm & Above,26CW0485R0,21,2001,3.6,1265,0011000147,NMDC LIMITED,D201086204,5000095626,4600000256,10,25-02-26,101,HRC,COIL,11513:2017,BIS,cr3,72083890,N,7.453,81620692,MATCHED
2000,R_HR>3MM_CO,Hot Rolled Black Coil 3mm & Above,26CW0486R0,21.1,2001,3.6,1265,0011000147,NMDC LIMITED,D201078205,5000095628,4600000256,10,25-02-26,101,HRC,COIL,11513:2017,BIS,cr3,72083890,N,7.453,20107979,MATCHED
2000,R_HR>3MM_CO,Hot Rolled Black Coil 3mm & Above,26CW0487R0,21.08,2001,3.6,1265,0011000147,NMDC LIMITED,D201079102,5000095630,4600000256,10,25-02-26,101,HRC,COIL,11513:2017,BIS,cr3,72083890,N,7.453,38846650,MATCHED
2000,R_HR>3MM_CO,Hot Rolled Black Coil 3mm & Above,26CW0488R0,20.84,2001,3.6,1265,0011000147,NMDC LIMITED,D201081102,5000095631,4600000256,10,25-02-26,101,HRC,COIL,11513:2017,BIS,cr3,72083890,N,7.453,59411902,MATCHED
2000,R_HR>3MM_CO,Hot Rolled Black Coil 3mm & Above,26CW0489R0,21.18,2001,3.6,1265,0011000147,NMDC LIMITED,D100937103,5000095632,4600000256,10,25-02-26,101,HRC,COIL,11513:2017,BIS,cr3,72083890,N,7.453,16882698,MATCHED
2000,R_HR>3MM_CO,Hot Rolled Black Coil 3mm & Above,26CW0490R0,20.91,2001,3.6,1265,0011000147,NMDC LIMITED,D201082206,5000095634,4600000256,10,25-02-26,101,HRC,COIL,11513:2017,BIS,cr3,72083890,N,7.453,69625902,MATCHED
2000,R_HR>3MM_CO,Hot Rolled Black Coil 3mm & Above,26CW0491R0,21.12,2001,3.6,1265,0011000147,NMDC LIMITED,D100926207,5000095637,4600000256,10,25-02-26,101,HRC,COIL,11513:2017,BIS,cr3,72083890,N,7.453,48395781,MATCHED
2000,R_HR>3MM_CO,Hot Rolled Black Coil 3mm & Above,26CW0492R0,20.89,2001,3.6,1265,0011000147,NMDC LIMITED,D100927203,5000095640,4600000256,10,25-02-26,101,HRC,COIL,11513:2017,BIS,cr3,72083890,N,7.453,16329170,MATCHED
2000,R_HR>3MM_CO,Hot Rolled Black Coil 3mm & Above,26CW0494R0,21.03,2001,3.6,1265,0011000147,NMDC LIMITED,D100923208,5000095645,4600000256,10,25-02-26,101,HRC,COIL,11513:2017,BIS,cr3,72083890,N,7.453,70233642,MATCHED
2000,R_HR>3MM_CO,Hot Rolled Black Coil 3mm & Above,26CW0495R0,21.12,2001,3.6,1265,0011000147,NMDC LIMITED,D100926204,5000095657,4600000256,10,25-02-26,101,HRC,COIL,11513:2017,BIS,cr3,72083890,N,7.453,39825568,MATCHED
2000,R_HR>3MM_CO,Hot Rolled Black Coil 3mm & Above,26CW0496R0,21.1,2001,3.6,1265,0011000147,NMDC LIMITED,D201086208,5000095660,4600000256,10,25-02-26,101,HRC,COIL,11513:2017,BIS,cr3,72083890,N,7.453,28856422,MATCHED
2000,R_HR>3MM_CO,Hot Rolled Black Coil 3mm & Above,26CW0497R0,20.99,2001,3.6,1265,0011000147,NMDC LIMITED,D201080107,5000095662,4600000256,10,25-02-26,101,HRC,COIL,11513:2017,BIS,cr3,72083890,N,7.453,69569242,MATCHED
2000,R_HR>3MM_CO,Hot Rolled Black Coil 3mm & Above,26CW0498R0,20.98,2001,3.6,1265,0011000147,NMDC LIMITED,D100923204,5000095663,4600000256,10,25-02-26,101,HRC,COIL,11513:2017,BIS,cr3,72083890,N,7.453,98119737,MATCHED
2000,R_HR>3MM_CO,Hot Rolled Black Coil 3mm & Above,26CW0499R0,21.1,2001,3.6,1265,0011000147,NMDC LIMITED,D100925106,5000095664,4600000256,10,25-02-26,101,HRC,COIL,11513:2017,BIS,cr3,72083890,N,7.453,28434865,MATCHED
2000,R_HR>3MM_CO,Hot Rolled Black Coil 3mm & Above,26CW0500R0,20.88,2001,3.6,1265,0011000147,NMDC LIMITED,D100927206,5000095666,4600000256,10,25-02-26,101,HRC,COIL,11513:2017,BIS,cr3,72083890,N,7.453,91831406,MATCHED
2000,R_HR>3MM_CO,Hot Rolled Black Coil 3mm & Above,26CW0501R0,20.97,2001,3.6,1265,0011000147,NMDC LIMITED,D100927208,5000095668,4600000256,10,25-02-26,101,HRC,COIL,11513:2017,BIS,cr3,72083890,N,7.453,99224344,MATCHED
2000,R_HR>3MM_CO,Hot Rolled Black Coil 3mm & Above,26CW0502R0,21.07,2001,3.6,1265,0011000147,NMDC LIMITED,D100925107,5000095669,4600000256,10,25-02-26,101,HRC,COIL,11513:2017,BIS,cr3,72083890,N,7.453,77520265,MATCHED
2000,R_HR>3MM_CO,Hot Rolled Black Coil 3mm & Above,26CW0503R0,20.88,2001,3.6,1265,0011000147,NMDC LIMITED,D100931107,5000095671,4600000256,10,25-02-26,101,HRC,COIL,11513:2017,BIS,cr3,72083890,N,7.453,83530568,MATCHED
2000,R_HR>3MM_CO,Hot Rolled Black Coil 3mm & Above,26CW0504R0,20.97,2001,3.6,1265,0011000147,NMDC LIMITED,D100924106,5000095672,4600000256,10,25-02-26,101,HRC,COIL,11513:2017,BIS,cr3,72083890,N,7.453,44542614,MATCHED
2000,R_HR>3MM_CO,Hot Rolled Black Coil 3mm & Above,26CW0505R0,21.01,2001,3.6,1265,0011000147,NMDC LIMITED,D201078203,5000095675,4600000256,10,25-02-26,101,HRC,COIL,11513:2017,BIS,cr3,72083890,N,7.453,93792973,MATCHED
2000,R_HR>3MM_CO,Hot Rolled Black Coil 3mm & Above,26CW0506R0,20.82,2001,3.6,1265,0011000147,NMDC LIMITED,D201081106,5000095680,4600000256,10,25-02-26,101,HRC,COIL,11513:2017,BIS,cr3,72083890,N,7.453,79157240,MATCHED
2000,R_HR_CO,Hot Rolled Black Coil,26CW0726R0,20.75,2001,2.2,1230,0011000147,NMDC LIMITED,D101516106,5000096427,4600000275,10,23-03-26,101,HRC,COIL,11513:2017,BIS,cr3,72083990,N,7.453,11260006,MATCHED
2000,R_HR_CO,Hot Rolled Black Coil,26CW0727R0,21.1,2001,2,1235,0011000147,NMDC LIMITED,D101503202,5000096428,4600000275,30,23-03-26,101,HRC,COIL,11513:2017,BIS,cr3,72083990,N,7.453,16054730,MATCHED
2000,R_HR_CO,Hot Rolled Black Coil,26CW0728R0,21.13,2001,2.2,1230,0011000147,NMDC LIMITED,D101514208,5000096429,4600000275,10,23-03-26,101,HRC,COIL,11513:2017,BIS,cr3,72083990,N,7.453,79473655,MATCHED
2000,R_HR_CO,Hot Rolled Black Coil,26CW0729R0,21.05,2001,2,1235,0011000147,NMDC LIMITED,D101507202,5000096431,4600000275,30,23-03-26,101,HRC,COIL,11513:2017,BIS,cr3,72083990,N,7.453,42686949,MATCHED
2000,R_HR_CO,Hot Rolled Black Coil,26CW0730R0,21.16,2001,2,1235,0011000147,NMDC LIMITED,D101503204,5000096432,4600000275,30,23-03-26,101,HRC,COIL,11513:2017,BIS,cr3,72083990,N,7.453,43378895,MATCHED
2000,R_HR_CO,Hot Rolled Black Coil,26CW0731R0,21.05,2001,2,1235,0011000147,NMDC LIMITED,D201545205,5000096437,4600000275,30,23-03-26,101,HRC,COIL,11513:2017,BIS,cr3,72083990,N,7.453,77336062,MATCHED
2000,R_HR_CO,Hot Rolled Black Coil,26CW0732R0,21,2001,2.2,1230,0011000147,NMDC LIMITED,D101514201,5000096438,4600000275,10,23-03-26,101,HRC,COIL,11513:2017,BIS,cr3,72083990,N,7.453,39666809,MATCHED
2000,R_HR_CO,Hot Rolled Black Coil,26CW0733R0,21.08,2001,2.5,1230,0011000147,NMDC LIMITED,D101512205,5000096440,4600000275,20,23-03-26,101,HRC,COIL,11513:2017,BIS,cr3,72083990,N,7.453,19936596,MATCHED
2000,R_HR_CO,Hot Rolled Black Coil,26CW0734R0,20.99,2001,2.5,1230,0011000147,NMDC LIMITED,D201551107,5000096441,4600000275,20,23-03-26,101,HRC,COIL,11513:2017,BIS,cr3,72083990,N,7.453,54833516,MATCHED
2000,R_HR_CO,Hot Rolled Black Coil,26CW0735R0,21.11,2001,2.2,1230,0011000147,NMDC LIMITED,D101514207,5000096442,4600000275,10,23-03-26,101,HRC,COIL,11513:2017,BIS,cr3,72083990,N,7.453,49895366,MATCHED
2000,R_HR_CO,Hot Rolled Black Coil,26CW0736R0,20.87,2001,2.2,1230,0011000147,NMDC LIMITED,D101509102,5000096445,4600000275,10,23-03-26,101,HRC,COIL,11513:2017,BIS,cr3,72083990,N,7.453,71365953,MATCHED
2000,R_HR_CO,Hot Rolled Black Coil,26CW0737R0,21.01,2001,2,1235,0011000147,NMDC LIMITED,D101507207,5000096446,4600000275,30,23-03-26,101,HRC,COIL,11513:2017,BIS,cr3,72083990,N,7.453,25344078,MATCHED
2000,R_HR_CO,Hot Rolled Black Coil,26CW0738R0,21.21,2001,2.2,1230,0011000147,NMDC LIMITED,D201552107,5000096447,4600000275,10,23-03-26,101,HRC,COIL,11513:2017,BIS,cr3,72083990,N,7.453,52961971,MATCHED
2000,R_HR_CO,Hot Rolled Black Coil,26CW0739R0,21.07,2001,2.2,1230,0011000147,NMDC LIMITED,D201553108,5000096449,4600000275,10,23-03-26,101,HRC,COIL,11513:2017,BIS,cr3,72083990,N,7.453,73678620,MATCHED
2000,R_HR_CO,Hot Rolled Black Coil,26CW0740R0,21.18,2001,2,1235,0011000147,NMDC LIMITED,D201548101,5000096450,4600000275,30,23-03-26,101,HRC,COIL,11513:2017,BIS,cr3,72083990,N,7.453,78425059,MATCHED
2000,R_HR_CO,Hot Rolled Black Coil,26CW0741R0,21.02,2001,2,1235,0011000147,NMDC LIMITED,D201545207,5000096451,4600000275,30,23-03-26,101,HRC,COIL,11513:2017,BIS,cr3,72083990,N,7.453,26184392,MATCHED
2000,R_HR_CO,Hot Rolled Black Coil,26CW0742R0,21.21,2001,2,1235,0011000147,NMDC LIMITED,D101506105,5000096457,4600000275,30,23-03-26,101,HRC,COIL,11513:2017,BIS,cr3,72083990,N,7.453,55991676,MATCHED
2000,R_HR_CO,Hot Rolled Black Coil,26CW0743R0,21.2,2001,2.2,1230,0011000147,NMDC LIMITED,D201553103,5000096465,4600000275,10,23-03-26,101,HRC,COIL,11513:2017,BIS,cr3,72083990,N,7.453,23104190,MATCHED
2000,R_HR>3MM_CO,Hot Rolled Black Coil 3mm & Above,26CW0744R0,21.1,2001,3.2,1235,0011000147,NMDC LIMITED,D101504206,5000096473,4600000275,60,23-03-26,101,HRC,COIL,11513:2017,BIS,cr3,72083890,N,7.453,99094837,MATCHED
2000,R_HR_CO,Hot Rolled Black Coil,26CW0745R0,21.01,2001,2,1235,0011000147,NMDC LIMITED,D201545206,5000096480,4600000275,30,23-03-26,101,HRC,COIL,11513:2017,BIS,cr3,72083990,N,7.453,65725462,MATCHED
2000,R_HR_CO,Hot Rolled Black Coil,26CW0746R0,21.17,2001,2,1235,0011000147,NMDC LIMITED,D201546203,5000096481,4600000275,30,23-03-26,101,HRC,COIL,11513:2017,BIS,cr3,72083990,N,7.453,41541911,MATCHED
2000,R_HR_CO,Hot Rolled Black Coil,26CW0747R0,21.09,2001,2.2,1230,0011000147,NMDC LIMITED,D201552106,5000096482,4600000275,10,23-03-26,101,HRC,COIL,11513:2017,BIS,cr3,72083990,N,7.453,95139542,MATCHED
2000,R_HR_CO,Hot Rolled Black Coil,26CW0748R0,21.12,2001,2.5,1235,0011000147,NMDC LIMITED,D201547107,5000096483,4600000275,80,23-03-26,101,HRC,COIL,11513:2017,BIS,cr3,72083990,N,7.453,19709273,MATCHED
2000,R_HR_CO,Hot Rolled Black Coil,26CW0749R0,20.96,2001,2,1235,0011000147,NMDC LIMITED,D101507203,5000096484,4600000275,30,23-03-26,101,HRC,COIL,11513:2017,BIS,cr3,72083990,N,7.453,17267316,MATCHED
2000,R_HR>3MM_CO,Hot Rolled Black Coil 3mm & Above,26CW0750R0,20.98,2001,3.2,1235,0011000147,NMDC LIMITED,D201547102,5000096485,4600000275,60,23-03-26,101,HRC,COIL,11513:2017,BIS,cr3,72083890,N,7.453,14600945,MATCHED
2000,R_HR_CO,Hot Rolled Black Coil,26CW0751R0,21.07,2001,2,1235,0011000147,NMDC LIMITED,D101502206,5000096486,4600000275,30,23-03-26,101,HRC,COIL,11513:2017,BIS,cr3,72083990,N,7.453,74056672,MATCHED
2000,R_HR_CO,Hot Rolled Black Coil,26CW0752R0,21.09,2001,2.2,1230,0011000147,NMDC LIMITED,D101514206,5000096487,4600000275,10,23-03-26,101,HRC,COIL,11513:2017,BIS,cr3,72083990,N,7.453,40727787,MATCHED
2000,R_HR_CO,Hot Rolled Black Coil,26CW0753R0,21.11,2001,2.2,1230,0011000147,NMDC LIMITED,D201553106,5000096488,4600000275,10,23-03-26,101,HRC,COIL,11513:2017,BIS,cr3,72083990,N,7.453,82195655,MATCHED
2000,R_HR_CO,Hot Rolled Black Coil,26CW0754R0,21.03,2001,2.2,1230,0011000147,NMDC LIMITED,D101514205,5000096489,4600000275,10,23-03-26,101,HRC,COIL,11513:2017,BIS,cr3,72083990,N,7.453,52788298,MATCHED
2000,R_HR_CO,Hot Rolled Black Coil,26CW0755R0,21.22,2001,2,1235,0011000147,NMDC LIMITED,D101506106,5000096490,4600000275,30,23-03-26,101,HRC,COIL,11513:2017,BIS,cr3,72083990,N,7.453,49323105,MATCHED
2000,R_HR_CO,Hot Rolled Black Coil,26CW0756R0,21.27,2001,2.2,1230,0011000147,NMDC LIMITED,D201552108,5000096491,4600000275,10,23-03-26,101,HRC,COIL,11513:2017,BIS,cr3,72083990,N,7.453,53049314,MATCHED
2000,R_HR_CO,Hot Rolled Black Coil,26CW0757R0,20.8,2001,2.2,1230,0011000147,NMDC LIMITED,D101516108,5000096493,4600000275,10,23-03-26,101,HRC,COIL,11513:2017,BIS,cr3,72083990,N,7.453,51320086,MATCHED
2000,R_HR_CO,Hot Rolled Black Coil,26CW0758R0,20.95,2001,2.2,1230,0011000147,NMDC LIMITED,D101515203,5000096500,4600000275,10,23-03-26,101,HRC,COIL,11513:2017,BIS,cr3,72083990,N,7.453,23202748,MATCHED
2000,R_HR>3MM_CO,Hot Rolled Black Coil 3mm & Above,26CW0759R0,21.09,2001,3,1235,0011000147,NMDC LIMITED,D101504207,5000096502,4600000275,50,23-03-26,101,HRC,COIL,11513:2017,BIS,cr3,72083890,N,7.453,33234519,MATCHED
2000,R_HR_CO,Hot Rolled Black Coil,26CW0760R0,20.79,2001,2.2,1230,0011000147,NMDC LIMITED,D101516105,5000096503,4600000275,10,23-03-26,101,HRC,COIL,11513:2017,BIS,cr3,72083990,N,7.453,55585794,MATCHED
2000,R_HR>3MM_CO,Hot Rolled Black Coil 3mm & Above,26CW0761R0,21.09,2001,3,1235,0011000147,NMDC LIMITED,D101504208,5000096504,4600000275,50,23-03-26,101,HRC,COIL,11513:2017,BIS,cr3,72083890,N,7.453,44063713,MATCHED
2000,R_HR>3MM_CO,Hot Rolled Black Coil 3mm & Above,26CW0762R0,21.06,2001,3.2,1235,0011000147,NMDC LIMITED,D101512201,5000096505,4600000275,60,23-03-26,101,HRC,COIL,11513:2017,BIS,cr3,72083890,N,7.453,50001972,MATCHED
2000,R_HR_CO,Hot Rolled Black Coil,26CW0763R0,21.25,2001,2.2,1230,0011000147,NMDC LIMITED,D201553101,5000096511,4600000275,10,23-03-26,101,HRC,COIL,11513:2017,BIS,cr3,72083990,N,7.453,70724139,MATCHED
2000,R_HR_CO,Hot Rolled Black Coil,26CW0764R0,21.06,2001,2.8,1235,0011000147,NMDC LIMITED,D101504209,5000096513,4600000275,40,23-03-26,101,HRC,COIL,11513:2017,BIS,cr3,72083990,N,7.453,10455067,MATCHED
2000,R_HR_CO,Hot Rolled Black Coil,26CW0765R0,20.96,2001,2.2,1230,0011000147,NMDC LIMITED,D201554203,5000096516,4600000275,10,23-03-26,101,HRC,COIL,11513:2017,BIS,cr3,72083990,N,7.453,58457374,MATCHED
2000,R_HR_CO,Hot Rolled Black Coil,26CW0766R0,21.22,2001,2,1235,0011000147,NMDC LIMITED,D101506109,5000096521,4600000275,30,23-03-26,101,HRC,COIL,11513:2017,BIS,cr3,72083990,N,7.453,40136123,MATCHED
2000,R_HR_CO,Hot Rolled Black Coil,26CW0767R0,21.13,2001,2.2,1230,0011000147,NMDC LIMITED,D201553109,5000096523,4600000275,10,23-03-26,101,HRC,COIL,11513:2017,BIS,cr3,72083990,N,7.453,37785610,MATCHED
2000,R_HR_CO,Hot Rolled Black Coil,26CW0768R0,21.13,2001,2,1235,0011000147,NMDC LIMITED,D201546208,5000096538,4600000275,30,23-03-26,101,HRC,COIL,11513:2017,BIS,cr3,72083990,N,7.453,46352125,MATCHED
2000,R_HR_CO,Hot Rolled Black Coil,26CW0769R0,20.98,2001,2.2,1230,0011000147,NMDC LIMITED,D101515208,5000096539,4600000275,10,23-03-26,101,HRC,COIL,11513:2017,BIS,cr3,72083990,N,7.453,61213413,MATCHED
2000,R_HR_CO,Hot Rolled Black Coil,26CW0770R0,21.08,2001,2.5,1230,0011000147,NMDC LIMITED,D101512204,5000096543,4600000275,20,23-03-26,101,HRC,COIL,11513:2017,BIS,cr3,72083990,N,7.453,21116495,MATCHED
2000,R_HR_CO,Hot Rolled Black Coil,26CW0771R0,20.99,2001,2.2,1230,0011000147,NMDC LIMITED,D101515202,5000096547,4600000275,10,23-03-26,101,HRC,COIL,11513:2017,BIS,cr3,72083990,N,7.453,31386416,MATCHED
2000,R_HR_CO,Hot Rolled Black Coil,26CW0772R0,21.01,2001,2.2,1230,0011000147,NMDC LIMITED,D101515206,5000096555,4600000275,10,23-03-26,101,HRC,COIL,11513:2017,BIS,cr3,72083990,N,7.453,45643407,MATCHED
2000,R_HR_CO,Hot Rolled Black Coil,26CW0773R0,21.15,2001,2,1235,0011000147,NMDC LIMITED,D101503207,5000096584,4600000275,30,23-03-26,101,HRC,COIL,11513:2017,BIS,cr3,72083990,N,7.453,63710101,MATCHED
2000,R_HR_CO,Hot Rolled Black Coil,26CW0774R0,21.1,2001,2.5,1230,0011000147,NMDC LIMITED,D101512206,5000096585,4600000275,20,23-03-26,101,HRC,COIL,11513:2017,BIS,cr3,72083990,N,7.453,65256772,MATCHED
2000,R_HR>3MM_CO,Hot Rolled Black Coil 3mm & Above,26CW0775R0,20.98,2001,3,1235,0011000147,NMDC LIMITED,D101512202,5000096587,4600000275,50,23-03-26,101,HRC,COIL,11513:2017,BIS,cr3,72083890,N,7.453,11375917,MATCHED
2000,R_HR>3MM_CO,Hot Rolled Black Coil 3mm & Above,26CW0776R0,21.15,2001,3.5,1235,0011000147,NMDC LIMITED,D201547101,5000096588,4600000275,70,23-03-26,101,HRC,COIL,11513:2017,BIS,cr3,72083890,N,7.453,62825171,MATCHED
2000,R_HR_CO,Hot Rolled Black Coil,26CW0777R0,20.97,2001,2.2,1230,0011000147,NMDC LIMITED,D201554201,5000096589,4600000275,10,23-03-26,101,HRC,COIL,11513:2017,BIS,cr3,72083990,N,7.453,62300243,MATCHED
2000,R_HR>3MM_CO,Hot Rolled Black Coil 3mm & Above,26CW0778R0,21.11,2001,3.5,1235,0011000147,NMDC LIMITED,D101504204,5000096590,4600000275,70,23-03-26,101,HRC,COIL,11513:2017,BIS,cr3,72083890,N,7.453,68739973,MATCHED
2000,R_HR_CO,Hot Rolled Black Coil,26CW0779R0,21.02,2001,2.5,1235,0011000147,NMDC LIMITED,D101507208,5000096591,4600000275,80,23-03-26,101,HRC,COIL,11513:2017,BIS,cr3,72083990,N,7.453,71200022,MATCHED
2000,R_HR_CO,Hot Rolled Black Coil,26CW0780R0,21.01,2001,2.5,1230,0011000147,NMDC LIMITED,D101513204,5000096592,4600000275,20,23-03-26,101,HRC,COIL,11513:2017,BIS,cr3,72083990,N,7.453,74608066,MATCHED
2000,R_HR_CO,Hot Rolled Black Coil,26CW0781R0,21.12,2001,2,1235,0011000147,NMDC LIMITED,D101503205,5000096593,4600000275,30,23-03-26,101,HRC,COIL,11513:2017,BIS,cr3,72083990,N,7.453,55322582,MATCHED
2000,R_HR_CO,Hot Rolled Black Coil,26CW0782R0,21.04,2001,2.8,1235,0011000147,NMDC LIMITED,D101505201,5000096594,4600000275,40,23-03-26,101,HRC,COIL,11513:2017,BIS,cr3,72083990,N,7.453,81449364,MATCHED
2000,R_HR_CO,Hot Rolled Black Coil,26CW0783R0,21.16,2001,2,1235,0011000147,NMDC LIMITED,D201546205,5000096595,4600000275,30,23-03-26,101,HRC,COIL,11513:2017,BIS,cr3,72083990,N,7.453,38207631,MATCHED
2000,R_HR_CO,Hot Rolled Black Coil,26CW0784R0,20.93,2001,2.2,1230,0011000147,NMDC LIMITED,D201554204,5000096596,4600000275,10,23-03-26,101,HRC,COIL,11513:2017,BIS,cr3,72083990,N,7.453,10334019,MATCHED
2000,R_HR_CO,Hot Rolled Black Coil,26CW0785R0,21.07,2001,2,1235,0011000147,NMDC LIMITED,D201545209,5000096597,4600000275,30,23-03-26,101,HRC,COIL,11513:2017,BIS,cr3,72083990,N,7.453,90550754,MATCHED
2000,R_HR_CO,Hot Rolled Black Coil,26CW0786R0,21.17,2001,2,1235,0011000147,NMDC LIMITED,D101503208,5000096598,4600000275,30,23-03-26,101,HRC,COIL,11513:2017,BIS,cr3,72083990,N,7.453,11896444,MATCHED
2000,R_HR_CO,Hot Rolled Black Coil,26CW0787R0,21.09,2001,2.5,1230,0011000147,NMDC LIMITED,D101513205,5000096599,4600000275,20,23-03-26,101,HRC,COIL,11513:2017,BIS,cr3,72083990,N,7.453,83291006,MATCHED
2000,R_HR_CO,Hot Rolled Black Coil,26CW0788R0,20.9,2001,2.2,1230,0011000147,NMDC LIMITED,D101509105,5000096600,4600000275,10,23-03-26,101,HRC,COIL,11513:2017,BIS,cr3,72083990,N,7.453,53980779,MATCHED
2000,R_HR_CO,Hot Rolled Black Coil,26CW0789R0,21.02,2001,2,1235,0011000147,NMDC LIMITED,D101502208,5000096601,4600000275,30,23-03-26,101,HRC,COIL,11513:2017,BIS,cr3,72083990,N,7.453,16150367,MATCHED
2000,R_HR_CO,Hot Rolled Black Coil,26CW0790R0,21.01,2001,2.2,1230,0011000147,NMDC LIMITED,D101515204,5000096602,4600000275,10,23-03-26,101,HRC,COIL,11513:2017,BIS,cr3,72083990,N,7.453,57044118,MATCHED
2000,R_HR_CO,Hot Rolled Black Coil,26CW0791R0,20.88,2001,2.2,1230,0011000147,NMDC LIMITED,D101509108,5000096603,4600000275,10,23-03-26,101,HRC,COIL,11513:2017,BIS,cr3,72083990,N,7.453,93701905,MATCHED
2000,R_HR_CO,Hot Rolled Black Coil,26CW0792R0,21.2,2001,2,1235,0011000147,NMDC LIMITED,D101506108,5000096604,4600000275,30,23-03-26,101,HRC,COIL,11513:2017,BIS,cr3,72083990,N,7.453,43582784,MATCHED
2000,R_HR_CO,Hot Rolled Black Coil,26CW0793R0,21.06,2001,2,1235,0011000147,NMDC LIMITED,D101505208,5000096607,4600000275,30,23-03-26,101,HRC,COIL,11513:2017,BIS,cr3,72083990,N,7.453,62262203,MATCHED
2000,R_HR_CO,Hot Rolled Black Coil,26CW0794R0,21,2001,2.2,1230,0011000147,NMDC LIMITED,D101515205,5000096608,4600000275,10,23-03-26,101,HRC,COIL,11513:2017,BIS,cr3,72083990,N,7.453,25634243,MATCHED
2000,R_HR_CO,Hot Rolled Black Coil,26CW0795R0,21,2001,2,1235,0011000147,NMDC LIMITED,D101504202,5000096612,4600000275,30,23-03-26,101,HRC,COIL,11513:2017,BIS,cr3,72083990,N,7.453,36926657,MATCHED
2000,R_HR_CO,Hot Rolled Black Coil,26CW0796R0,21.08,2001,2.5,1230,0011000147,NMDC LIMITED,D101513201,5000096613,4600000275,20,23-03-26,101,HRC,COIL,11513:2017,BIS,cr3,72083990,N,7.453,88414077,MATCHED
2000,R_HR_CO,Hot Rolled Black Coil,26CW0797R0,21.04,2001,2,1235,0011000147,NMDC LIMITED,D101507204,5000096622,4600000275,30,23-03-26,101,HRC,COIL,11513:2017,BIS,cr3,72083990,N,7.453,54584539,MATCHED
2000,R_HR_CO,Hot Rolled Black Coil,26CW0798R0,21.05,2001,2.2,1230,0011000147,NMDC LIMITED,D101516101,5000096624,4600000275,10,23-03-26,101,HRC,COIL,11513:2017,BIS,cr3,72083990,N,7.453,83856857,MATCHED
2000,R_HR_CO,Hot Rolled Black Coil,26CW0799R0,21.01,2001,2.2,1230,0011000147,NMDC LIMITED,D101515209,5000096625,4600000275,10,23-03-26,101,HRC,COIL,11513:2017,BIS,cr3,72083990,N,7.453,41334436,MATCHED
2000,R_HR_CO,Hot Rolled Black Coil,26CW0800R0,21.18,2001,2,1235,0011000147,NMDC LIMITED,D101503203,5000096626,4600000275,30,23-03-26,101,HRC,COIL,11513:2017,BIS,cr3,72083990,N,7.453,73530432,MATCHED
2000,R_HR_CO,Hot Rolled Black Coil,26CW0801R0,21.11,2001,2.8,1235,0011000147,NMDC LIMITED,D101513202,5000096628,4600000275,40,23-03-26,101,HRC,COIL,11513:2017,BIS,cr3,72083990,N,7.453,80918445,MATCHED
2000,R_HR_CO,Hot Rolled Black Coil,26CW0802R0,21.19,2001,2,1235,0011000147,NMDC LIMITED,D101506104,5000096629,4600000275,30,23-03-26,101,HRC,COIL,11513:2017,BIS,cr3,72083990,N,7.453,51446817,MATCHED
2000,R_HR_CO,Hot Rolled Black Coil,26CW0803R0,21.03,2001,2,1235,0011000147,NMDC LIMITED,D101507201,5000096648,4600000275,30,23-03-26,101,HRC,COIL,11513:2017,BIS,cr3,72083990,N,7.453,84181293,MATCHED
2000,R_HR_CO,Hot Rolled Black Coil,26CW0804R0,21.2,2001,2,1235,0011000147,NMDC LIMITED,D101506103,5000096650,4600000275,30,23-03-26,101,HRC,COIL,11513:2017,BIS,cr3,72083990,N,7.453,53613561,MATCHED
2000,R_HR_CO,Hot Rolled Black Coil,26CW0805R0,20.78,2001,2.2,1230,0011000147,NMDC LIMITED,D101517101,5000096653,4600000275,10,23-03-26,101,HRC,COIL,11513:2017,BIS,cr3,72083990,N,7.453,99702034,MATCHED
2000,R_HR_CO,Hot Rolled Black Coil,26CW0806R0,21.05,2001,2.5,1235,0011000147,NMDC LIMITED,D201548102,5000096655,4600000275,80,23-03-26,101,HRC,COIL,11513:2017,BIS,cr3,72083990,N,7.453,62368495,MATCHED
2000,R_HR_CO,Hot Rolled Black Coil,26CW0807R0,21.02,2001,2,1235,0011000147,NMDC LIMITED,D101503201,5000096657,4600000275,30,23-03-26,101,HRC,COIL,11513:2017,BIS,cr3,72083990,N,7.453,20425199,MATCHED
2000,R_HR_CO,Hot Rolled Black Coil,26CW0808R0,20.98,2001,2.5,1235,0011000147,NMDC LIMITED,D101509101,5000096659,4600000275,80,23-03-26,101,HRC,COIL,11513:2017,BIS,cr3,72083990,N,7.453,45173463,MATCHED
2000,R_HR_CO,Hot Rolled Black Coil,26CW0809R0,21.06,2001,2,1235,0011000147,NMDC LIMITED,D101502207,5000096661,4600000275,30,23-03-26,101,HRC,COIL,11513:2017,BIS,cr3,72083990,N,7.453,60102187,MATCHED
2000,R_HR_CO,Hot Rolled Black Coil,26CW0810R0,21.02,2001,2.2,1230,0011000147,NMDC LIMITED,D101514204,5000096662,4600000275,10,23-03-26,101,HRC,COIL,11513:2017,BIS,cr3,72083990,N,7.453,42283911,MATCHED
2000,R_HR_CO,Hot Rolled Black Coil,26CW0811R0,20.79,2001,2.2,1230,0011000147,NMDC LIMITED,D101516107,5000096663,4600000275,10,23-03-26,101,HRC,COIL,11513:2017,BIS,cr3,72083990,N,7.453,95348457,MATCHED
2000,R_HR_CO,Hot Rolled Black Coil,26CW0812R0,21.08,2001,2.2,1230,0011000147,NMDC LIMITED,D101515201,5000096665,4600000275,10,23-03-26,101,HRC,COIL,11513:2017,BIS,cr3,72083990,N,7.453,50389731,MATCHED
2000,R_HR_CO,Hot Rolled Black Coil,26CW0813R0,21.08,2001,2.5,1230,0011000147,NMDC LIMITED,D101513203,5000096666,4600000275,20,23-03-26,101,HRC,COIL,11513:2017,BIS,cr3,72083990,N,7.453,34815809,MATCHED
2000,R_HR>3MM_CO,Hot Rolled Black Coil 3mm & Above,26CW0814R0,21.1,2001,3.5,1235,0011000147,NMDC LIMITED,D101504205,5000096670,4600000275,70,23-03-26,101,HRC,COIL,11513:2017,BIS,cr3,72083890,N,7.453,58642607,MATCHED
2000,R_HR_CO,Hot Rolled Black Coil,26CW0815R0,21.1,2001,2,1235,0011000147,NMDC LIMITED,D201546204,5000096683,4600000275,30,23-03-26,101,HRC,COIL,11513:2017,BIS,cr3,72083990,N,7.453,42285066,MATCHED
2000,R_HR_CO,Hot Rolled Black Coil,26CW0816R0,21.15,2001,2,1235,0011000147,NMDC LIMITED,D101504201,5000096685,4600000275,30,23-03-26,101,HRC,COIL,11513:2017,BIS,cr3,72083990,N,7.453,88435683,MATCHED
2000,R_HR_CO,Hot Rolled Black Coil,26CW0817R0,21.04,2001,2,1235,0011000147,NMDC LIMITED,D201546202,5000096687,4600000275,30,23-03-26,101,HRC,COIL,11513:2017,BIS,cr3,72083990,N,7.453,99558843,MATCHED
2000,R_HR_CO,Hot Rolled Black Coil,26CW0818R0,21.06,2001,2,1235,0011000147,NMDC LIMITED,D201545204,5000096691,4600000275,30,23-03-26,101,HRC,COIL,11513:2017,BIS,cr3,72083990,N,7.453,71781753,MATCHED
2000,R_HR_CO,Hot Rolled Black Coil,26CW0819R0,20.97,2001,2.2,1230,0011000147,NMDC LIMITED,D101509103,5000096692,4600000275,10,23-03-26,101,HRC,COIL,11513:2017,BIS,cr3,72083990,N,7.453,84061562,MATCHED
2000,R_HR_CO,Hot Rolled Black Coil,26CW0820R0,21.04,2001,2.5,1235,0011000147,NMDC LIMITED,D201548103,5000096696,4600000275,80,23-03-26,101,HRC,COIL,11513:2017,BIS,cr3,72083990,N,7.453,40141238,MATCHED
2000,R_HR_CO,Hot Rolled Black Coil,26CW0821R0,21.16,2001,2.5,1235,0011000147,NMDC LIMITED,D101506101,5000096699,4600000275,80,23-03-26,101,HRC,COIL,11513:2017,BIS,cr3,72083990,N,7.453,56429845,MATCHED
2000,R_HR_CO,Hot Rolled Black Coil,26CW0822R0,21.08,2001,2.8,1235,0011000147,NMDC LIMITED,D201547103,5000096700,4600000275,40,23-03-26,101,HRC,COIL,11513:2017,BIS,cr3,72083990,N,7.453,17869755,MATCHED
2000,R_HR_CO,Hot Rolled Black Coil,26CW0823R0,21.1,2001,2.5,1230,0011000147,NMDC LIMITED,D101512207,5000096701,4600000275,20,23-03-26,101,HRC,COIL,11513:2017,BIS,cr3,72083990,N,7.453,53163364,MATCHED
2000,R_HR_CO,Hot Rolled Black Coil,26CW0824R0,21.01,2001,2,1235,0011000147,NMDC LIMITED,D201545208,5000096702,4600000275,30,23-03-26,101,HRC,COIL,11513:2017,BIS,cr3,72083990,N,7.453,24276953,MATCHED
2000,R_HR_CO,Hot Rolled Black Coil,26CW0825R0,20.99,2001,2.2,1230,0011000147,NMDC LIMITED,D201554202,5000096703,4600000275,10,23-03-26,101,HRC,COIL,11513:2017,BIS,cr3,72083990,N,7.453,82115081,MATCHED
2000,R_HR_CO,Hot Rolled Black Coil,26CW0826R0,21.01,2001,2.5,1230,0011000147,NMDC LIMITED,D201551108,5000096705,4600000275,20,23-03-26,101,HRC,COIL,11513:2017,BIS,cr3,72083990,N,7.453,68305245,MATCHED
2000,R_HR_CO,Hot Rolled Black Coil,26CW0827R0,21.12,2001,2,1235,0011000147,NMDC LIMITED,D201546206,5000096709,4600000275,30,23-03-26,101,HRC,COIL,11513:2017,BIS,cr3,72083990,N,7.453,48998981,MATCHED
2000,R_HR_CO,Hot Rolled Black Coil,26CW0828R0,21.09,2001,2.2,1230,0011000147,NMDC LIMITED,D201553107,5000096710,4600000275,10,23-03-26,101,HRC,COIL,11513:2017,BIS,cr3,72083990,N,7.453,14019699,MATCHED
2000,R_HR_CO,Hot Rolled Black Coil,26CW0829R0,20.91,2001,2.2,1230,0011000147,NMDC LIMITED,D101509107,5000096711,4600000275,10,23-03-26,101,HRC,COIL,11513:2017,BIS,cr3,72083990,N,7.453,19560466,MATCHED
2000,R_HR_CO,Hot Rolled Black Coil,26CW0830R0,21.03,2001,2.2,1230,0011000147,NMDC LIMITED,D101514202,5000096713,4600000275,10,23-03-26,101,HRC,COIL,11513:2017,BIS,cr3,72083990,N,7.453,73087479,MATCHED
2000,R_HR_CO,Hot Rolled Black Coil,26CW0831R0,20.87,2001,2.2,1230,0011000147,NMDC LIMITED,D101516102,5000096715,4600000275,10,23-03-26,101,HRC,COIL,11513:2017,BIS,cr3,72083990,N,7.453,74666437,MATCHED
2000,R_HR_CO,Hot Rolled Black Coil,26CW0832R0,20.97,2001,2.2,1230,0011000147,NMDC LIMITED,D101515207,5000096717,4600000275,10,23-03-26,101,HRC,COIL,11513:2017,BIS,cr3,72083990,N,7.453,18078013,MATCHED
2000,R_HR_CO,Hot Rolled Black Coil,26CW0833R0,21.22,2001,2.2,1230,0011000147,NMDC LIMITED,D201553102,5000096734,4600000275,10,23-03-26,101,HRC,COIL,11513:2017,BIS,cr3,72083990,N,7.453,49361081,MATCHED
2000,R_HR_CO,Hot Rolled Black Coil,26CW0834R0,20.9,2001,2.2,1230,0011000147,NMDC LIMITED,D101509106,5000096735,4600000275,10,23-03-26,101,HRC,COIL,11513:2017,BIS,cr3,72083990,N,7.453,41987980,MATCHED
2000,R_HR_CO,Hot Rolled Black Coil,26CW0835R0,21.13,2001,2,1235,0011000147,NMDC LIMITED,D201546201,5000096736,4600000275,30,23-03-26,101,HRC,COIL,11513:2017,BIS,cr3,72083990,N,7.453,84849434,MATCHED
2000,R_HR_CO,Hot Rolled Black Coil,26CW0836R0,21.11,2001,2,1235,0011000147,NMDC LIMITED,D101503206,5000096738,4600000275,30,23-03-26,101,HRC,COIL,11513:2017,BIS,cr3,72083990,N,7.453,54048118,MATCHED
2000,R_HR_CO,Hot Rolled Black Coil,26CW0837R0,21.19,2001,2,1235,0011000147,NMDC LIMITED,D101506107,5000096739,4600000275,30,23-03-26,101,HRC,COIL,11513:2017,BIS,cr3,72083990,N,7.453,99591059,MATCHED
2000,R_HR_CO,Hot Rolled Black Coil,26CW0838R0,21.04,2001,2,1235,0011000147,NMDC LIMITED,D101507206,5000096740,4600000275,30,23-03-26,101,HRC,COIL,11513:2017,BIS,cr3,72083990,N,7.453,58861455,MATCHED
2000,R_HR_CO,Hot Rolled Black Coil,26CW0839R0,21.1,2001,2,1235,0011000147,NMDC LIMITED,D201546207,5000096750,4600000275,30,23-03-26,101,HRC,COIL,11513:2017,BIS,cr3,72083990,N,7.453,55702268,MATCHED
2000,R_HR_CO,Hot Rolled Black Coil,26CW0840R0,20.92,2001,2.8,1235,0011000147,NMDC LIMITED,D101512203,5000096751,4600000275,40,23-03-26,101,HRC,COIL,11513:2017,BIS,cr3,72083990,N,7.453,42946653,MATCHED
2000,R_HR_CO,Hot Rolled Black Coil,26CW0841R0,21.05,2001,2.2,1230,0011000147,NMDC LIMITED,D101514203,5000096754,4600000275,10,23-03-26,101,HRC,COIL,11513:2017,BIS,cr3,72083990,N,7.453,95915937,MATCHED
2000,R_HR_CO,Hot Rolled Black Coil,26CW0842R0,20.99,2001,2.2,1230,0011000147,NMDC LIMITED,D101509104,5000096758,4600000275,10,23-03-26,101,HRC,COIL,11513:2017,BIS,cr3,72083990,N,7.453,91318228,MATCHED
2000,R_HR_CO,Hot Rolled Black Coil,26CW0843R0,20.8,2001,2.2,1230,0011000147,NMDC LIMITED,D101516103,5000096760,4600000275,10,23-03-26,101,HRC,COIL,11513:2017,BIS,cr3,72083990,N,7.453,91180878,MATCHED
2000,R_HR_CO,Hot Rolled Black Coil,26CW0844R0,21.11,2001,2.2,1230,0011000147,NMDC LIMITED,D201553104,5000096765,4600000275,10,23-03-26,101,HRC,COIL,11513:2017,BIS,cr3,72083990,N,7.453,62049978,MATCHED
2000,R_HR_CO,Hot Rolled Black Coil,26CW0846R0,20.81,2001,2.2,1230,0011000147,NMDC LIMITED,D101516104,5000096778,4600000275,10,23-03-26,101,HRC,COIL,11513:2017,BIS,cr3,72083990,N,7.453,63257255,MATCHED
2000,R_HR_CO,Hot Rolled Black Coil,26CW0847R0,21.12,2001,2.5,1235,0011000147,NMDC LIMITED,D101506102,5000096780,4600000275,80,23-03-26,101,HRC,COIL,11513:2017,BIS,cr3,72083990,N,7.453,97000258,MATCHED
2000,R_HR_CO,Hot Rolled Black Coil,26CW0848R0,21.2,2001,2.2,1230,0011000147,NMDC LIMITED,D201553105,5000096782,4600000275,10,23-03-26,101,HRC,COIL,11513:2017,BIS,cr3,72083990,N,7.453,85826393,MATCHED
2000,R_HR_CO,Hot Rolled Black Coil,26CW0849R0,21.01,2001,2,1235,0011000147,NMDC LIMITED,D101507205,5000096783,4600000275,30,23-03-26,101,HRC,COIL,11513:2017,BIS,cr3,72083990,N,7.453,17990033,MATCHED
2000,R_HR_CO,Hot Rolled Black Coil,26DJ0001R0,27.41,2001,2.2,1230,0011000144,JSW Vijayanagar Metallics Limited,26243359,5000097169,4600000277,80,10-03-26,101,HRC,COIL,11513:2017,BIS,cr3,72083990,N,7.453,18211578,MATCHED
2000,R_HR_CO,Hot Rolled Black Coil,26DJ0002R0,26.565,2001,2.5,1230,0011000144,JSW Vijayanagar Metallics Limited,26243906,5000097177,4600000273,150,10-03-26,101,HRC,COIL,11513:2017,BIS,cr3,72083990,N,7.453,57629652,MATCHED
2000,R_HR_CO,Hot Rolled Black Coil,26DJ0003R0,27.31,2001,2.2,1230,0011000144,JSW Vijayanagar Metallics Limited,26243457,5000097178,4600000279,60,31-03-26,101,HRC,COIL,11513:2017,BIS,cr3,72083990,N,7.453,21676842,MATCHED
2000,R_HR_CO,Hot Rolled Black Coil,26DJ0004R0,27.32,2001,2.5,1230,0011000144,JSW Vijayanagar Metallics Limited,26243385,5000097179,4600000273,150,10-03-26,101,HRC,COIL,11513:2017,BIS,cr3,72083990,N,7.453,96422375,MATCHED
2000,R_HR_CO,Hot Rolled Black Coil,26DJ0005R0,27.385,2001,2.5,1230,0011000144,JSW Vijayanagar Metallics Limited,26243276,5000097180,4600000273,150,10-03-26,101,HRC,COIL,11513:2017,BIS,cr3,72083990,N,7.453,84973696,MATCHED
2000,R_HR_CO,Hot Rolled Black Coil,26DJ0006R0,27.4,2001,2.5,1230,0011000144,JSW Vijayanagar Metallics Limited,26243348,5000097181,4600000277,90,10-03-26,101,HRC,COIL,11513:2017,BIS,cr3,72083990,N,7.453,85711549,MATCHED
2000,R_HR_CO,Hot Rolled Black Coil,26DJ0007R0,27.33,2001,2.2,1230,0011000144,JSW Vijayanagar Metallics Limited,26243369,5000097182,4600000279,10,31-03-26,101,HRC,COIL,11513:2017,BIS,cr3,72083990,N,7.453,68434319,MATCHED
2000,R_HR_CO,Hot Rolled Black Coil,26DJ0008R0,27.475,2001,2.5,1230,0011000144,JSW Vijayanagar Metallics Limited,26243752,5000097183,4600000273,150,10-03-26,101,HRC,COIL,11513:2017,BIS,cr3,72083990,N,7.453,40852260,MATCHED
2000,R_HR_CO,Hot Rolled Black Coil,26DJ0009R0,27.385,2001,2.2,1230,0011000144,JSW Vijayanagar Metallics Limited,26243371,5000097184,4600000279,10,31-03-26,101,HRC,COIL,11513:2017,BIS,cr3,72083990,N,7.453,22063935,MATCHED
2000,R_HR_CO,Hot Rolled Black Coil,26DJ0010R0,27.325,2001,2.5,1230,0011000144,JSW Vijayanagar Metallics Limited,26243871,5000097185,4600000277,90,10-03-26,101,HRC,COIL,11513:2017,BIS,cr3,72083990,N,7.453,54988230,MATCHED
2000,R_HR_CO,Hot Rolled Black Coil,26DJ0011R0,25.725,2001,2,1250,0011000144,JSW Vijayanagar Metallics Limited,26238583,5000097186,4600000279,40,31-03-26,101,HRC,COIL,11513:2017,BIS,HR2,72083990,N,7.453,45104110,MATCHED
2000,R_HR_CO,Hot Rolled Black Coil,26DJ0012R0,27.405,2001,2,1235,0011000144,JSW Vijayanagar Metallics Limited,26243852,5000097187,4600000273,130,10-03-26,101,HRC,COIL,11513:2017,BIS,cr3,72083990,N,7.453,25077955,MATCHED
2000,R_HR_CO,Hot Rolled Black Coil,26DJ0018R0,27.325,2001,2.2,1230,0011000144,JSW Vijayanagar Metallics Limited,26252796,5000097807,4600000285,30,04-04-26,101,HRC,COIL,11513:2017,BIS,cr3,72083990,N,7.453,99223828,MATCHED
2000,R_HR>3MM_CO,Hot Rolled Black Coil 3mm & Above,26DJ0019R0,27.39,2001,3,1265,0011000144,JSW Vijayanagar Metallics Limited,26252877,5000097808,4600000285,100,04-04-26,101,HRC,COIL,11513:2017,BIS,cr3,72083890,N,7.453,14818689,MATCHED
2000,R_HR>3MM_CO,Hot Rolled Black Coil 3mm & Above,26DJ0020R0,27.295,2001,3,1265,0011000144,JSW Vijayanagar Metallics Limited,26253002,5000097809,4600000285,100,04-04-26,101,HRC,COIL,11513:2017,BIS,cr3,72083890,N,7.453,54213025,MATCHED
2000,R_HR>3MM_CO,Hot Rolled Black Coil 3mm & Above,26DJ0021R0,27.475,2001,3,1265,0011000144,JSW Vijayanagar Metallics Limited,26252997,5000097811,4600000285,100,04-04-26,101,HRC,COIL,11513:2017,BIS,cr3,72083890,N,7.453,41353330,MATCHED
2000,R_HR>3MM_CO,Hot Rolled Black Coil 3mm & Above,26DJ0022R0,27.45,2001,3,1265,0011000144,JSW Vijayanagar Metallics Limited,26253004,5000097813,4600000285,100,04-04-26,101,HRC,COIL,11513:2017,BIS,cr3,72083890,N,7.453,76374227,MATCHED
2000,R_HR>3MM_CO,Hot Rolled Black Coil 3mm & Above,26DJ0023R0,27.27,2001,3,1265,0011000144,JSW Vijayanagar Metallics Limited,26253014,5000097815,4600000285,100,04-04-26,101,HRC,COIL,11513:2017,BIS,cr3,72083890,N,7.453,76002894,MATCHED
2000,R_HR_CO,Hot Rolled Black Coil,26DJ0024R0,27.455,2001,2,1235,0011000144,JSW Vijayanagar Metallics Limited,26253128,5000097822,4600000285,10,04-04-26,101,HRC,COIL,11513:2017,BIS,cr3,72083990,N,7.453,52520334,MATCHED
2000,R_HR_CO,Hot Rolled Black Coil,26DJ0025R0,27.285,2001,2.2,1230,0011000144,JSW Vijayanagar Metallics Limited,26252795,5000097823,4600000285,30,04-04-26,101,HRC,COIL,11513:2017,BIS,cr3,72083990,N,7.453,50623466,MATCHED
2000,R_HR_CO,Hot Rolled Black Coil,26DJ0026R0,27.375,2001,2,1235,0011000144,JSW Vijayanagar Metallics Limited,26253131,5000097825,4600000285,10,04-04-26,101,HRC,COIL,11513:2017,BIS,cr3,72083990,N,7.453,56027312,MATCHED
2000,R_HR_CO,Hot Rolled Black Coil,26DJ0027R0,27.37,2001,2,1235,0011000144,JSW Vijayanagar Metallics Limited,26253151,5000097826,4600000285,10,04-04-26,101,HRC,COIL,11513:2017,BIS,cr3,72083990,N,7.453,88896472,MATCHED
2000,R_HR_CO,Hot Rolled Black Coil,26DJ0028R0,27.27,2001,2,1235,0011000144,JSW Vijayanagar Metallics Limited,26253040,5000097837,4600000285,10,04-04-26,101,HRC,COIL,11513:2017,BIS,cr3,72083990,N,7.453,43420442,MATCHED
2000,R_HR_CO,Hot Rolled Black Coil,26DJ0029R0,27.21,2001,2,1235,0011000144,JSW Vijayanagar Metallics Limited,26253143,5000097838,4600000285,10,04-04-26,101,HRC,COIL,11513:2017,BIS,cr3,72083990,N,7.453,30663384,MATCHED
2000,R_HR>3MM_CO,Hot Rolled Black Coil 3mm & Above,26DJ0030R0,25.35,2001,3,1260,0011000144,JSW Vijayanagar Metallics Limited,26253096,5000097839,4600000285,120,04-04-26,101,HRC,COIL,11513:2017,BIS,cr2,72083890,N,7.453,11822780,MATCHED
2000,R_HR_CO,Hot Rolled Black Coil,26DJ0031R0,27.36,2001,2.2,1230,0011000144,JSW Vijayanagar Metallics Limited,26253055,5000097842,4600000285,30,04-04-26,101,HRC,COIL,11513:2017,BIS,cr3,72083990,N,7.453,13737821,MATCHED
2000,R_HR_CO,Hot Rolled Black Coil,26DJ0032R0,27.305,2001,2,1235,0011000144,JSW Vijayanagar Metallics Limited,26253149,5000097844,4600000285,10,04-04-26,101,HRC,COIL,11513:2017,BIS,cr3,72083990,N,7.453,51825333,MATCHED
2000,R_HR_CO,Hot Rolled Black Coil,26DJ0033R0,27.275,2001,2,1235,0011000144,JSW Vijayanagar Metallics Limited,26253038,5000097845,4600000285,10,04-04-26,101,HRC,COIL,11513:2017,BIS,cr3,72083990,N,7.453,32217931,MATCHED
2000,R_HR_CO,Hot Rolled Black Coil,26DJ0034R0,29.205,2001,2.2,1230,0011000144,JSW Vijayanagar Metallics Limited,26253065,5000097846,4600000285,30,04-04-26,101,HRC,COIL,11513:2017,BIS,cr3,72083990,N,7.453,49558769,MATCHED
2000,R_HR_CO,Hot Rolled Black Coil,26DJ0035R0,27.48,2001,2.2,1230,0011000144,JSW Vijayanagar Metallics Limited,26253057,5000097847,4600000285,30,04-04-26,101,HRC,COIL,11513:2017,BIS,cr3,72083990,N,7.453,24862969,MATCHED
2000,R_HR_CO,Hot Rolled Black Coil,26DJ0036R0,27.34,2001,2,1235,0011000144,JSW Vijayanagar Metallics Limited,26253046,5000097850,4600000285,10,04-04-26,101,HRC,COIL,11513:2017,BIS,cr3,72083990,N,7.453,49828938,MATCHED
2000,R_HR_CO,Hot Rolled Black Coil,26DJ0037R0,27.635,2001,2,1235,0011000144,JSW Vijayanagar Metallics Limited,26252875,5000097852,4600000285,10,04-04-26,101,HRC,COIL,11513:2017,BIS,cr3,72083990,N,7.453,33307371,MATCHED
2000,R_HR>3MM_CO,Hot Rolled Black Coil 3mm & Above,26DJ0038R0,27.15,2001,3,1265,0011000144,JSW Vijayanagar Metallics Limited,26252865,5000097861,4600000285,100,04-04-26,101,HRC,COIL,11513:2017,BIS,cr3,72083890,N,7.453,62311341,MATCHED
2000,R_HR>3MM_CO,Hot Rolled Black Coil 3mm & Above,26DJ0039R0,25.42,2001,3,1265,0011000144,JSW Vijayanagar Metallics Limited,26253092,5000097866,4600000285,100,04-04-26,101,HRC,COIL,11513:2017,BIS,cr3,72083890,N,7.453,26204220,MATCHED
2000,R_HR_CO,Hot Rolled Black Coil,26DJ0058R0,27.08,2001,2,1235,0011000144,JSW Vijayanagar Metallics Limited,26252937,5000097933,4600000285,10,04-04-26,101,HRC,COIL,11513:2017,BIS,cr3,72083990,N,7.453,41734616,MATCHED
2000,R_HR_CO,Hot Rolled Black Coil,26DJ0059R0,27.405,2001,2.5,1230,0011000144,JSW Vijayanagar Metallics Limited,26252915,5000097935,4600000285,40,04-04-26,101,HRC,COIL,11513:2017,BIS,cr3,72083990,N,7.453,35256960,MATCHED
2000,R_HR>3MM_CO,Hot Rolled Black Coil 3mm & Above,26DJ0060R0,27.345,2001,3,1265,0011000144,JSW Vijayanagar Metallics Limited,26252866,5000097936,4600000285,100,04-04-26,101,HRC,COIL,11513:2017,BIS,cr3,72083890,N,7.453,97435148,MATCHED
2000,R_HR>3MM_CO,Hot Rolled Black Coil 3mm & Above,26DJ0061R0,27.31,2001,3,1265,0011000144,JSW Vijayanagar Metallics Limited,26253017,5000097937,4600000285,100,04-04-26,101,HRC,COIL,11513:2017,BIS,cr3,72083890,N,7.453,44339288,MATCHED
2000,R_HR>3MM_CO,Hot Rolled Black Coil 3mm & Above,26DJ0062R0,27.375,2001,3,1265,0011000144,JSW Vijayanagar Metallics Limited,26253015,5000097938,4600000285,100,04-04-26,101,HRC,COIL,11513:2017,BIS,cr3,72083890,N,7.453,87813422,MATCHED
2000,R_HR>3MM_CO,Hot Rolled Black Coil 3mm & Above,26DJ0063R0,25.43,2001,3,1260,0011000144,JSW Vijayanagar Metallics Limited,26253098,5000097940,4600000285,120,04-04-26,101,HRC,COIL,11513:2017,BIS,cr2,72083890,N,7.453,25109460,MATCHED
2000,R_HR>3MM_CO,Hot Rolled Black Coil 3mm & Above,26DJ0070R0,25.47,2001,3,1260,0011000144,JSW Vijayanagar Metallics Limited,26253099,5000097966,4600000285,120,04-04-26,101,HRC,COIL,11513:2017,BIS,cr2,72083890,N,7.453,97329004,MATCHED
2000,R_HR_CO,Hot Rolled Black Coil,26DJ0079R0,27.39,2001,2.5,1230,0011000144,JSW Vijayanagar Metallics Limited,26252921,5000097991,4600000285,40,04-04-26,101,HRC,COIL,11513:2017,BIS,cr3,72083990,N,7.453,31702813,MATCHED
2000,R_HR_CO,Hot Rolled Black Coil,26DJ0085R0,27.3,2001,2.2,1230,0011000144,JSW Vijayanagar Metallics Limited,26253052,5000098004,4600000285,30,04-04-26,101,HRC,COIL,11513:2017,BIS,cr3,72083990,N,7.453,64041876,MATCHED
2000,R_HR_CO,Hot Rolled Black Coil,26DJ0086R0,27.425,2001,2.2,1230,0011000144,JSW Vijayanagar Metallics Limited,26252943,5000098005,4600000285,30,04-04-26,101,HRC,COIL,11513:2017,BIS,cr3,72083990,N,7.453,85515340,MATCHED
2000,R_HR_CO,Hot Rolled Black Coil,26DJ0087R0,27.525,2001,2.5,1230,0011000144,JSW Vijayanagar Metallics Limited,26252925,5000098006,4600000285,40,04-04-26,101,HRC,COIL,11513:2017,BIS,cr3,72083990,N,7.453,99002975,MATCHED
2000,R_HR>3MM_CO,Hot Rolled Black Coil 3mm & Above,26DJ0088R0,25.425,2001,3,1260,0011000144,JSW Vijayanagar Metallics Limited,26253100,5000098007,4600000285,120,04-04-26,101,HRC,COIL,11513:2017,BIS,cr2,72083890,N,7.453,48573033,MATCHED
2000,R_HR_CO,Hot Rolled Black Coil,26DJ0089R0,26.895,2001,2,1235,0011000144,JSW Vijayanagar Metallics Limited,26253047,5000098008,4600000285,10,04-04-26,101,HRC,COIL,11513:2017,BIS,cr3,72083990,N,7.453,32050394,MATCHED
2000,R_HR_CO,Hot Rolled Black Coil,26DJ0090R0,27.445,2001,2,1235,0011000144,JSW Vijayanagar Metallics Limited,26253127,5000098009,4600000285,10,04-04-26,101,HRC,COIL,11513:2017,BIS,cr3,72083990,N,7.453,11028797,MATCHED
2000,R_HR_CO,Hot Rolled Black Coil,26DJ0091R0,25.09,2001,2.5,1230,0011000144,JSW Vijayanagar Metallics Limited,26252916,5000098018,4600000285,40,04-04-26,101,HRC,COIL,11513:2017,BIS,cr3,72083990,N,7.453,63733650,MATCHED
2000,R_HR_CO,Hot Rolled Black Coil,26DJ0178R0,27.43,2001,2.2,1230,0011000144,JSW Vijayanagar Metallics Limited,26253051,5000098290,4600000285,30,04-04-26,101,HRC,COIL,11513:2017,BIS,cr3,72083990,N,7.453,93895167,MATCHED
2000,R_HR_CO,Hot Rolled Black Coil,26DJ0179R0,27.315,2001,2.2,1230,0011000144,JSW Vijayanagar Metallics Limited,26252800,5000098291,4600000285,30,04-04-26,101,HRC,COIL,11513:2017,BIS,cr3,72083990,N,7.453,19570626,MATCHED
2000,R_HR_CO,Hot Rolled Black Coil,26DJ0180R0,24.96,2001,2,1235,0011000144,JSW Vijayanagar Metallics Limited,26253132,5000098293,4600000285,10,04-04-26,101,HRC,COIL,11513:2017,BIS,cr3,72083990,N,7.453,67388796,MATCHED
2000,R_HR_CO,Hot Rolled Black Coil,26DJ0181R0,27.195,2001,2,1235,0011000144,JSW Vijayanagar Metallics Limited,26253144,5000098294,4600000285,10,04-04-26,101,HRC,COIL,11513:2017,BIS,cr3,72083990,N,7.453,52638875,MATCHED
2000,R_HR_CO,Hot Rolled Black Coil,26DJ0182R0,27.48,2001,2.2,1230,0011000144,JSW Vijayanagar Metallics Limited,26252942,5000098295,4600000285,30,04-04-26,101,HRC,COIL,11513:2017,BIS,cr3,72083990,N,7.453,20691795,MATCHED
2000,R_HR>3MM_CO,Hot Rolled Black Coil 3mm & Above,26DJ0183R0,25.405,2001,3,1265,0011000144,JSW Vijayanagar Metallics Limited,26253090,5000098296,4600000285,100,04-04-26,101,HRC,COIL,11513:2017,BIS,cr3,72083890,N,7.453,98092731,MATCHED
2000,R_HR_CO,Hot Rolled Black Coil,26DJ0184R0,27.19,2001,2,1235,0011000144,JSW Vijayanagar Metallics Limited,26253041,5000098298,4600000285,10,04-04-26,101,HRC,COIL,11513:2017,BIS,cr3,72083990,N,7.453,41650644,MATCHED
2000,R_HR>3MM_CO,Hot Rolled Black Coil 3mm & Above,26DJ0186R0,27.41,2001,3,1265,0011000144,JSW Vijayanagar Metallics Limited,26252886,5000098300,4600000285,100,04-04-26,101,HRC,COIL,11513:2017,BIS,cr3,72083890,N,7.453,54329538,MATCHED
2000,R_HR_CO,Hot Rolled Black Coil,26DJ0187R0,27.375,2001,2.2,1230,0011000144,JSW Vijayanagar Metallics Limited,26243461,5000098301,4600000285,30,04-04-26,101,HRC,COIL,11513:2017,BIS,cr3,72083990,N,7.453,96690338,MATCHED
2000,R_HR_CO,Hot Rolled Black Coil,26DJ0188R0,27.34,2001,2.2,1230,0011000144,JSW Vijayanagar Metallics Limited,26252798,5000098302,4600000285,30,04-04-26,101,HRC,COIL,11513:2017,BIS,cr3,72083990,N,7.453,49675677,MATCHED
2000,R_HR_CO,Hot Rolled Black Coil,26DJ0189R0,27.285,2001,2,1235,0011000144,JSW Vijayanagar Metallics Limited,26253045,5000098303,4600000285,10,04-04-26,101,HRC,COIL,11513:2017,BIS,cr3,72083990,N,7.453,50616002,MATCHED
2000,R_HR>3MM_CO,Hot Rolled Black Coil 3mm & Above,26DJ0190R0,27.34,2001,3,1265,0011000144,JSW Vijayanagar Metallics Limited,26253001,5000098312,4600000285,100,04-04-26,101,HRC,COIL,11513:2017,BIS,cr3,72083890,N,7.453,59570284,MATCHED
2000,R_HR_CO,Hot Rolled Black Coil,26DJ0191R0,25.28,2001,2.2,1230,0011000144,JSW Vijayanagar Metallics Limited,26253059,5000098313,4600000285,30,04-04-26,101,HRC,COIL,11513:2017,BIS,cr3,72083990,N,7.453,81369489,MATCHED
2000,R_HR_CO,Hot Rolled Black Coil,26DJ0192R0,27.315,2001,2.2,1230,0011000144,JSW Vijayanagar Metallics Limited,26243456,5000098316,4600000285,30,04-04-26,101,HRC,COIL,11513:2017,BIS,cr3,72083990,N,7.453,27707882,MATCHED
2000,R_HR_CO,Hot Rolled Black Coil,26DJ0193R0,27.535,2001,2,1235,0011000144,JSW Vijayanagar Metallics Limited,26252936,5000098317,4600000285,10,04-04-26,101,HRC,COIL,11513:2017,BIS,cr3,72083990,N,7.453,72415624,MATCHED
2000,R_HR_CO,Hot Rolled Black Coil,26DJ0194R0,27.29,2001,2,1235,0011000144,JSW Vijayanagar Metallics Limited,26253037,5000098318,4600000285,10,04-04-26,101,HRC,COIL,11513:2017,BIS,cr3,72083990,N,7.453,40417258,MATCHED
2000,R_HR_CO,Hot Rolled Black Coil,26DJ0195R0,25.37,2001,2.2,1230,0011000144,JSW Vijayanagar Metallics Limited,26253063,5000098319,4600000285,30,04-04-26,101,HRC,COIL,11513:2017,BIS,cr3,72083990,N,7.453,90047475,MATCHED
2000,R_HR_CO,Hot Rolled Black Coil,26DJ0196R0,27.385,2001,2.2,1230,0011000144,JSW Vijayanagar Metallics Limited,26253050,5000098320,4600000285,30,04-04-26,101,HRC,COIL,11513:2017,BIS,cr3,72083990,N,7.453,28886590,MATCHED
2000,R_HR_CO,Hot Rolled Black Coil,26DJ0197R0,25.3,2001,2.2,1230,0011000144,JSW Vijayanagar Metallics Limited,26253060,5000098321,4600000285,30,04-04-26,101,HRC,COIL,11513:2017,BIS,cr3,72083990,N,7.453,94022464,MATCHED
2000,R_HR>3MM_CO,Hot Rolled Black Coil 3mm & Above,26DJ0198R0,27.38,2001,3,1265,0011000144,JSW Vijayanagar Metallics Limited,26252881,5000098322,4600000285,100,04-04-26,101,HRC,COIL,11513:2017,BIS,cr3,72083890,N,7.453,40513631,MATCHED
2000,R_HR>3MM_CO,Hot Rolled Black Coil 3mm & Above,26DJ0199R0,27.43,2001,3,1265,0011000144,JSW Vijayanagar Metallics Limited,26252867,5000098328,4600000285,100,04-04-26,101,HRC,COIL,11513:2017,BIS,cr3,72083890,N,7.453,88623797,MATCHED
2000,R_HR>3MM_CO,Hot Rolled Black Coil 3mm & Above,26DJ0200R0,27.395,2001,3,1265,0011000144,JSW Vijayanagar Metallics Limited,26252879,5000098329,4600000285,100,04-04-26,101,HRC,COIL,11513:2017,BIS,cr3,72083890,N,7.453,86852693,MATCHED
2000,R_HR_CO,Hot Rolled Black Coil,26DJ0201R0,27.385,2001,2,1235,0011000144,JSW Vijayanagar Metallics Limited,26253147,5000098330,4600000285,10,04-04-26,101,HRC,COIL,11513:2017,BIS,cr3,72083990,N,7.453,91864296,MATCHED
2000,R_HR_CO,Hot Rolled Black Coil,26DJ0202R0,25.075,2001,2.5,1230,0011000144,JSW Vijayanagar Metallics Limited,26252917,5000098332,4600000285,40,04-04-26,101,HRC,COIL,11513:2017,BIS,cr3,72083990,N,7.453,42184611,MATCHED
2000,R_HR_CO,Hot Rolled Black Coil,26DJ0203R0,27.35,2001,2,1235,0011000144,JSW Vijayanagar Metallics Limited,26253148,5000098334,4600000285,10,04-04-26,101,HRC,COIL,11513:2017,BIS,cr3,72083990,N,7.453,42587080,MATCHED
2000,R_HR_CO,Hot Rolled Black Coil,26DJ0204R0,27.39,2001,2.2,1230,0011000144,JSW Vijayanagar Metallics Limited,26253042,5000098368,4600000285,30,04-04-26,101,HRC,COIL,11513:2017,BIS,cr3,72083990,N,7.453,80342264,MATCHED
2000,R_HR>3MM_CO,Hot Rolled Black Coil 3mm & Above,26DJ0205R0,25.42,2001,3,1260,0011000144,JSW Vijayanagar Metallics Limited,26253095,5000098372,4600000285,120,04-04-26,101,HRC,COIL,11513:2017,BIS,cr2,72083890,N,7.453,30579688,MATCHED
2000,R_HR_CO,Hot Rolled Black Coil,26DJ0206R0,25.055,2001,2.5,1230,0011000144,JSW Vijayanagar Metallics Limited,26252919,5000098373,4600000285,40,04-04-26,101,HRC,COIL,11513:2017,BIS,cr3,72083990,N,7.453,63422239,MATCHED
2000,R_HR_CO,Hot Rolled Black Coil,26DJ0207R0,27.07,2001,2.2,1230,0011000144,JSW Vijayanagar Metallics Limited,26253034,5000098376,4600000285,30,04-04-26,101,HRC,COIL,11513:2017,BIS,cr3,72083990,N,7.453,71837172,MATCHED
2000,R_HR_CO,Hot Rolled Black Coil,26DJ0208R0,27.33,2001,2,1235,0011000144,JSW Vijayanagar Metallics Limited,26253150,5000098378,4600000285,10,04-04-26,101,HRC,COIL,11513:2017,BIS,cr3,72083990,N,7.453,39700406,MATCHED
2000,R_HR_CO,Hot Rolled Black Coil,26DJ0209R0,27.37,2001,2,1235,0011000144,JSW Vijayanagar Metallics Limited,26252934,5000098381,4600000285,10,04-04-26,101,HRC,COIL,11513:2017,BIS,cr3,72083990,N,7.453,14089405,MATCHED
2000,R_HR>3MM_CO,Hot Rolled Black Coil 3mm & Above,26DJ0210R0,27.295,2001,3,1265,0011000144,JSW Vijayanagar Metallics Limited,26252884,5000098382,4600000285,100,04-04-26,101,HRC,COIL,11513:2017,BIS,cr3,72083890,N,7.453,45003200,MATCHED
2000,R_HR>3MM_CO,Hot Rolled Black Coil 3mm & Above,26DJ0211R0,27.475,2001,3,1265,0011000144,JSW Vijayanagar Metallics Limited,26252882,5000098384,4600000285,100,04-04-26,101,HRC,COIL,11513:2017,BIS,cr3,72083890,N,7.453,56579306,MATCHED
2000,R_HR>3MM_CO,Hot Rolled Black Coil 3mm & Above,26DJ0212R0,27.41,2001,3,1265,0011000144,JSW Vijayanagar Metallics Limited,26253006,5000098386,4600000285,100,04-04-26,101,HRC,COIL,11513:2017,BIS,cr3,72083890,N,7.453,98563606,MATCHED
2000,R_HR_CO,Hot Rolled Black Coil,26DJ0213R0,27.285,2001,2.5,1230,0011000144,JSW Vijayanagar Metallics Limited,26253166,5000098400,4600000285,40,04-04-26,101,HRC,COIL,11513:2017,BIS,cr3,72083990,N,7.453,32743393,MATCHED
2000,R_HR_CO,Hot Rolled Black Coil,26DJ0214R0,27.49,2001,2.2,1230,0011000144,JSW Vijayanagar Metallics Limited,26256493,5000098401,4600000285,30,04-04-26,101,HRC,COIL,11513:2017,BIS,cr3,72083990,N,7.453,68160895,MATCHED
2000,R_HR_CO,Hot Rolled Black Coil,26DJ0215R0,27.495,2001,2.2,1230,0011000144,JSW Vijayanagar Metallics Limited,26256442,5000098402,4600000285,30,04-04-26,101,HRC,COIL,11513:2017,BIS,cr3,72083990,N,7.453,48651560,MATCHED
2000,R_HR_CO,Hot Rolled Black Coil,26DJ0216R0,27.155,2001,2.5,1230,0011000144,JSW Vijayanagar Metallics Limited,26254438,5000098403,4600000285,40,04-04-26,101,HRC,COIL,11513:2017,BIS,cr3,72083990,N,7.453,43256858,MATCHED
2000,R_HR_CO,Hot Rolled Black Coil,26DJ0217R0,27.405,2001,2.5,1230,0011000144,JSW Vijayanagar Metallics Limited,26256475,5000098404,4600000285,40,04-04-26,101,HRC,COIL,11513:2017,BIS,cr3,72083990,N,7.453,64530481,MATCHED
2000,R_HR_CO,Hot Rolled Black Coil,26DJ0218R0,27.54,2001,2.2,1230,0011000144,JSW Vijayanagar Metallics Limited,26256490,5000098405,4600000285,30,04-04-26,101,HRC,COIL,11513:2017,BIS,cr3,72083990,N,7.453,83875073,MATCHED
2000,R_HR_CO,Hot Rolled Black Coil,26DJ0219R0,27.485,2001,2.5,1230,0011000144,JSW Vijayanagar Metallics Limited,26256443,5000098406,4600000285,40,04-04-26,101,HRC,COIL,11513:2017,BIS,cr3,72083990,N,7.453,33053606,MATCHED
2000,R_HR_CO,Hot Rolled Black Coil,26DJ0220R0,27.525,2001,2.5,1230,0011000144,JSW Vijayanagar Metallics Limited,26253795,5000098408,4600000285,40,04-04-26,101,HRC,COIL,11513:2017,BIS,cr3,72083990,N,7.453,67983923,MATCHED
2000,R_HR_CO,Hot Rolled Black Coil,26DJ0221R0,27.495,2001,2.2,1230,0011000144,JSW Vijayanagar Metallics Limited,26256487,5000098410,4600000285,30,04-04-26,101,HRC,COIL,11513:2017,BIS,cr3,72083990,N,7.453,27243837,MATCHED
2000,R_HR_CO,Hot Rolled Black Coil,26DJ0222R0,27.255,2001,2.2,1230,0011000144,JSW Vijayanagar Metallics Limited,26252944,5000098411,4600000285,30,04-04-26,101,HRC,COIL,11513:2017,BIS,cr3,72083990,N,7.453,34337809,MATCHED
2000,R_HR_CO,Hot Rolled Black Coil,26DJ0223R0,25.24,2001,2.5,1230,0011000144,JSW Vijayanagar Metallics Limited,26254437,5000098412,4600000285,40,04-04-26,101,HRC,COIL,11513:2017,BIS,cr3,72083990,N,7.453,42247071,MATCHED
2000,R_HR_CO,Hot Rolled Black Coil,26DJ0224R0,27.525,2001,2.2,1230,0011000144,JSW Vijayanagar Metallics Limited,26256439,5000098413,4600000285,30,04-04-26,101,HRC,COIL,11513:2017,BIS,cr3,72083990,N,7.453,90500800,MATCHED
2000,R_HR_CO,Hot Rolled Black Coil,26DJ0225R0,18.52,2001,2.5,1250,0011000144,JSW Vijayanagar Metallics Limited,26251700,5000098414,4600000285,70,04-04-26,101,HRC,COIL,11513:2017,BIS,HR2,72083990,N,7.453,71079415,MATCHED
2000,R_HR_CO,Hot Rolled Black Coil,26DJ0226R0,27.295,2001,2.2,1230,0011000144,JSW Vijayanagar Metallics Limited,26256503,5000098415,4600000285,30,04-04-26,101,HRC,COIL,11513:2017,BIS,cr3,72083990,N,7.453,87315817,MATCHED
2000,R_HR_CO,Hot Rolled Black Coil,26DJ0227R0,27.395,2001,2.5,1230,0011000144,JSW Vijayanagar Metallics Limited,26256476,5000098416,4600000285,40,04-04-26,101,HRC,COIL,11513:2017,BIS,cr3,72083990,N,7.453,85740817,MATCHED
2000,R_HR_CO,Hot Rolled Black Coil,26DJ0228R0,29.255,2001,2.8,1265,0011000144,JSW Vijayanagar Metallics Limited,26253119,5000098449,4600000285,80,04-04-26,101,HRC,COIL,11513:2017,BIS,cr3,72083990,N,7.453,84655571,MATCHED
2000,R_HR>3MM_CO,Hot Rolled Black Coil 3mm & Above,26DJ0229R0,27.785,2001,3,1265,0011000144,JSW Vijayanagar Metallics Limited,26252999,5000098450,4600000285,100,04-04-26,101,HRC,COIL,11513:2017,BIS,cr3,72083890,N,7.453,40422895,MATCHED
2000,R_HR>3MM_CO,Hot Rolled Black Coil 3mm & Above,26DJ0230R0,27.285,2001,3,1265,0011000144,JSW Vijayanagar Metallics Limited,26252880,5000098455,4600000285,100,04-04-26,101,HRC,COIL,11513:2017,BIS,cr3,72083890,N,7.453,46479904,MATCHED
2000,R_HR_CO,Hot Rolled Black Coil,26DJ0231R0,27.315,2001,2.2,1230,0011000144,JSW Vijayanagar Metallics Limited,26256496,5000098457,4600000285,30,04-04-26,101,HRC,COIL,11513:2017,BIS,cr3,72083990,N,7.453,10565693,MATCHED
2000,R_HR_CO,Hot Rolled Black Coil,26DJ0232R0,27.56,2001,2.5,1230,0011000144,JSW Vijayanagar Metallics Limited,26256483,5000098459,4600000285,40,04-04-26,101,HRC,COIL,11513:2017,BIS,cr3,72083990,N,7.453,38683524,MATCHED
2000,R_HR_CO,Hot Rolled Black Coil,26DJ0233R0,27.215,2001,2.2,1230,0011000144,JSW Vijayanagar Metallics Limited,26256477,5000098463,4600000285,30,04-04-26,101,HRC,COIL,11513:2017,BIS,cr3,72083990,N,7.453,61197129,MATCHED
2000,R_HR_CO,Hot Rolled Black Coil,26DJ0234R0,27.06,2001,2.2,1230,0011000144,JSW Vijayanagar Metallics Limited,26255188,5000098473,4600000285,30,04-04-26,101,HRC,COIL,11513:2017,BIS,cr3,72083990,N,7.453,66967005,MATCHED
2000,R_HR_CO,Hot Rolled Black Coil,26DJ0235R0,27.215,2001,2.5,1230,0011000144,JSW Vijayanagar Metallics Limited,26256506,5000098475,4600000285,40,04-04-26,101,HRC,COIL,11513:2017,BIS,cr3,72083990,N,7.453,98236805,MATCHED
2000,R_HR_CO,Hot Rolled Black Coil,26DJ0236R0,27.41,2001,2.2,1230,0011000144,JSW Vijayanagar Metallics Limited,26256497,5000098477,4600000285,30,04-04-26,101,HRC,COIL,11513:2017,BIS,cr3,72083990,N,7.453,25751723,MATCHED
2000,R_HR>3MM_CO,Hot Rolled Black Coil 3mm & Above,26DJ0237R0,27.295,2001,3.6,1260,0011000144,JSW Vijayanagar Metallics Limited,26256378,5000098483,4600000287,140,30-04-26,101,HRC,COIL,11513:2017,BIS,cr2,72083890,N,7.453,86315728,MATCHED
2000,R_HR_CO,Hot Rolled Black Coil,26DJ0238R0,27.395,2001,2.2,1230,0011000144,JSW Vijayanagar Metallics Limited,26256480,5000098484,4600000285,30,04-04-26,101,HRC,COIL,11513:2017,BIS,cr3,72083990,N,7.453,66539739,MATCHED
2000,R_HR_CO,Hot Rolled Black Coil,26DJ0239R0,27.23,2001,2.5,1230,0011000144,JSW Vijayanagar Metallics Limited,26252920,5000098492,4600000285,40,04-04-26,101,HRC,COIL,11513:2017,BIS,cr3,72083990,N,7.453,98566683,MATCHED
2000,R_HR_CO,Hot Rolled Black Coil,26DJ0240R0,27.415,2001,2.5,1230,0011000144,JSW Vijayanagar Metallics Limited,26252924,5000098493,4600000285,40,04-04-26,101,HRC,COIL,11513:2017,BIS,cr3,72083990,N,7.453,56307109,MATCHED
2000,R_HR_CO,Hot Rolled Black Coil,26DJ0241R0,27.55,2001,2.2,1230,0011000144,JSW Vijayanagar Metallics Limited,26256491,5000098496,4600000285,30,04-04-26,101,HRC,COIL,11513:2017,BIS,cr3,72083990,N,7.453,14598807,MATCHED
2000,R_HR_CO,Hot Rolled Black Coil,26DJ0242R0,27.48,2001,2.5,1230,0011000144,JSW Vijayanagar Metallics Limited,26256473,5000098497,4600000285,40,04-04-26,101,HRC,COIL,11513:2017,BIS,cr3,72083990,N,7.453,49075048,MATCHED
2000,R_HR_CO,Hot Rolled Black Coil,26DJ0243R0,27.34,2001,2.2,1230,0011000144,JSW Vijayanagar Metallics Limited,26256478,5000098499,4600000285,30,04-04-26,101,HRC,COIL,11513:2017,BIS,cr3,72083990,N,7.453,32535543,MATCHED
2000,R_HR_CO,Hot Rolled Black Coil,26DJ0244R0,27.245,2001,2.2,1230,0011000144,JSW Vijayanagar Metallics Limited,26253033,5000098501,4600000285,30,04-04-26,101,HRC,COIL,11513:2017,BIS,cr3,72083990,N,7.453,18111925,MATCHED
2000,R_HR_CO,Hot Rolled Black Coil,26DJ0245R0,25.435,2001,2.5,1230,0011000144,JSW Vijayanagar Metallics Limited,26255187,5000098550,4600000285,40,04-04-26,101,HRC,COIL,11513:2017,BIS,cr3,72083990,N,7.453,62579821,MATCHED
2000,R_HR_CO,Hot Rolled Black Coil,26DJ0246R0,27.28,2001,2.5,1230,0011000144,JSW Vijayanagar Metallics Limited,26256502,5000098551,4600000285,40,04-04-26,101,HRC,COIL,11513:2017,BIS,cr3,72083990,N,7.453,65464441,MATCHED
2000,R_HR_CO,Hot Rolled Black Coil,26DJ0247R0,27.37,2001,2.5,1230,0011000144,JSW Vijayanagar Metallics Limited,26256484,5000098552,4600000285,40,04-04-26,101,HRC,COIL,11513:2017,BIS,cr3,72083990,N,7.453,22393235,MATCHED
2000,R_HR_CO,Hot Rolled Black Coil,26DJ0248R0,27.35,2001,2.2,1230,0011000144,JSW Vijayanagar Metallics Limited,26252807,5000098554,4600000285,30,04-04-26,101,HRC,COIL,11513:2017,BIS,cr3,72083990,N,7.453,22804342,MATCHED
2000,R_HR_CO,Hot Rolled Black Coil,26DJ0249R0,27.44,2001,2.5,1230,0011000144,JSW Vijayanagar Metallics Limited,26252923,5000098556,4600000285,40,04-04-26,101,HRC,COIL,11513:2017,BIS,cr3,72083990,N,7.453,67416744,MATCHED
2000,R_HR_CO,Hot Rolled Black Coil,26DJ0250R0,27.325,2001,2.2,1230,0011000144,JSW Vijayanagar Metallics Limited,26252805,5000098557,4600000285,30,04-04-26,101,HRC,COIL,11513:2017,BIS,cr3,72083990,N,7.453,78274453,MATCHED
2000,R_HR_CO,Hot Rolled Black Coil,26DJ0251R0,27.35,2001,2.2,1230,0011000144,JSW Vijayanagar Metallics Limited,26252932,5000098558,4600000285,30,04-04-26,101,HRC,COIL,11513:2017,BIS,cr3,72083990,N,7.453,33358912,MATCHED
2000,R_HR_CO,Hot Rolled Black Coil,26DJ0252R0,25.32,2001,2.2,1230,0011000144,JSW Vijayanagar Metallics Limited,26253058,5000098559,4600000285,30,04-04-26,101,HRC,COIL,11513:2017,BIS,cr3,72083990,N,7.453,63526293,MATCHED
2000,R_HR_CO,Hot Rolled Black Coil,26DJ0253R0,27.515,2001,2.2,1230,0011000144,JSW Vijayanagar Metallics Limited,26252945,5000098560,4600000285,30,04-04-26,101,HRC,COIL,11513:2017,BIS,cr3,72083990,N,7.453,99019554,MATCHED
2000,R_HR_CO,Hot Rolled Black Coil,26DJ0254R0,27.225,2001,2,1235,0011000144,JSW Vijayanagar Metallics Limited,26253036,5000098561,4600000285,10,04-04-26,101,HRC,COIL,11513:2017,BIS,cr3,72083990,N,7.453,63244217,MATCHED
2000,R_HR>3MM_CO,Hot Rolled Black Coil 3mm & Above,26DJ0255R0,27.145,2001,3,1230,0011000144,JSW Vijayanagar Metallics Limited,26256460,5000098564,4600000287,110,30-04-26,101,HRC,COIL,11513:2017,BIS,cr2,72083890,N,7.453,17769150,MATCHED
2000,R_HR_CO,Hot Rolled Black Coil,26DJ0256R0,27.405,2001,2,1235,0011000144,JSW Vijayanagar Metallics Limited,26252930,5000098569,4600000285,10,04-04-26,101,HRC,COIL,11513:2017,BIS,cr3,72083990,N,7.453,86849170,MATCHED
2000,R_HR_CO,Hot Rolled Black Coil,26DJ0257R0,27.39,2001,2.2,1230,0011000144,JSW Vijayanagar Metallics Limited,26252941,5000098573,4600000285,30,04-04-26,101,HRC,COIL,11513:2017,BIS,cr3,72083990,N,7.453,61736183,MATCHED
2000,R_HR_CO,Hot Rolled Black Coil,26DJ0258R0,27.51,2001,2.2,1230,0011000144,JSW Vijayanagar Metallics Limited,26253066,5000098574,4600000285,30,04-04-26,101,HRC,COIL,11513:2017,BIS,cr3,72083990,N,7.453,70779739,MATCHED
2000,R_HR_CO,Hot Rolled Black Coil,26DJ0259R0,27.34,2001,2.2,1230,0011000144,JSW Vijayanagar Metallics Limited,26252797,5000098575,4600000285,30,04-04-26,101,HRC,COIL,11513:2017,BIS,cr3,72083990,N,7.453,95969488,MATCHED
2000,R_HR_CO,Hot Rolled Black Coil,26DJ0260R0,27.47,2001,2,1235,0011000144,JSW Vijayanagar Metallics Limited,26253130,5000098576,4600000285,10,04-04-26,101,HRC,COIL,11513:2017,BIS,cr3,72083990,N,7.453,89656757,MATCHED
2000,R_HR>3MM_CO,Hot Rolled Black Coil 3mm & Above,26DJ0261R0,24.225,2001,3.6,1260,0011000144,JSW Vijayanagar Metallics Limited,26256382,5000098580,4600000287,140,30-04-26,101,HRC,COIL,11513:2017,BIS,cr2,72083890,N,7.453,25441516,MATCHED
2000,R_HR_CO,Hot Rolled Black Coil,26DJ0262R0,27.245,2001,2,1235,0011000144,JSW Vijayanagar Metallics Limited,26252928,5000098579,4600000285,10,04-04-26,101,HRC,COIL,11513:2017,BIS,cr3,72083990,N,7.453,79102145,MATCHED
2000,R_HR_CO,Hot Rolled Black Coil,26DJ0263R0,27.3,2001,2.2,1230,0011000144,JSW Vijayanagar Metallics Limited,26252806,5000098582,4600000285,30,04-04-26,101,HRC,COIL,11513:2017,BIS,cr3,72083990,N,7.453,73932796,MATCHED
2000,R_HR>3MM_CO,Hot Rolled Black Coil 3mm & Above,26DJ0264R0,27.255,2001,3.6,1230,0011000144,JSW Vijayanagar Metallics Limited,26256512,5000098584,4600000287,130,30-04-26,101,HRC,COIL,11513:2017,BIS,cr2,72083890,N,7.453,23699531,MATCHED
2000,R_HR_CO,Hot Rolled Black Coil,26DJ0265R0,27.365,2001,2.5,1230,0011000144,JSW Vijayanagar Metallics Limited,26252922,5000098583,4600000285,40,04-04-26,101,HRC,COIL,11513:2017,BIS,cr3,72083990,N,7.453,10665678,MATCHED
2000,R_HR_CO,Hot Rolled Black Coil,26DJ0266R0,27.365,2001,2.2,1230,0011000144,JSW Vijayanagar Metallics Limited,26252808,5000098586,4600000285,30,04-04-26,101,HRC,COIL,11513:2017,BIS,cr3,72083990,N,7.453,65344923,MATCHED
2000,R_HR_CO,Hot Rolled Black Coil,26DJ0267R0,27.315,2001,2.2,1230,0011000144,JSW Vijayanagar Metallics Limited,26253035,5000098588,4600000285,30,04-04-26,101,HRC,COIL,11513:2017,BIS,cr3,72083990,N,7.453,58760098,MATCHED
2000,R_HR>3MM_CO,Hot Rolled Black Coil 3mm & Above,26DJ0268R0,27.285,2001,3,1230,0011000144,JSW Vijayanagar Metallics Limited,26256454,5000098591,4600000287,110,30-04-26,101,HRC,COIL,11513:2017,BIS,cr2,72083890,N,7.453,16597475,MATCHED
2000,R_HR_CO,Hot Rolled Black Coil,26DJ0269R0,27.32,2001,2,1235,0011000144,JSW Vijayanagar Metallics Limited,26253146,5000098590,4600000285,10,04-04-26,101,HRC,COIL,11513:2017,BIS,cr3,72083990,N,7.453,26249784,MATCHED
2000,R_HR>3MM_CO,Hot Rolled Black Coil 3mm & Above,26DJ0270R0,27.415,2001,3,1265,0011000144,JSW Vijayanagar Metallics Limited,26253000,5000098592,4600000285,100,04-04-26,101,HRC,COIL,11513:2017,BIS,cr3,72083890,N,7.453,29577611,MATCHED
2000,R_HR>3MM_CO,Hot Rolled Black Coil 3mm & Above,26DJ0271R0,27.26,2001,3,1230,0011000144,JSW Vijayanagar Metallics Limited,26256458,5000098594,4600000287,110,30-04-26,101,HRC,COIL,11513:2017,BIS,cr2,72083890,N,7.453,10575802,MATCHED
2000,R_HR>3MM_CO,Hot Rolled Black Coil 3mm & Above,26DJ0272R0,27.455,2001,3,1265,0011000144,JSW Vijayanagar Metallics Limited,26252864,5000098595,4600000285,100,04-04-26,101,HRC,COIL,11513:2017,BIS,cr3,72083890,N,7.453,10377914,MATCHED
2000,R_HR>3MM_CO,Hot Rolled Black Coil 3mm & Above,26DJ0273R0,27.405,2001,3,1265,0011000144,JSW Vijayanagar Metallics Limited,26252870,5000098597,4600000285,100,04-04-26,101,HRC,COIL,11513:2017,BIS,cr3,72083890,N,7.453,51005032,MATCHED
2000,R_HR>3MM_CO,Hot Rolled Black Coil 3mm & Above,26DJ0274R0,27.415,2001,3.6,1230,0011000144,JSW Vijayanagar Metallics Limited,26256511,5000098600,4600000287,130,30-04-26,101,HRC,COIL,11513:2017,BIS,cr2,72083890,N,7.453,86676720,MATCHED
2000,R_HR>3MM_CO,Hot Rolled Black Coil 3mm & Above,26DJ0275R0,25.43,2001,3,1265,0011000144,JSW Vijayanagar Metallics Limited,26253094,5000098598,4600000285,100,04-04-26,101,HRC,COIL,11513:2017,BIS,cr3,72083890,N,7.453,37753625,MATCHED
2000,R_HR>3MM_CO,Hot Rolled Black Coil 3mm & Above,26DJ0276R0,27.29,2001,3,1265,0011000144,JSW Vijayanagar Metallics Limited,26252885,5000098599,4600000285,100,04-04-26,101,HRC,COIL,11513:2017,BIS,cr3,72083890,N,7.453,63822119,MATCHED
2000,R_HR>3MM_CO,Hot Rolled Black Coil 3mm & Above,26DJ0277R0,27.325,2001,3,1230,0011000144,JSW Vijayanagar Metallics Limited,26256608,5000098601,4600000287,110,30-04-26,101,HRC,COIL,11513:2017,BIS,cr2,72083890,N,7.453,76815485,MATCHED
2000,R_HR>3MM_CO,Hot Rolled Black Coil 3mm & Above,26DJ0278R0,27.39,2001,3.6,1260,0011000144,JSW Vijayanagar Metallics Limited,26256403,5000098604,4600000287,140,30-04-26,101,HRC,COIL,11513:2017,BIS,cr2,72083890,N,7.453,42640367,MATCHED
2000,R_HR>3MM_CO,Hot Rolled Black Coil 3mm & Above,26DJ0279R0,27.31,2001,3.6,1260,0011000144,JSW Vijayanagar Metallics Limited,26256381,5000098607,4600000287,140,30-04-26,101,HRC,COIL,11513:2017,BIS,cr2,72083890,N,7.453,51605813,MATCHED
2000,R_HR>3MM_CO,Hot Rolled Black Coil 3mm & Above,26DJ0280R0,24.455,2001,3.6,1260,0011000144,JSW Vijayanagar Metallics Limited,26253678,5000098608,4600000287,140,30-04-26,101,HRC,COIL,11513:2017,BIS,cr2,72083890,N,7.453,41853338,MATCHED
2000,R_HR>3MM_CO,Hot Rolled Black Coil 3mm & Above,26DJ0281R0,27.305,2001,3,1230,0011000144,JSW Vijayanagar Metallics Limited,26256457,5000098617,4600000287,110,30-04-26,101,HRC,COIL,11513:2017,BIS,cr2,72083890,N,7.453,87973696,MATCHED
2000,R_HR_CO,Hot Rolled Black Coil,26DJ0282R0,27.31,2001,2.2,1230,0011000144,JSW Vijayanagar Metallics Limited,26253054,5000098623,4600000285,30,04-04-26,101,HRC,COIL,11513:2017,BIS,cr3,72083990,N,7.453,12015597,MATCHED
2000,R_HR_CO,Hot Rolled Black Coil,26DJ0283R0,27.325,2001,2.2,1230,0011000144,JSW Vijayanagar Metallics Limited,26253053,5000098624,4600000285,30,04-04-26,101,HRC,COIL,11513:2017,BIS,cr3,72083990,N,7.453,70914602,MATCHED
2000,R_HR_CO,Hot Rolled Black Coil,26DJ0284R0,25.385,2001,2.2,1230,0011000144,JSW Vijayanagar Metallics Limited,26253061,5000098628,4600000285,30,04-04-26,101,HRC,COIL,11513:2017,BIS,cr3,72083990,N,7.453,70717953,MATCHED
2000,R_HR_CO,Hot Rolled Black Coil,26DJ0285R0,18.53,2001,2.5,1250,0011000144,JSW Vijayanagar Metallics Limited,26251699,5000098630,4600000285,70,04-04-26,101,HRC,COIL,11513:2017,BIS,HR2,72083990,N,7.453,40413679,MATCHED
2000,R_HR_CO,Hot Rolled Black Coil,26DJ0286R0,27.36,2001,2.2,1230,0011000144,JSW Vijayanagar Metallics Limited,26253056,5000098631,4600000285,30,04-04-26,101,HRC,COIL,11513:2017,BIS,cr3,72083990,N,7.453,28480433,MATCHED
2000,R_HR_CO,Hot Rolled Black Coil,26DJ0287R0,27.36,2001,2,1235,0011000144,JSW Vijayanagar Metallics Limited,26253048,5000098633,4600000285,10,04-04-26,101,HRC,COIL,11513:2017,BIS,cr3,72083990,N,7.453,27798722,MATCHED
2000,R_HR_CO,Hot Rolled Black Coil,26DJ0288R0,27.215,2001,2,1235,0011000144,JSW Vijayanagar Metallics Limited,26252939,5000098635,4600000285,10,04-04-26,101,HRC,COIL,11513:2017,BIS,cr3,72083990,N,7.453,74090922,MATCHED
2000,R_HR_CO,Hot Rolled Black Coil,26DJ0289R0,20.7,2001,2.5,1250,0011000144,JSW Vijayanagar Metallics Limited,26252417,5000098637,4600000285,70,04-04-26,101,HRC,COIL,11513:2017,BIS,HR2,72083990,N,7.453,96970769,MATCHED
2000,R_HR_CO,Hot Rolled Black Coil,26DJ0290R0,27.42,2001,2.8,1265,0011000144,JSW Vijayanagar Metallics Limited,26252874,5000098638,4600000285,80,04-04-26,101,HRC,COIL,11513:2017,BIS,cr3,72083990,N,7.453,40949957,MATCHED
2000,R_HR_CO,Hot Rolled Black Coil,26DJ0291R0,20.94,2001,2.5,1250,0011000144,JSW Vijayanagar Metallics Limited,26251543,5000098642,4600000285,70,04-04-26,101,HRC,COIL,11513:2017,BIS,HR2,72083990,N,7.453,42041109,MATCHED
2000,R_HR>3MM_CO,Hot Rolled Black Coil 3mm & Above,26DJ0292R0,27.28,2001,3,1265,0011000144,JSW Vijayanagar Metallics Limited,26252869,5000098643,4600000285,100,04-04-26,101,HRC,COIL,11513:2017,BIS,cr3,72083890,N,7.453,97140258,MATCHED
2000,R_HR>3MM_CO,Hot Rolled Black Coil 3mm & Above,26DJ0293R0,27.24,2001,3,1260,0011000144,JSW Vijayanagar Metallics Limited,26256598,5000098644,4600000287,210,30-04-26,101,HRC,COIL,11513:2017,BIS,cr2,72083890,N,7.453,24723425,MATCHED
2000,R_HR>3MM_CO,Hot Rolled Black Coil 3mm & Above,26DJ0294R0,27.325,2001,3.6,1260,0011000144,JSW Vijayanagar Metallics Limited,26256380,5000098646,4600000287,220,30-04-26,101,HRC,COIL,11513:2017,BIS,cr2,72083890,N,7.453,35945205,MATCHED
2000,R_HR>3MM_CO,Hot Rolled Black Coil 3mm & Above,26DJ0295R0,27.375,2001,3,1265,0011000144,JSW Vijayanagar Metallics Limited,26253005,5000098647,4600000285,100,04-04-26,101,HRC,COIL,11513:2017,BIS,cr3,72083890,N,7.453,35514428,MATCHED
2000,R_HR>3MM_CO,Hot Rolled Black Coil 3mm & Above,26DJ0296R0,27.41,2001,3,1265,0011000144,JSW Vijayanagar Metallics Limited,26253018,5000098648,4600000285,100,04-04-26,101,HRC,COIL,11513:2017,BIS,cr3,72083890,N,7.453,92378233,MATCHED
2000,R_HR>3MM_CO,Hot Rolled Black Coil 3mm & Above,26DJ0297R0,25.38,2001,3,1265,0011000144,JSW Vijayanagar Metallics Limited,26253089,5000098649,4600000285,100,04-04-26,101,HRC,COIL,11513:2017,BIS,cr3,72083890,N,7.453,70233817,MATCHED
2000,R_HR>3MM_CO,Hot Rolled Black Coil 3mm & Above,26DJ0298R0,27.475,2001,3,1265,0011000144,JSW Vijayanagar Metallics Limited,26252873,5000098650,4600000285,100,04-04-26,101,HRC,COIL,11513:2017,BIS,cr3,72083890,N,7.453,28236970,MATCHED
2000,R_HR>3MM_CO,Hot Rolled Black Coil 3mm & Above,26DJ0299R0,27.375,2001,3,1265,0011000144,JSW Vijayanagar Metallics Limited,26252868,5000098651,4600000285,100,04-04-26,101,HRC,COIL,11513:2017,BIS,cr3,72083890,N,7.453,31128506,MATCHED
2000,R_HR>3MM_CO,Hot Rolled Black Coil 3mm & Above,26DJ0300R0,27.405,2001,3,1265,0011000144,JSW Vijayanagar Metallics Limited,26253016,5000098652,4600000285,100,04-04-26,101,HRC,COIL,11513:2017,BIS,cr3,72083890,N,7.453,59815356,MATCHED
2000,R_HR>3MM_CO,Hot Rolled Black Coil 3mm & Above,26DJ0301R0,27.43,2001,3,1265,0011000144,JSW Vijayanagar Metallics Limited,26252872,5000098653,4600000285,100,04-04-26,101,HRC,COIL,11513:2017,BIS,cr3,72083890,N,7.453,28590967,MATCHED
2000,R_HR>3MM_CO,Hot Rolled Black Coil 3mm & Above,26DJ0302R0,27.455,2001,3,1265,0011000144,JSW Vijayanagar Metallics Limited,26252998,5000098654,4600000285,100,04-04-26,101,HRC,COIL,11513:2017,BIS,cr3,72083890,N,7.453,30553335,MATCHED
2000,R_HR>3MM_CO,Hot Rolled Black Coil 3mm & Above,26DJ0303R0,27.335,2001,3,1265,0011000144,JSW Vijayanagar Metallics Limited,26252878,5000098655,4600000285,100,04-04-26,101,HRC,COIL,11513:2017,BIS,cr3,72083890,N,7.453,27047425,MATCHED
2000,R_HR>3MM_CO,Hot Rolled Black Coil 3mm & Above,26DJ0304R0,24.44,2001,3.6,1260,0011000144,JSW Vijayanagar Metallics Limited,26253681,5000098656,4600000287,140,30-04-26,101,HRC,COIL,11513:2017,BIS,cr2,72083890,N,7.453,58061525,MATCHED
2000,R_HR>3MM_CO,Hot Rolled Black Coil 3mm & Above,26DJ0305R0,27.44,2001,3.6,1260,0011000144,JSW Vijayanagar Metallics Limited,26256401,5000098659,4600000287,140,30-04-26,101,HRC,COIL,11513:2017,BIS,cr2,72083890,N,7.453,97250057,MATCHED
2000,R_HR>3MM_CO,Hot Rolled Black Coil 3mm & Above,26DJ0306R0,24.395,2001,3.6,1260,0011000144,JSW Vijayanagar Metallics Limited,26253680,5000098660,4600000287,140,30-04-26,101,HRC,COIL,11513:2017,BIS,cr2,72083890,N,7.453,15077130,MATCHED
2000,R_HR>3MM_CO,Hot Rolled Black Coil 3mm & Above,26DJ0307R0,24.315,2001,3.6,1260,0011000144,JSW Vijayanagar Metallics Limited,26256383,5000098661,4600000287,140,30-04-26,101,HRC,COIL,11513:2017,BIS,cr2,72083890,N,7.453,66305994,MATCHED
2000,R_HR>3MM_CO,Hot Rolled Black Coil 3mm & Above,26DJ0308R0,27.485,2001,3.6,1260,0011000144,JSW Vijayanagar Metallics Limited,26256400,5000098662,4600000287,140,30-04-26,101,HRC,COIL,11513:2017,BIS,cr2,72083890,N,7.453,10397026,MATCHED
2000,R_HR>3MM_CO,Hot Rolled Black Coil 3mm & Above,26DJ0309R0,25.39,2001,3,1260,0011000144,JSW Vijayanagar Metallics Limited,26253097,5000098664,4600000287,210,30-04-26,101,HRC,COIL,11513:2017,BIS,cr2,72083890,N,7.453,54412599,MATCHED
2000,R_HR_CO,Hot Rolled Black Coil,26DJ0310R0,25.54,2001,2.2,1230,0011000144,JSW Vijayanagar Metallics Limited,26237811,5000098672,4600000285,30,04-04-26,101,HRC,COIL,11513:2017,BIS,cr3,72083990,N,7.453,99416116,MATCHED
2000,R_HR_CO,Hot Rolled Black Coil,26DJ0311R0,27.28,2001,2.2,1230,0011000144,JSW Vijayanagar Metallics Limited,26252931,5000098673,4600000285,30,04-04-26,101,HRC,COIL,11513:2017,BIS,cr3,72083990,N,7.453,28053988,MATCHED
2000,R_HR_CO,Hot Rolled Black Coil,26DJ0312R0,27.575,2001,2.5,1230,0011000144,JSW Vijayanagar Metallics Limited,26252926,5000098678,4600000285,40,04-04-26,101,HRC,COIL,11513:2017,BIS,cr3,72083990,N,7.453,66391947,MATCHED
2000,R_HR_CO,Hot Rolled Black Coil,26DJ0313R0,27.395,2001,2,1235,0011000144,JSW Vijayanagar Metallics Limited,26252933,5000098685,4600000285,10,04-04-26,101,HRC,COIL,11513:2017,BIS,cr3,72083990,N,7.453,64315616,MATCHED
2000,R_HR_CO,Hot Rolled Black Coil,26DJ0314R0,25.08,2001,2.5,1230,0011000144,JSW Vijayanagar Metallics Limited,26252918,5000098738,4600000285,40,04-04-26,101,HRC,COIL,11513:2017,BIS,cr3,72083990,N,7.453,31763745,MATCHED
2000,R_HR_CO,Hot Rolled Black Coil,26DJ0315R0,26.975,2001,2.5,1230,0011000144,JSW Vijayanagar Metallics Limited,26256505,5000098742,4600000285,40,04-04-26,101,HRC,COIL,11513:2017,BIS,cr3,72083990,N,7.453,84364177,MATCHED
2000,R_HR_CO,Hot Rolled Black Coil,26DJ0316R0,27.45,2001,2.2,1230,0011000144,JSW Vijayanagar Metallics Limited,26256485,5000098744,4600000285,30,04-04-26,101,HRC,COIL,11513:2017,BIS,cr3,72083990,N,7.453,22052312,MATCHED
2000,R_HR_CO,Hot Rolled Black Coil,26DJ0317R0,27.045,2001,2.5,1230,0011000144,JSW Vijayanagar Metallics Limited,26256553,5000098747,4600000285,40,04-04-26,101,HRC,COIL,11513:2017,BIS,cr3,72083990,N,7.453,56986932,MATCHED
2000,R_HR_CO,Hot Rolled Black Coil,26DJ0318R0,27.55,2001,2.2,1230,0011000144,JSW Vijayanagar Metallics Limited,26256489,5000098752,4600000285,30,04-04-26,101,HRC,COIL,11513:2017,BIS,cr3,72083990,N,7.453,97029959,MATCHED
2000,R_HR_CO,Hot Rolled Black Coil,26DJ0319R0,27.25,2001,2.2,1230,0011000144,JSW Vijayanagar Metallics Limited,26256482,5000098754,4600000285,30,04-04-26,101,HRC,COIL,11513:2017,BIS,cr3,72083990,N,7.453,93161431,MATCHED
2000,R_HR_CO,Hot Rolled Black Coil,26DJ0320R0,27.4,2001,2.2,1230,0011000144,JSW Vijayanagar Metallics Limited,26243463,5000098758,4600000285,30,04-04-26,101,HRC,COIL,11513:2017,BIS,cr3,72083990,N,7.453,68878300,MATCHED
2000,R_HR_CO,Hot Rolled Black Coil,26DJ0321R0,26.93,2001,2.2,1230,0011000144,JSW Vijayanagar Metallics Limited,26252940,5000098761,4600000285,30,04-04-26,101,HRC,COIL,11513:2017,BIS,cr3,72083990,N,7.453,25087155,MATCHED
2000,R_HR_CO,Hot Rolled Black Coil,26DJ0322R0,28.52,2001,2.8,1265,0011000144,JSW Vijayanagar Metallics Limited,26253612,5000098763,4600000285,80,04-04-26,101,HRC,COIL,11513:2017,BIS,cr3,72083990,N,7.453,80421029,MATCHED
2000,R_HR_CO,Hot Rolled Black Coil,26DJ0323R0,27.48,2001,2.5,1230,0011000144,JSW Vijayanagar Metallics Limited,26254583,5000098767,4600000285,40,04-04-26,101,HRC,COIL,11513:2017,BIS,cr3,72083990,N,7.453,80390102,MATCHED
2000,R_HR_CO,Hot Rolled Black Coil,26DJ0324R0,27.33,2001,2.5,1230,0011000144,JSW Vijayanagar Metallics Limited,26256474,5000098768,4600000285,40,04-04-26,101,HRC,COIL,11513:2017,BIS,cr3,72083990,N,7.453,81407363,MATCHED
2000,R_HR>3MM_CO,Hot Rolled Black Coil 3mm & Above,26DJ0325R0,27.385,2001,3,1260,0011000144,JSW Vijayanagar Metallics Limited,26256600,5000098769,4600000285,120,04-04-26,101,HRC,COIL,11513:2017,BIS,cr2,72083890,N,7.453,27641109,MATCHED
2000,R_HR>3MM_CO,Hot Rolled Black Coil 3mm & Above,26DJ0326R0,20.455,2001,3.6,1260,0011000144,JSW Vijayanagar Metallics Limited,26254770,5000098775,4600000287,140,30-04-26,101,HRC,COIL,11513:2017,BIS,cr2,72083890,N,7.453,16452293,MATCHED
2000,R_HR_CO,Hot Rolled Black Coil,26DJ0327R0,27.515,2001,2.2,1230,0011000144,JSW Vijayanagar Metallics Limited,26256500,5000098778,4600000285,30,04-04-26,101,HRC,COIL,11513:2017,BIS,cr3,72083990,N,7.453,96869936,MATCHED
2000,R_HR_CO,Hot Rolled Black Coil,26DJ0328R0,27.365,2001,2.2,1230,0011000144,JSW Vijayanagar Metallics Limited,26256486,5000098779,4600000285,30,04-04-26,101,HRC,COIL,11513:2017,BIS,cr3,72083990,N,7.453,94629456,MATCHED
2000,R_HR_CO,Hot Rolled Black Coil,26DJ0329R0,27.335,2001,2.2,1230,0011000144,JSW Vijayanagar Metallics Limited,26256499,5000098780,4600000285,30,04-04-26,101,HRC,COIL,11513:2017,BIS,cr3,72083990,N,7.453,55010373,MATCHED
2000,R_HR_CO,Hot Rolled Black Coil,26DJ0330R0,27.975,2001,2.8,1260,0011000144,JSW Vijayanagar Metallics Limited,26256606,5000098781,4600000287,90,30-04-26,101,HRC,COIL,11513:2017,BIS,cr2,72083990,N,7.453,79862709,MATCHED
2000,R_HR>3MM_CO,Hot Rolled Black Coil 3mm & Above,26DJ0331R0,20.485,2001,3.6,1260,0011000144,JSW Vijayanagar Metallics Limited,26254769,5000098783,4600000287,140,30-04-26,101,HRC,COIL,11513:2017,BIS,cr2,72083890,N,7.453,94478471,MATCHED
2000,R_HR_CO,Hot Rolled Black Coil,26DJ0332R0,27.24,2001,2.2,1230,0011000144,JSW Vijayanagar Metallics Limited,26256507,5000098785,4600000285,30,04-04-26,101,HRC,COIL,11513:2017,BIS,cr3,72083990,N,7.453,52806850,MATCHED
2000,R_HR>3MM_CO,Hot Rolled Black Coil 3mm & Above,26DJ0333R0,27.425,2001,3,1230,0011000144,JSW Vijayanagar Metallics Limited,26256451,5000098787,4600000287,110,30-04-26,101,HRC,COIL,11513:2017,BIS,cr2,72083890,N,7.453,74747273,MATCHED
2000,R_HR>3MM_CO,Hot Rolled Black Coil 3mm & Above,26DJ0334R0,27.045,2001,3.6,1260,0011000144,JSW Vijayanagar Metallics Limited,26256374,5000098788,4600000287,140,30-04-26,101,HRC,COIL,11513:2017,BIS,cr2,72083890,N,7.453,66778255,MATCHED
2000,R_HR>3MM_CO,Hot Rolled Black Coil 3mm & Above,26DJ0335R0,27.24,2001,3,1260,0011000144,JSW Vijayanagar Metallics Limited,26256602,5000098789,4600000287,210,30-04-26,101,HRC,COIL,11513:2017,BIS,cr2,72083890,N,7.453,16885263,MATCHED
2000,R_HR>3MM_CO,Hot Rolled Black Coil 3mm & Above,26DJ0336R0,24.425,2001,3.6,1260,0011000144,JSW Vijayanagar Metallics Limited,26253679,5000098791,4600000287,140,30-04-26,101,HRC,COIL,11513:2017,BIS,cr2,72083890,N,7.453,56766032,MATCHED
2000,R_HR>3MM_CO,Hot Rolled Black Coil 3mm & Above,26DJ0337R0,27.28,2001,3.6,1260,0011000144,JSW Vijayanagar Metallics Limited,26256375,5000098792,4600000287,140,30-04-26,101,HRC,COIL,11513:2017,BIS,cr2,72083890,N,7.453,51338282,MATCHED
2000,R_HR_CO,Hot Rolled Black Coil,26DJ0338R0,30.575,2001,2.8,1500,0011000144,JSW Vijayanagar Metallics Limited,26256665,5000098793,4600000287,180,30-04-26,101,HRC,COIL,11513:2017,BIS,cr3,72083990,N,7.453,10863353,MATCHED
2000,R_HR_CO,Hot Rolled Black Coil,26DJ0339R0,27.235,2001,2.2,1230,0011000144,JSW Vijayanagar Metallics Limited,26256539,5000098794,4600000285,30,04-04-26,101,HRC,COIL,11513:2017,BIS,cr3,72083990,N,7.453,78751613,MATCHED
2000,R_HR>3MM_CO,Hot Rolled Black Coil 3mm & Above,26DJ0340R0,27.435,2001,3.6,1260,0011000144,JSW Vijayanagar Metallics Limited,26256379,5000098795,4600000287,140,30-04-26,101,HRC,COIL,11513:2017,BIS,cr2,72083890,N,7.453,65980360,MATCHED
2000,R_HR_CO,Hot Rolled Black Coil,26DJ0341R0,28.055,2001,2.8,1260,0011000144,JSW Vijayanagar Metallics Limited,26256607,5000098797,4600000287,90,30-04-26,101,HRC,COIL,11513:2017,BIS,cr2,72083990,N,7.453,97311362,MATCHED
2000,R_HR_CO,Hot Rolled Black Coil,26DJ0342R0,27.205,2001,2.8,1260,0011000144,JSW Vijayanagar Metallics Limited,26256605,5000098798,4600000287,90,30-04-26,101,HRC,COIL,11513:2017,BIS,cr2,72083990,N,7.453,24997511,MATCHED
2000,R_HR_CO,Hot Rolled Black Coil,26DJ0343R0,27.385,2001,2.2,1230,0011000144,JSW Vijayanagar Metallics Limited,26256498,5000098813,4600000285,30,04-04-26,101,HRC,COIL,11513:2017,BIS,cr3,72083990,N,7.453,31499792,MATCHED
2000,R_HR_CO,Hot Rolled Black Coil,26DJ0344R0,27.345,2001,2.2,1230,0011000144,JSW Vijayanagar Metallics Limited,26256479,5000098814,4600000285,30,04-04-26,101,HRC,COIL,11513:2017,BIS,cr3,72083990,N,7.453,33812946,MATCHED
2000,R_HR_CO,Hot Rolled Black Coil,26DJ0345R0,27.36,2001,2.2,1230,0011000144,JSW Vijayanagar Metallics Limited,26256495,5000098817,4600000285,30,04-04-26,101,HRC,COIL,11513:2017,BIS,cr3,72083990,N,7.453,16527889,MATCHED
2000,R_HR>3MM_CO,Hot Rolled Black Coil 3mm & Above,26DJ0346R0,27.335,2001,3.6,1260,0011000144,JSW Vijayanagar Metallics Limited,26256376,5000098819,4600000287,140,30-04-26,101,HRC,COIL,11513:2017,BIS,cr2,72083890,N,7.453,75952671,MATCHED
2000,R_HR>3MM_CO,Hot Rolled Black Coil 3mm & Above,26DJ0347R0,27.285,2001,3,1230,0011000144,JSW Vijayanagar Metallics Limited,26256459,5000098820,4600000287,110,30-04-26,101,HRC,COIL,11513:2017,BIS,cr2,72083890,N,7.453,41306362,MATCHED
2000,R_HR>3MM_CO,Hot Rolled Black Coil 3mm & Above,26DJ0348R0,27.29,2001,3.6,1260,0011000144,JSW Vijayanagar Metallics Limited,26256464,5000098821,4600000287,140,30-04-26,101,HRC,COIL,11513:2017,BIS,cr2,72083890,N,7.453,54451193,MATCHED
2000,R_HR>3MM_CO,Hot Rolled Black Coil 3mm & Above,26DJ0349R0,27.42,2001,3,1260,0011000144,JSW Vijayanagar Metallics Limited,26256603,5000098822,4600000287,210,30-04-26,101,HRC,COIL,11513:2017,BIS,cr2,72083890,N,7.453,32036497,MATCHED
2000,R_HR_CO,Hot Rolled Black Coil,26DJ0350R0,27.415,2001,2.5,1230,0011000144,JSW Vijayanagar Metallics Limited,26256481,5000098824,4600000285,40,04-04-26,101,HRC,COIL,11513:2017,BIS,cr3,72083990,N,7.453,39839770,MATCHED
2000,R_HR_CO,Hot Rolled Black Coil,26DJ0351R0,26.835,2001,2.2,1230,0011000144,JSW Vijayanagar Metallics Limited,26252938,5000098829,4600000285,30,04-04-26,101,HRC,COIL,11513:2017,BIS,cr3,72083990,N,7.453,84900413,MATCHED
2000,R_HR_CO,Hot Rolled Black Coil,26DJ0352R0,27.235,2001,2.8,1260,0011000144,JSW Vijayanagar Metallics Limited,26256604,5000098832,4600000287,190,30-04-26,101,HRC,COIL,11513:2017,BIS,cr2,72083990,N,7.453,77552857,MATCHED
2000,R_HR_CO,Hot Rolled Black Coil,26DJ0353R0,29.285,2001,2.2,1230,0011000144,JSW Vijayanagar Metallics Limited,26253064,5000098833,4600000285,30,04-04-26,101,HRC,COIL,11513:2017,BIS,cr3,72083990,N,7.453,53098802,MATCHED
2000,R_HR>3MM_CO,Hot Rolled Black Coil 3mm & Above,26DJ0354R0,27.23,2001,3,1260,0011000144,JSW Vijayanagar Metallics Limited,26256601,5000098834,4600000285,120,04-04-26,101,HRC,COIL,11513:2017,BIS,cr2,72083890,N,7.453,62412930,MATCHED
2000,R_HR>3MM_CO,Hot Rolled Black Coil 3mm & Above,26DJ0355R0,27.48,2001,3.6,1260,0011000144,JSW Vijayanagar Metallics Limited,26256398,5000098835,4600000287,140,30-04-26,101,HRC,COIL,11513:2017,BIS,cr2,72083890,N,7.453,43204463,MATCHED
2000,R_HR>3MM_CO,Hot Rolled Black Coil 3mm & Above,26DJ0356R0,27.38,2001,3.6,1260,0011000144,JSW Vijayanagar Metallics Limited,26256399,5000098836,4600000287,140,30-04-26,101,HRC,COIL,11513:2017,BIS,cr2,72083890,N,7.453,46129757,MATCHED
2000,R_HR_CO,Hot Rolled Black Coil,26DJ0357R0,27.37,2001,2.2,1230,0011000144,JSW Vijayanagar Metallics Limited,26256501,5000098838,4600000285,30,04-04-26,101,HRC,COIL,11513:2017,BIS,cr3,72083990,N,7.453,30834912,MATCHED
2000,R_HR>3MM_CO,Hot Rolled Black Coil 3mm & Above,26DJ0358R0,27.47,2001,3,1230,0011000144,JSW Vijayanagar Metallics Limited,26256453,5000098839,4600000287,110,30-04-26,101,HRC,COIL,11513:2017,BIS,cr2,72083890,N,7.453,43741442,MATCHED
2000,R_HR_CO,Hot Rolled Black Coil,26DJ0359R0,27.495,2001,2.2,1230,0011000144,JSW Vijayanagar Metallics Limited,26256441,5000098844,4600000285,30,04-04-26,101,HRC,COIL,11513:2017,BIS,cr3,72083990,N,7.453,92580161,MATCHED
2000,R_HR_CO,Hot Rolled Black Coil,26DJ0360R0,27.44,2001,2.2,1230,0011000144,JSW Vijayanagar Metallics Limited,26256488,5000098846,4600000285,30,04-04-26,101,HRC,COIL,11513:2017,BIS,cr3,72083990,N,7.453,71988276,MATCHED
2000,R_HR>3MM_CO,Hot Rolled Black Coil 3mm & Above,26DJ0361R0,24.36,2001,3.6,1260,0011000144,JSW Vijayanagar Metallics Limited,26256402,5000098858,4600000287,140,30-04-26,101,HRC,COIL,11513:2017,BIS,cr2,72083890,N,7.453,67592342,MATCHED
2000,R_HR>3MM_CO,Hot Rolled Black Coil 3mm & Above,26DJ0362R0,27.325,2001,3,1230,0011000144,JSW Vijayanagar Metallics Limited,26256456,5000098860,4600000287,110,30-04-26,101,HRC,COIL,11513:2017,BIS,cr2,72083890,N,7.453,78497291,MATCHED
2000,R_HR>3MM_CO,Hot Rolled Black Coil 3mm & Above,26DJ0363R0,27.37,2001,3.6,1260,0011000144,JSW Vijayanagar Metallics Limited,26256377,5000098861,4600000287,140,30-04-26,101,HRC,COIL,11513:2017,BIS,cr2,72083890,N,7.453,56371966,MATCHED
2000,R_HR_CO,Hot Rolled Black Coil,26DJ0364R0,27.415,2001,2.2,1230,0011000144,JSW Vijayanagar Metallics Limited,26256492,5000098862,4600000285,30,04-04-26,101,HRC,COIL,11513:2017,BIS,cr3,72083990,N,7.453,68234675,MATCHED
2000,R_HR>3MM_CO,Hot Rolled Black Coil 3mm & Above,26DJ0365R0,27.45,2001,3,1230,0011000144,JSW Vijayanagar Metallics Limited,26256452,5000098864,4600000287,110,30-04-26,101,HRC,COIL,11513:2017,BIS,cr2,72083890,N,7.453,22822309,MATCHED
2000,R_HR_CO,Hot Rolled Black Coil,26DJ0366R0,27.54,2001,2.5,1230,0011000144,JSW Vijayanagar Metallics Limited,26254584,5000098865,4600000285,40,04-04-26,101,HRC,COIL,11513:2017,BIS,cr3,72083990,N,7.453,53890658,MATCHED
2000,R_HR>3MM_CO,Hot Rolled Black Coil 3mm & Above,26DJ0367R0,27.305,2001,3.6,1260,0011000144,JSW Vijayanagar Metallics Limited,26256466,5000098866,4600000287,140,30-04-26,101,HRC,COIL,11513:2017,BIS,cr2,72083890,N,7.453,60162726,MATCHED
2000,R_HR_CO,Hot Rolled Black Coil,26DJ0368R0,27.365,2001,2.2,1230,0011000144,JSW Vijayanagar Metallics Limited,26256440,5000098868,4600000285,30,04-04-26,101,HRC,COIL,11513:2017,BIS,cr3,72083990,N,7.453,64025701,MATCHED
2000,R_HR>3MM_CO,Hot Rolled Black Coil 3mm & Above,26DJ0369R0,27.295,2001,3,1230,0011000144,JSW Vijayanagar Metallics Limited,26256455,5000098879,4600000287,110,30-04-26,101,HRC,COIL,11513:2017,BIS,cr2,72083890,N,7.453,11847660,MATCHED
2000,R_HR>3MM_CO,Hot Rolled Black Coil 3mm & Above,26DJ0370R0,27.315,2001,3,1265,0011000144,JSW Vijayanagar Metallics Limited,26252883,5000098897,4600000288,40,25-04-26,101,HRC,COIL,11513:2017,BIS,cr3,72083890,N,7.453,76613718,MATCHED
2000,R_HR_CO,Hot Rolled Black Coil,26DJ0371R0,26.575,2001,2.8,1265,0011000144,JSW Vijayanagar Metallics Limited,26253792,5000098898,4600000288,10,25-04-26,101,HRC,COIL,11513:2017,BIS,cr3,72083990,N,7.453,36500575,MATCHED
2000,R_HR_CO,Hot Rolled Black Coil,26DJ0372R0,29.12,2001,2.8,1510,0011000144,JSW Vijayanagar Metallics Limited,26236781,5000098899,4600000288,20,25-04-26,101,HRC,COIL,11513:2017,BIS,cr3,72083990,N,7.453,57828795,MATCHED
2000,R_HR>3MM_CO,Hot Rolled Black Coil 3mm & Above,26DJ0373R0,25.415,2001,3,1265,0011000144,JSW Vijayanagar Metallics Limited,26253091,5000098900,4600000288,40,25-04-26,101,HRC,COIL,11513:2017,BIS,cr3,72083890,N,7.453,34993755,MATCHED
2000,R_HR>3MM_CO,Hot Rolled Black Coil 3mm & Above,26DJ0374R0,27.36,2001,3,1265,0011000144,JSW Vijayanagar Metallics Limited,26252871,5000098902,4600000288,40,25-04-26,101,HRC,COIL,11513:2017,BIS,cr3,72083890,N,7.453,55435776,MATCHED
2000,R_HR>3MM_CO,Hot Rolled Black Coil 3mm & Above,26DJ0375R0,27.49,2001,3,1265,0011000144,JSW Vijayanagar Metallics Limited,26243844,5000098906,4600000288,40,25-04-26,101,HRC,COIL,11513:2017,BIS,cr3,72083890,N,7.453,98563186,MATCHED
2000,R_HR>3MM_CO,Hot Rolled Black Coil 3mm & Above,26DJ0376R0,25.425,2001,3,1265,0011000144,JSW Vijayanagar Metallics Limited,26253093,5000098907,4600000288,40,25-04-26,101,HRC,COIL,11513:2017,BIS,cr3,72083890,N,7.453,37368000,MATCHED
2000,R_HR>3MM_CO,Hot Rolled Black Coil 3mm & Above,26DJ0377R0,27.465,2001,3,1265,0011000144,JSW Vijayanagar Metallics Limited,26253003,5000098908,4600000288,40,25-04-26,101,HRC,COIL,11513:2017,BIS,cr3,72083890,N,7.453,51576582,MATCHED
2000,R_HR_CO,Hot Rolled Black Coil,26DT0013R0,28.49,2001,2.2,1230,0011000082,TATA STEEL LTD,268093090,5000097189,4600000274,100,10-03-26,101,HRC,COIL,11513:2017,BIS,cr3,72083990,N,7.453,60841759,MATCHED
2000,R_HR_CO,Hot Rolled Black Coil,26DT0014R0,28.51,2001,2,1235,0011000082,TATA STEEL LTD,268092094,5000097223,4600000269,30,07-03-26,101,HRC,COIL,11513:2017,BIS,cr3,72083990,N,7.453,87579689,MATCHED
2000,R_HR_CO,Hot Rolled Black Coil,26DT0015R0,26.96,2001,2.5,1230,0011000082,TATA STEEL LTD,268099099,5000097272,4600000269,70,10-03-26,101,HRC,COIL,11513:2017,BIS,cr3,72083990,N,7.453,60133038,MATCHED
2000,R_HR_CO,Hot Rolled Black Coil,26DT0016R0,27.31,2001,2.2,1230,0011000082,TATA STEEL LTD,268004045,5000097542,4600000269,20,07-03-26,101,HRC,COIL,11513:2017,BIS,cr3,72083990,N,7.453,14957217,MATCHED
2000,R_HR_CO,Hot Rolled Black Coil,26DT0017R0,27.67,2001,2.2,1230,0011000082,TATA STEEL LTD,268092084,5000097546,4600000269,20,07-03-26,101,HRC,COIL,11513:2017,BIS,cr3,72083990,N,7.453,65872410,MATCHED
2000,R_HR_CO,Hot Rolled Black Coil,26DT0076R0,26.53,2001,2.5,1230,0011000082,TATA STEEL LTD,268204104,5000097984,4600000282,30,04-04-26,101,HRC,COIL,11513:2017,BIS,cr3,72083990,N,7.453,48712301,MATCHED
2000,R_HR_CO,Hot Rolled Black Coil,26DT0077R0,23.86,2001,2.5,1230,0011000082,TATA STEEL LTD,268208051,5000097989,4600000282,30,04-04-26,101,HRC,COIL,11513:2017,BIS,cr3,72083990,N,7.453,51016340,MATCHED
2000,R_HR_CO,Hot Rolled Black Coil,26DT0078R0,23.84,2001,2.5,1230,0011000082,TATA STEEL LTD,268208050,5000097989,4600000282,30,04-04-26,101,HRC,COIL,11513:2017,BIS,cr3,72083990,N,7.453,91534700,MATCHED
2000,R_HR_CO,Hot Rolled Black Coil,26DT0378R0,28.83,2001,2,1235,0011000082,TATA STEEL LTD,268235088,5000098911,4600000282,10,04-04-26,101,HRC,COIL,11513:2017,BIS,cr3,72083990,N,7.453,63769109,MATCHED
2000,R_HR_CO,Hot Rolled Black Coil,26DT0379R0,28.85,2001,2,1235,0011000082,TATA STEEL LTD,268236110,5000098912,4600000282,10,04-04-26,101,HRC,COIL,11513:2017,BIS,cr3,72083990,N,7.453,92779670,MATCHED
2000,R_HR_CO,Hot Rolled Black Coil,26DT0380R0,28.87,2001,2,1235,0011000082,TATA STEEL LTD,268238071,5000098915,4600000282,10,04-04-26,101,HRC,COIL,11513:2017,BIS,cr3,72083990,N,7.453,61159696,MATCHED
2000,R_HR_CO,Hot Rolled Black Coil,26DT0381R0,28.78,2001,2,1235,0011000082,TATA STEEL LTD,268238072,5000098917,4600000282,10,04-04-26,101,HRC,COIL,11513:2017,BIS,cr3,72083990,N,7.453,60280579,MATCHED
2000,R_HR_CO,Hot Rolled Black Coil,26DT0382R0,28.94,2001,2,1235,0011000082,TATA STEEL LTD,268236105,5000098918,4600000282,10,04-04-26,101,HRC,COIL,11513:2017,BIS,cr3,72083990,N,7.453,54292273,MATCHED
2000,R_HR_CO,Hot Rolled Black Coil,26DT0383R0,28.95,2001,2.2,1230,0011000082,TATA STEEL LTD,268238084,5000098920,4600000282,20,04-04-26,101,HRC,COIL,11513:2017,BIS,cr3,72083990,N,7.453,60222304,MATCHED
2000,R_HR_CO,Hot Rolled Black Coil,26DT0384R0,28.72,2001,2.2,1230,0011000082,TATA STEEL LTD,268238063,5000098921,4600000282,20,04-04-26,101,HRC,COIL,11513:2017,BIS,cr3,72083990,N,7.453,26594961,MATCHED
2000,R_HR_CO,Hot Rolled Black Coil,26DT0385R0,28.96,2001,2.2,1230,0011000082,TATA STEEL LTD,268238062,5000098922,4600000282,20,04-04-26,101,HRC,COIL,11513:2017,BIS,cr3,72083990,N,7.453,14888832,MATCHED
2000,R_HR_CO,Hot Rolled Black Coil,26DT0386R0,28.82,2001,2.5,1230,0011000082,TATA STEEL LTD,268238055,5000098941,4600000282,30,04-04-26,101,HRC,COIL,11513:2017,BIS,cr3,72083990,N,7.453,71831593,MATCHED
2000,R_HR_CO,Hot Rolled Black Coil,26DT0387R0,28.67,2001,2,1235,0011000082,TATA STEEL LTD,268238073,5000098942,4600000282,10,04-04-26,101,HRC,COIL,11513:2017,BIS,cr3,72083990,N,7.453,50110818,MATCHED
2000,R_HR_CO,Hot Rolled Black Coil,26DT0388R0,28.84,2001,2.5,1230,0011000082,TATA STEEL LTD,268238074,5000098943,4600000282,30,04-04-26,101,HRC,COIL,11513:2017,BIS,cr3,72083990,N,7.453,38901915,MATCHED
2000,R_HR_CO,Hot Rolled Black Coil,26DT0389R0,28.97,2001,2.5,1230,0011000082,TATA STEEL LTD,268238075,5000098947,4600000282,30,04-04-26,101,HRC,COIL,11513:2017,BIS,cr3,72083990,N,7.453,33107623,MATCHED
2000,R_HR_CO,Hot Rolled Black Coil,26DT0390R0,28.65,2001,2.5,1230,0011000082,TATA STEEL LTD,268238076,5000098948,4600000282,30,04-04-26,101,HRC,COIL,11513:2017,BIS,cr3,72083990,N,7.453,89626928,MATCHED
2000,R_HR_CO,Hot Rolled Black Coil,26DT0391R0,28.93,2001,2.2,1235,0011000082,TATA STEEL LTD,268235053,5000098949,4600000286,50,23-04-26,101,HRC,COIL,11513:2017,BIS,cr3,72083990,N,7.453,80570098,MATCHED
2000,R_HR_CO,Hot Rolled Black Coil,26DT0392R0,28.92,2001,2.2,1235,0011000082,TATA STEEL LTD,268235052,5000098950,4600000286,40,23-04-26,101,HRC,COIL,11513:2017,BIS,cr3,72083990,N,7.453,62520541,MATCHED
2000,R_HR_CO,Hot Rolled Black Coil,26DT0393R0,28.7,2001,2.2,1230,0011000082,TATA STEEL LTD,268238060,5000098953,4600000282,20,04-04-26,101,HRC,COIL,11513:2017,BIS,cr3,72083990,N,7.453,16809798,MATCHED
2000,R_HR_CO,Hot Rolled Black Coil,26DT0394R0,28.7,2001,2,1235,0011000082,TATA STEEL LTD,268235082,5000098954,4600000282,10,04-04-26,101,HRC,COIL,11513:2017,BIS,cr3,72083990,N,7.453,66537214,MATCHED
2000,R_HR_CO,Hot Rolled Black Coil,26DT0395R0,28.95,2001,2,1235,0011000082,TATA STEEL LTD,268236093,5000098957,4600000282,10,04-04-26,101,HRC,COIL,11513:2017,BIS,cr3,72083990,N,7.453,80862539,MATCHED
2000,R_HR_CO,Hot Rolled Black Coil,26DT0396R0,28.87,2001,2,1235,0011000082,TATA STEEL LTD,268236098,5000098958,4600000282,10,04-04-26,101,HRC,COIL,11513:2017,BIS,cr3,72083990,N,7.453,49498544,MATCHED
2000,R_HR_CO,Hot Rolled Black Coil,26DT0397R0,28.68,2001,2,1235,0011000082,TATA STEEL LTD,268236097,5000098959,4600000282,10,04-04-26,101,HRC,COIL,11513:2017,BIS,cr3,72083990,N,7.453,58607426,MATCHED
2000,R_HR_CO,Hot Rolled Black Coil,26DT0398R0,28.81,2001,2.5,1230,0011000082,TATA STEEL LTD,268237107,5000098960,4600000282,30,04-04-26,101,HRC,COIL,11513:2017,BIS,cr3,72083990,N,7.453,60404782,MATCHED
2000,R_HR_CO,Hot Rolled Black Coil,26DT0399R0,28.63,2001,2,1235,0011000082,TATA STEEL LTD,268235081,5000098963,4600000282,10,04-04-26,101,HRC,COIL,11513:2017,BIS,cr3,72083990,N,7.453,51665597,MATCHED
2000,R_HR_CO,Hot Rolled Black Coil,26DT0400R0,28.79,2001,2.5,1230,0011000082,TATA STEEL LTD,268237106,5000098964,4600000282,30,04-04-26,101,HRC,COIL,11513:2017,BIS,cr3,72083990,N,7.453,76929243,MATCHED
2000,R_HR_CO,Hot Rolled Black Coil,26DT0401R0,28.64,2001,2.2,1230,0011000082,TATA STEEL LTD,268235077,5000098965,4600000282,20,04-04-26,101,HRC,COIL,11513:2017,BIS,cr3,72083990,N,7.453,41637060,MATCHED
2000,R_HR_CO,Hot Rolled Black Coil,26DT0402R0,28.51,2001,2,1235,0011000082,TATA STEEL LTD,268235085,5000098966,4600000282,10,04-04-26,101,HRC,COIL,11513:2017,BIS,cr3,72083990,N,7.453,42706423,MATCHED
2000,R_HR_CO,Hot Rolled Black Coil,26DT0403R0,28.98,2001,2.2,1230,0011000082,TATA STEEL LTD,268235078,5000098967,4600000282,20,04-04-26,101,HRC,COIL,11513:2017,BIS,cr3,72083990,N,7.453,59583741,MATCHED
2000,R_HR_CO,Hot Rolled Black Coil,26DT0404R0,27.54,2001,2,1235,0011000082,TATA STEEL LTD,268235060,5000098968,4600000282,10,04-04-26,101,HRC,COIL,11513:2017,BIS,cr3,72083990,N,7.453,42824069,MATCHED
2000,R_HR_CO,Hot Rolled Black Coil,26DT0405R0,28.75,2001,2,1235,0011000082,TATA STEEL LTD,268235067,5000098969,4600000282,10,04-04-26,101,HRC,COIL,11513:2017,BIS,cr3,72083990,N,7.453,28059057,MATCHED
2000,R_HR_CO,Hot Rolled Black Coil,26DT0406R0,28.87,2001,2.2,1230,0011000082,TATA STEEL LTD,268237113,5000098970,4600000282,20,04-04-26,101,HRC,COIL,11513:2017,BIS,cr3,72083990,N,7.453,90212654,MATCHED
2000,R_HR_CO,Hot Rolled Black Coil,26DT0407R0,28.82,2001,2,1235,0011000082,TATA STEEL LTD,268235058,5000098971,4600000286,10,13-04-26,101,HRC,COIL,11513:2017,BIS,cr3,72083990,N,7.453,71885936,MATCHED
2000,R_HR_CO,Hot Rolled Black Coil,26DT0408R0,28.83,2001,2.2,1235,0011000082,TATA STEEL LTD,268235057,5000098972,4600000286,40,23-04-26,101,HRC,COIL,11513:2017,BIS,cr3,72083990,N,7.453,31124408,MATCHED
2000,R_HR_CO,Hot Rolled Black Coil,26DT0409R0,28.79,2001,2,1235,0011000082,TATA STEEL LTD,268235059,5000098973,4600000282,10,04-04-26,101,HRC,COIL,11513:2017,BIS,cr3,72083990,N,7.453,60352835,MATCHED
2000,R_HR_CO,Hot Rolled Black Coil,26DT0410R0,28.78,2001,2,1235,0011000082,TATA STEEL LTD,268235063,5000098974,4600000282,10,04-04-26,101,HRC,COIL,11513:2017,BIS,cr3,72083990,N,7.453,72790713,MATCHED
2000,R_HR_CO,Hot Rolled Black Coil,26DT0411R0,28.69,2001,2,1235,0011000082,TATA STEEL LTD,268235065,5000098975,4600000282,10,04-04-26,101,HRC,COIL,11513:2017,BIS,cr3,72083990,N,7.453,31814303,MATCHED
2000,R_HR_CO,Hot Rolled Black Coil,26DT0412R0,28.61,2001,2,1235,0011000082,TATA STEEL LTD,268235062,5000098976,4600000282,10,04-04-26,101,HRC,COIL,11513:2017,BIS,cr3,72083990,N,7.453,67269252,MATCHED
2000,R_HR_CO,Hot Rolled Black Coil,26DT0413R0,28.43,2001,2.2,1235,0011000082,TATA STEEL LTD,268235054,5000098977,4600000286,50,23-04-26,101,HRC,COIL,11513:2017,BIS,cr3,72083990,N,7.453,24673884,MATCHED
2000,R_HR_CO,Hot Rolled Black Coil,26DT0414R0,21.49,2001,2.5,1230,0011000082,TATA STEEL LTD,268238054,5000098980,4600000282,30,04-04-26,101,HRC,COIL,11513:2017,BIS,cr3,72083990,N,7.453,24159643,MATCHED
2000,R_HR_CO,Hot Rolled Black Coil,26DT0415R0,23.85,2001,2.5,1230,0011000082,TATA STEEL LTD,268247089,5000098980,4600000282,20,04-04-26,101,HRC,COIL,11513:2017,BIS,cr3,72083990,N,7.453,79017663,MATCHED
2000,R_HR_CO,Hot Rolled Black Coil,26DT0416R0,28.75,2001,2,1235,0011000082,TATA STEEL LTD,268236094,5000099003,4600000282,10,04-04-26,101,HRC,COIL,11513:2017,BIS,cr3,72083990,N,7.453,25824735,MATCHED
2000,R_HR_CO,Hot Rolled Black Coil,26DT0417R0,28.92,2001,2.5,1230,0011000082,TATA STEEL LTD,268237104,5000099007,4600000282,30,04-04-26,101,HRC,COIL,11513:2017,BIS,cr3,72083990,N,7.453,67665699,MATCHED
2000,R_HR_CO,Hot Rolled Black Coil,26DT0418R0,28.82,2001,2,1235,0011000082,TATA STEEL LTD,268236090,5000099008,4600000282,10,04-04-26,101,HRC,COIL,11513:2017,BIS,cr3,72083990,N,7.453,11499566,MATCHED
2000,R_HR_CO,Hot Rolled Black Coil,26DT0419R0,28.66,2001,2,1235,0011000082,TATA STEEL LTD,268236095,5000099011,4600000282,10,04-04-26,101,HRC,COIL,11513:2017,BIS,cr3,72083990,N,7.453,29705062,MATCHED
2000,R_HR_CO,Hot Rolled Black Coil,26DT0420R0,28.78,2001,2.5,1230,0011000082,TATA STEEL LTD,268242081,5000099013,4600000282,30,04-04-26,101,HRC,COIL,11513:2017,BIS,cr3,72083990,N,7.453,25047701,MATCHED
2000,R_HR_CO,Hot Rolled Black Coil,26DT0421R0,28.57,2001,2.2,1230,0011000082,TATA STEEL LTD,268236085,5000099015,4600000282,20,04-04-26,101,HRC,COIL,11513:2017,BIS,cr3,72083990,N,7.453,90525711,MATCHED
2000,R_HR_CO,Hot Rolled Black Coil,26DT0422R0,28.86,2001,2.2,1230,0011000082,TATA STEEL LTD,268237109,5000099017,4600000282,20,04-04-26,101,HRC,COIL,11513:2017,BIS,cr3,72083990,N,7.453,98036558,MATCHED
2000,R_HR_CO,Hot Rolled Black Coil,26DT0423R0,28.69,2001,2,1235,0011000082,TATA STEEL LTD,268236093,5000099018,4600000282,10,04-04-26,101,HRC,COIL,11513:2017,BIS,cr3,72083990,N,7.453,39385941,MATCHED
2000,R_HR_CO,Hot Rolled Black Coil,26DT0424R0,28.73,2001,2.2,1230,0011000082,TATA STEEL LTD,268237116,5000099023,4600000282,20,04-04-26,101,HRC,COIL,11513:2017,BIS,cr3,72083990,N,7.453,95338367,MATCHED
2000,R_HR_CO,Hot Rolled Black Coil,26DT0425R0,28.78,2001,2.2,1230,0011000082,TATA STEEL LTD,268237117,5000099024,4600000282,20,04-04-26,101,HRC,COIL,11513:2017,BIS,cr3,72083990,N,7.453,21030924,MATCHED
2000,R_HR_CO,Hot Rolled Black Coil,26DT0426R0,28.81,2001,2,1235,0011000082,TATA STEEL LTD,268236091,5000099025,4600000282,10,04-04-26,101,HRC,COIL,11513:2017,BIS,cr3,72083990,N,7.453,12598756,MATCHED
2000,R_HR_CO,Hot Rolled Black Coil,26DT0427R0,28.82,2001,2.5,1230,0011000082,TATA STEEL LTD,268236084,5000099027,4600000282,30,04-04-26,101,HRC,COIL,11513:2017,BIS,cr3,72083990,N,7.453,68294377,MATCHED
2000,R_HR_CO,Hot Rolled Black Coil,26DT0428R0,28.62,2001,2.2,1230,0011000082,TATA STEEL LTD,268237115,5000099029,4600000282,20,04-04-26,101,HRC,COIL,11513:2017,BIS,cr3,72083990,N,7.453,61697124,MATCHED
2000,R_HR_CO,Hot Rolled Black Coil,26DT0429R0,28.76,2001,2.2,1230,0011000082,TATA STEEL LTD,268237111,5000099030,4600000282,20,04-04-26,101,HRC,COIL,11513:2017,BIS,cr3,72083990,N,7.453,40977021,MATCHED
2000,R_HR_CO,Hot Rolled Black Coil,26DT0430R0,28.81,2001,2.2,1230,0011000082,TATA STEEL LTD,268238065,5000099037,4600000282,20,04-04-26,101,HRC,COIL,11513:2017,BIS,cr3,72083990,N,7.453,99619031,MATCHED
2000,R_HR_CO,Hot Rolled Black Coil,26DT0431R0,29.01,2001,2.2,1230,0011000082,TATA STEEL LTD,268238079,5000099038,4600000282,20,04-04-26,101,HRC,COIL,11513:2017,BIS,cr3,72083990,N,7.453,64931190,MATCHED
2000,R_HR_CO,Hot Rolled Black Coil,26DT0432R0,28.81,2001,2,1235,0011000082,TATA STEEL LTD,268235089,5000099039,4600000282,10,04-04-26,101,HRC,COIL,11513:2017,BIS,cr3,72083990,N,7.453,61196055,MATCHED
2000,R_HR_CO,Hot Rolled Black Coil,26DT0433R0,28.77,2001,2.2,1230,0011000082,TATA STEEL LTD,268236103,5000099041,4600000282,20,04-04-26,101,HRC,COIL,11513:2017,BIS,cr3,72083990,N,7.453,17838108,MATCHED
2000,R_HR_CO,Hot Rolled Black Coil,26DT0434R0,28.68,2001,2.2,1230,0011000082,TATA STEEL LTD,268238083,5000099042,4600000282,20,04-04-26,101,HRC,COIL,11513:2017,BIS,cr3,72083990,N,7.453,87079277,MATCHED
2000,R_HR_CO,Hot Rolled Black Coil,26DT0435R0,28.74,2001,2.5,1230,0011000082,TATA STEEL LTD,268236083,5000099043,4600000282,30,04-04-26,101,HRC,COIL,11513:2017,BIS,cr3,72083990,N,7.453,58398879,MATCHED
2000,R_HR_CO,Hot Rolled Black Coil,26DT0436R0,28.57,2001,2,1235,0011000082,TATA STEEL LTD,268236108,5000099044,4600000282,10,04-04-26,101,HRC,COIL,11513:2017,BIS,cr3,72083990,N,7.453,78686925,MATCHED
2000,R_HR_CO,Hot Rolled Black Coil,26DT0437R0,29.06,2001,2.5,1230,0011000082,TATA STEEL LTD,268238057,5000099045,4600000282,30,04-04-26,101,HRC,COIL,11513:2017,BIS,cr3,72083990,N,7.453,38647478,MATCHED
2000,R_HR_CO,Hot Rolled Black Coil,26DT0438R0,28.56,2001,2.2,1230,0011000082,TATA STEEL LTD,268236086,5000099046,4600000282,20,04-04-26,101,HRC,COIL,11513:2017,BIS,cr3,72083990,N,7.453,74622004,MATCHED
2000,R_HR_CO,Hot Rolled Black Coil,26DT0439R0,28.58,2001,2,1235,0011000082,TATA STEEL LTD,268236106,5000099047,4600000282,10,04-04-26,101,HRC,COIL,11513:2017,BIS,cr3,72083990,N,7.453,54589244,MATCHED
2000,R_HR_CO,Hot Rolled Black Coil,26DT0440R0,28.63,2001,2,1235,0011000082,TATA STEEL LTD,268236092,5000099048,4600000282,10,04-04-26,101,HRC,COIL,11513:2017,BIS,cr3,72083990,N,7.453,48330310,MATCHED
2000,R_HR_CO,Hot Rolled Black Coil,26DT0441R0,28.79,2001,2.2,1230,0011000082,TATA STEEL LTD,268237114,5000099049,4600000282,20,04-04-26,101,HRC,COIL,11513:2017,BIS,cr3,72083990,N,7.453,17876938,MATCHED
2000,R_HR_CO,Hot Rolled Black Coil,26DT0442R0,28.62,2001,2.5,1230,0011000082,TATA STEEL LTD,268237108,5000099050,4600000282,30,04-04-26,101,HRC,COIL,11513:2017,BIS,cr3,72083990,N,7.453,14074056,MATCHED
2000,R_HR_CO,Hot Rolled Black Coil,26DT0443R0,28.94,2001,2.5,1230,0011000082,TATA STEEL LTD,268242080,5000099051,4600000282,30,04-04-26,101,HRC,COIL,11513:2017,BIS,cr3,72083990,N,7.453,28282712,MATCHED
2000,R_HR_CO,Hot Rolled Black Coil,26DT0444R0,28.89,2001,2.2,1230,0011000082,TATA STEEL LTD,268237118,5000099052,4600000282,20,04-04-26,101,HRC,COIL,11513:2017,BIS,cr3,72083990,N,7.453,88653858,MATCHED
2000,R_HR_CO,Hot Rolled Black Coil,26DT0445R0,28.82,2001,2.2,1230,0011000082,TATA STEEL LTD,268237110,5000099053,4600000282,20,04-04-26,101,HRC,COIL,11513:2017,BIS,cr3,72083990,N,7.453,56106519,MATCHED
2000,R_HR_CO,Hot Rolled Black Coil,26DT0446R0,28.82,2001,2,1235,0011000082,TATA STEEL LTD,268236107,5000099054,4600000282,10,04-04-26,101,HRC,COIL,11513:2017,BIS,cr3,72083990,N,7.453,48158095,MATCHED
2000,R_HR_CO,Hot Rolled Black Coil,26DT0447R0,28.78,2001,2.2,1230,0011000082,TATA STEEL LTD,268235080,5000099057,4600000282,20,04-04-26,101,HRC,COIL,11513:2017,BIS,cr3,72083990,N,7.453,40092571,MATCHED
2000,R_HR_CO,Hot Rolled Black Coil,26DT0448R0,28.59,2001,2,1235,0011000082,TATA STEEL LTD,268236109,5000099059,4600000282,10,04-04-26,101,HRC,COIL,11513:2017,BIS,cr3,72083990,N,7.453,71037226,MATCHED
2000,R_HR_CO,Hot Rolled Black Coil,26DT0449R0,28.92,2001,2,1235,0011000082,TATA STEEL LTD,268235084,5000099060,4600000282,10,04-04-26,101,HRC,COIL,11513:2017,BIS,cr3,72083990,N,7.453,34360835,MATCHED
2000,R_HR_CO,Hot Rolled Black Coil,26DT0450R0,28.86,2001,2.2,1230,0011000082,TATA STEEL LTD,268238064,5000099061,4600000282,20,04-04-26,101,HRC,COIL,11513:2017,BIS,cr3,72083990,N,7.453,97291365,MATCHED
2000,R_HR_CO,Hot Rolled Black Coil,26DT0451R0,28.87,2001,2.2,1230,0011000082,TATA STEEL LTD,268238081,5000099062,4600000282,20,04-04-26,101,HRC,COIL,11513:2017,BIS,cr3,72083990,N,7.453,45468697,MATCHED
2000,R_HR_CO,Hot Rolled Black Coil,26DT0452R0,28.76,2001,2,1235,0011000082,TATA STEEL LTD,268238070,5000099063,4600000282,10,04-04-26,101,HRC,COIL,11513:2017,BIS,cr3,72083990,N,7.453,83075047,MATCHED
2000,R_HR_CO,Hot Rolled Black Coil,26DT0453R0,28.81,2001,2.5,1230,0011000082,TATA STEEL LTD,268238059,5000099064,4600000282,30,04-04-26,101,HRC,COIL,11513:2017,BIS,cr3,72083990,N,7.453,64904456,MATCHED
2000,R_HR_CO,Hot Rolled Black Coil,26DT0454R0,28.84,2001,2,1235,0011000082,TATA STEEL LTD,268235090,5000099066,4600000282,10,04-04-26,101,HRC,COIL,11513:2017,BIS,cr3,72083990,N,7.453,59267886,MATCHED
2000,R_HR_CO,Hot Rolled Black Coil,26DT0455R0,28.78,2001,2,1235,0011000082,TATA STEEL LTD,268238086,5000099085,4600000282,10,04-04-26,101,HRC,COIL,11513:2017,BIS,cr3,72083990,N,7.453,84887536,MATCHED
2000,R_HR_CO,Hot Rolled Black Coil,26DT0456R0,28.61,2001,2.2,1230,0011000082,TATA STEEL LTD,268235076,5000099086,4600000282,20,04-04-26,101,HRC,COIL,11513:2017,BIS,cr3,72083990,N,7.453,20504140,MATCHED
2000,R_HR_CO,Hot Rolled Black Coil,26DT0457R0,28.78,2001,2.2,1230,0011000082,TATA STEEL LTD,268235079,5000099088,4600000282,20,04-04-26,101,HRC,COIL,11513:2017,BIS,cr3,72083990,N,7.453,63259481,MATCHED
2000,R_HR_CO,Hot Rolled Black Coil,26DT0458R0,26.56,2001,2.5,1230,0011000082,TATA STEEL LTD,268236101B,5000099138,4600000286,30,13-04-26,101,HRC,COIL,11513:2017,BIS,cr3,72083990,N,7.453,31101426,MATCHED
2000,R_HR_CO,Hot Rolled Black Coil,26DT0459R0,27.53,2001,2,1235,0011000082,TATA STEEL LTD,268238085A,5000099225,4600000282,10,04-04-26,101,HRC,COIL,11513:2017,BIS,cr3,72083990,N,7.453,31490550,MATCHED
2000,R_HR_CO,Hot Rolled Black Coil,26DT0460R0,26.23,2001,2.5,1230,0011000082,TATA STEEL LTD,268247093A,5000099229,4600000282,30,04-04-26,101,HRC,COIL,11513:2017,BIS,cr3,72083990,N,7.453,67337236,MATCHED
2000,R_HR_CO,Hot Rolled Black Coil,26DT0461R0,28.22,2001,2,1235,0011000082,TATA STEEL LTD,268238089,5000099231,4600000282,10,04-04-26,101,HRC,COIL,11513:2017,BIS,cr3,72083990,N,7.453,57121235,MATCHED
2000,R_HR_CO,Hot Rolled Black Coil,26DT0462R0,23.65,2001,2,1235,0011000082,TATA STEEL LTD,268260149,5000099264,4600000286,10,13-04-26,101,HRC,COIL,11513:2017,BIS,cr3,72083990,N,7.453,20397404,MATCHED
2000,R_HR_CO,Hot Rolled Black Coil,26DT0463R0,24.64,2001,2,1235,0011000082,TATA STEEL LTD,268271090,5000099264,4600000286,10,13-04-26,101,HRC,COIL,11513:2017,BIS,cr3,72083990,N,7.453,88265093,MATCHED
2000,R_HR_CO,Hot Rolled Black Coil,26DT0464R0,21.48,2001,2,1235,0011000082,TATA STEEL LTD,268238069B,5000099267,4600000286,10,13-04-26,101,HRC,COIL,11513:2017,BIS,cr3,72083990,N,7.453,35633393,MATCHED
2000,R_HR_CO,Hot Rolled Black Coil,26DT0465R0,27.4,2001,2.5,1230,0011000082,TATA STEEL LTD,268243074A,5000099268,4600000286,30,13-04-26,101,HRC,COIL,11513:2017,BIS,cr3,72083990,N,7.453,25682371,MATCHED
2000,R_HR_CO,Hot Rolled Black Coil,26DT0466R0,28.3,2001,2.5,1230,0011000082,TATA STEEL LTD,268245094,5000099287,4600000282,30,04-04-26,101,HRC,COIL,11513:2017,BIS,cr3,72083990,N,7.453,19315323,MATCHED
2000,R_HR_CO,Hot Rolled Black Coil,26DT0467R0,28.01,2001,2.2,1230,0011000082,TATA STEEL LTD,268238080,5000099290,4600000286,20,13-04-26,101,HRC,COIL,11513:2017,BIS,cr3,72083990,N,7.453,85418795,MATCHED
2000,R_HR_CO,Hot Rolled Black Coil,26DT0468R0,27.89,2001,2,1235,0011000082,TATA STEEL LTD,268247082A,5000099322,4600000286,10,13-04-26,101,HRC,COIL,11513:2017,BIS,cr3,72083990,N,7.453,17278081,MATCHED
2000,R_HR_CO,Hot Rolled Black Coil,26DT0469R0,28.85,2001,2.5,1230,0011000082,TATA STEEL LTD,268243055,5000099375,4600000286,30,13-04-26,101,HRC,COIL,11513:2017,BIS,cr3,72083990,N,7.453,37771389,MATCHED
2000,R_HR_CO,Hot Rolled Black Coil,26DT0470R0,28.56,2001,2.5,1230,0011000082,TATA STEEL LTD,268243056,5000099377,4600000286,30,13-04-26,101,HRC,COIL,11513:2017,BIS,cr3,72083990,N,7.453,83970942,MATCHED
2000,R_HR_CO,Hot Rolled Black Coil,26DT0471R0,28.9,2001,2.5,1230,0011000082,TATA STEEL LTD,268238058,5000099378,4600000286,30,13-04-26,101,HRC,COIL,11513:2017,BIS,cr3,72083990,N,7.453,69355400,MATCHED
2000,R_HR_CO,Hot Rolled Black Coil,26DT0472R0,28.36,2001,2.2,1230,0011000082,TATA STEEL LTD,268247098,5000099379,4600000286,20,13-04-26,101,HRC,COIL,11513:2017,BIS,cr3,72083990,N,7.453,67689220,MATCHED
2000,R_HR_CO,Hot Rolled Black Coil,26DT0473R0,28.96,2001,2.5,1230,0011000082,TATA STEEL LTD,268243057,5000099384,4600000286,30,13-04-26,101,HRC,COIL,11513:2017,BIS,cr3,72083990,N,7.453,76085243,MATCHED
2000,R_HR_CO,Hot Rolled Black Coil,26DT0474R0,28.73,2001,2.5,1230,0011000082,TATA STEEL LTD,268243054,5000099385,4600000286,30,13-04-26,101,HRC,COIL,11513:2017,BIS,cr3,72083990,N,7.453,14337555,MATCHED
2000,R_HR>3MM_CO,Hot Rolled Black Coil 3mm & Above,26DW0040R0,20.96,2001,3.2,1235,0011000122,NMDC STEEL LIMITED,D102040206,5000097881,4600000284,50,11-04-26,101,HRC,COIL,11513:2017,BIS,cr3,72083890,N,7.453,93344244,MATCHED
2000,R_HR_CO,Hot Rolled Black Coil,26DW0041R0,21.15,2001,2.5,1230,11000122,NMDC STEEL LIMITED,D201967208,5000097886,4600000284,30,04-04-26,101,HRC,COIL,11513:2017,BIS,cr3,72083990,N,7.453,99291688,MATCHED
2000,R_HR_CO,Hot Rolled Black Coil,26DW0042R0,21.16,2001,2.5,1230,11000122,NMDC STEEL LIMITED,D102043102,5000097887,4600000284,30,04-04-26,101,HRC,COIL,11513:2017,BIS,cr3,72083990,N,7.453,80361978,MATCHED
2000,R_HR_CO,Hot Rolled Black Coil,26DW0043R0,21.14,2001,2.5,1230,0011000122,NMDC STEEL LIMITED,D201974201,5000097888,4600000284,30,04-04-26,101,HRC,COIL,11513:2017,BIS,cr3,72083990,N,7.453,91544902,MATCHED
2000,R_HR_CO,Hot Rolled Black Coil,26DW0044R0,21.01,2001,2.5,1230,0011000122,NMDC STEEL LIMITED,D201972208,5000097889,4600000284,30,04-04-26,101,HRC,COIL,11513:2017,BIS,cr3,72083990,N,7.453,74170024,MATCHED
2000,R_HR_CO,Hot Rolled Black Coil,26DW0045R0,21.17,2001,2.5,1230,0011000122,NMDC STEEL LIMITED,D201973207,5000097890,4600000284,30,04-04-26,101,HRC,COIL,11513:2017,BIS,cr3,72083990,N,7.453,28631215,MATCHED
2000,R_HR_CO,Hot Rolled Black Coil,26DW0046R0,21.12,2001,2.5,1230,0011000122,NMDC STEEL LIMITED,D102043105,5000097900,4600000284,30,04-04-26,101,HRC,COIL,11513:2017,BIS,cr3,72083990,N,7.453,64448643,MATCHED
2000,R_HR_CO,Hot Rolled Black Coil,26DW0047R0,21.06,2001,2.5,1230,0011000122,NMDC STEEL LIMITED,D201972207,5000097901,4600000284,30,04-04-26,101,HRC,COIL,11513:2017,BIS,cr3,72083990,N,7.453,82136831,MATCHED
2000,R_HR>3MM_CO,Hot Rolled Black Coil 3mm & Above,26DW0048R0,21.1,2001,3.6,1235,0011000122,NMDC STEEL LIMITED,D102043106,5000097904,4600000284,60,11-04-26,101,HRC,COIL,11513:2017,BIS,cr3,72083890,N,7.453,59064894,MATCHED
2000,R_HR>3MM_CO,Hot Rolled Black Coil 3mm & Above,26DW0049R0,21.18,2001,3.6,1235,0011000122,NMDC STEEL LIMITED,D201974203,5000097905,4600000284,60,11-04-26,101,HRC,COIL,11513:2017,BIS,cr3,72083890,N,7.453,17271994,MATCHED
2000,R_HR_CO,Hot Rolled Black Coil,26DW0050R0,20.93,2001,2.5,1230,0011000122,NMDC STEEL LIMITED,D102040208,5000097910,4600000284,30,04-04-26,101,HRC,COIL,11513:2017,BIS,cr3,72083990,N,7.453,90822265,MATCHED
2000,R_HR_CO,Hot Rolled Black Coil,26DW0051R0,21.08,2001,2.2,1230,0011000122,NMDC STEEL LIMITED,D102038207,5000097911,4600000284,20,04-04-26,101,HRC,COIL,11513:2017,BIS,cr3,72083990,N,7.453,11838175,MATCHED
2000,R_HR_CO,Hot Rolled Black Coil,26DW0052R0,21.04,2001,2.5,1230,11000122,NMDC STEEL LIMITED,D102039208,5000097914,4600000284,30,04-04-26,101,HRC,COIL,11513:2017,BIS,cr3,72083990,N,7.453,19068412,MATCHED
2000,R_HR_CO,Hot Rolled Black Coil,26DW0053R0,21.08,2001,2,1235,0011000122,NMDC STEEL LIMITED,D201968205,5000097915,4600000284,10,04-04-26,101,HRC,COIL,11513:2017,BIS,cr3,72083990,N,7.453,74530968,MATCHED
2000,R_HR_CO,Hot Rolled Black Coil,26DW0054R0,21.24,2001,2.2,1230,0011000122,NMDC STEEL LIMITED,D201970109,5000097920,4600000284,20,04-04-26,101,HRC,COIL,11513:2017,BIS,cr3,72083990,N,7.453,85872838,MATCHED
2000,R_HR_CO,Hot Rolled Black Coil,26DW0055R0,21.12,2001,2.5,1230,0011000122,NMDC STEEL LIMITED,D201973202,5000097923,4600000284,30,04-04-26,101,HRC,COIL,11513:2017,BIS,cr3,72083990,N,7.453,78124726,MATCHED
2000,R_HR_CO,Hot Rolled Black Coil,26DW0056R0,21.42,2001,2.2,1230,0011000122,NMDC STEEL LIMITED,D102035102,5000097927,4600000284,20,04-04-26,101,HRC,COIL,11513:2017,BIS,cr3,72083990,N,7.453,44857273,MATCHED
2000,R_HR_CO,Hot Rolled Black Coil,26DW0057R0,21.29,2001,2.2,1230,0011000122,NMDC STEEL LIMITED,D102037103,5000097929,4600000284,20,04-04-26,101,HRC,COIL,11513:2017,BIS,cr3,72083990,N,7.453,75024508,MATCHED
2000,R_HR_CO,Hot Rolled Black Coil,26DW0064R0,21.19,2001,2.5,1230,0011000122,NMDC STEEL LIMITED,D102042106,5000097944,4600000284,30,04-04-26,101,HRC,COIL,11513:2017,BIS,cr3,72083990,N,7.453,37279365,MATCHED
2000,R_HR_CO,Hot Rolled Black Coil,26DW0065R0,21.45,2001,2,1235,0011000122,NMDC STEEL LIMITED,D102035108,5000097945,4600000284,10,04-04-26,101,HRC,COIL,11513:2017,BIS,cr3,72083990,N,7.453,79509759,MATCHED
2000,R_HR_CO,Hot Rolled Black Coil,26DW0066R0,21.12,2001,2.2,1230,0011000122,NMDC STEEL LIMITED,D102038206,5000097946,4600000284,20,04-04-26,101,HRC,COIL,11513:2017,BIS,cr3,72083990,N,7.453,55224054,MATCHED
2000,R_HR_CO,Hot Rolled Black Coil,26DW0067R0,21.43,2001,2,1235,0011000122,NMDC STEEL LIMITED,D102035104,5000097947,4600000284,10,04-04-26,101,HRC,COIL,11513:2017,BIS,cr3,72083990,N,7.453,13639718,MATCHED
2000,R_HR_CO,Hot Rolled Black Coil,26DW0068R0,21.11,2001,2.5,1230,0011000122,NMDC STEEL LIMITED,D102043101,5000097948,4600000284,30,04-04-26,101,HRC,COIL,11513:2017,BIS,cr3,72083990,N,7.453,67265730,MATCHED
2000,R_HR_CO,Hot Rolled Black Coil,26DW0069R0,21.16,2001,2.5,1230,0011000122,NMDC STEEL LIMITED,D201973208,5000097949,4600000284,30,04-04-26,101,HRC,COIL,11513:2017,BIS,cr3,72083990,N,7.453,37733986,MATCHED
2000,R_HR_CO,Hot Rolled Black Coil,26DW0071R0,21.03,2001,2.5,1230,0011000122,NMDC STEEL LIMITED,D201972203,5000097968,4600000284,30,04-04-26,101,HRC,COIL,11513:2017,BIS,cr3,72083990,N,7.453,59202250,MATCHED
2000,R_HR_CO,Hot Rolled Black Coil,26DW0072R0,21.01,2001,2.5,1230,0011000122,NMDC STEEL LIMITED,D102042103,5000097969,4600000284,30,04-04-26,101,HRC,COIL,11513:2017,BIS,cr3,72083990,N,7.453,11511009,MATCHED
2000,R_HR_CO,Hot Rolled Black Coil,26DW0073R0,18.915,2001,2.2,1230,0011000122,NMDC STEEL LIMITED,D201970108,5000097972,4600000284,20,04-04-26,101,HRC,COIL,11513:2017,BIS,cr3,72083990,N,7.453,64182432,MATCHED
2000,R_HR_CO,Hot Rolled Black Coil,26DW0074R0,21.05,2001,2.5,1230,0011000122,NMDC STEEL LIMITED,D102041104,5000097977,4600000284,30,04-04-26,101,HRC,COIL,11513:2017,BIS,cr3,72083990,N,7.453,74345747,MATCHED
2000,R_HR_CO,Hot Rolled Black Coil,26DW0075R0,21.03,2001,2.2,1230,0011000122,NMDC STEEL LIMITED,D102038204,5000097980,4600000284,20,04-04-26,101,HRC,COIL,11513:2017,BIS,cr3,72083990,N,7.453,51306096,MATCHED
2000,R_HR_CO,Hot Rolled Black Coil,26DW0080R0,21.2,2001,2.2,1230,0011000122,NMDC STEEL LIMITED,D201970104,5000097993,4600000284,20,04-04-26,101,HRC,COIL,11513:2017,BIS,cr3,72083990,N,7.453,65460560,MATCHED
2000,R_HR_CO,Hot Rolled Black Coil,26DW0081R0,21.06,2001,2.5,1230,0011000122,NMDC STEEL LIMITED,D102039207,5000097995,4600000284,30,04-04-26,101,HRC,COIL,11513:2017,BIS,cr3,72083990,N,7.453,60792355,MATCHED
2000,R_HR_CO,Hot Rolled Black Coil,26DW0082R0,21.17,2001,2.5,1230,0011000122,NMDC STEEL LIMITED,D102041107,5000097997,4600000284,30,04-04-26,101,HRC,COIL,11513:2017,BIS,cr3,72083990,N,7.453,82206764,MATCHED
2000,R_HR_CO,Hot Rolled Black Coil,26DW0083R0,21.11,2001,2.5,1230,0011000122,NMDC STEEL LIMITED,D201969207,5000097998,4600000284,30,04-04-26,101,HRC,COIL,11513:2017,BIS,cr3,72083990,N,7.453,44749694,MATCHED
2000,R_HR_CO,Hot Rolled Black Coil,26DW0084R0,21.14,2001,2.5,1230,0011000122,NMDC STEEL LIMITED,D102042108,5000098000,4600000284,30,04-04-26,101,HRC,COIL,11513:2017,BIS,cr3,72083990,N,7.453,36871704,MATCHED
2000,R_HR_CO,Hot Rolled Black Coil,26DW0092R0,21.2,2001,2.5,1230,0011000122,NMDC STEEL LIMITED,D102037101,5000098019,4600000284,30,04-04-26,101,HRC,COIL,11513:2017,BIS,cr3,72083990,N,7.453,35415054,MATCHED
2000,R_HR_CO,Hot Rolled Black Coil,26DW0093R0,21.03,2001,2.5,1230,0011000122,NMDC STEEL LIMITED,D102043104,5000098022,4600000284,30,04-04-26,101,HRC,COIL,11513:2017,BIS,cr3,72083990,N,7.453,53789252,MATCHED
2000,R_HR_CO,Hot Rolled Black Coil,26DW0094R0,21.16,2001,2.5,1230,0011000122,NMDC STEEL LIMITED,D201973206,5000098024,4600000284,30,04-04-26,101,HRC,COIL,11513:2017,BIS,cr3,72083990,N,7.453,48987091,MATCHED
2000,R_HR_CO,Hot Rolled Black Coil,26DW0095R0,21.08,2001,2.5,1230,0011000122,NMDC STEEL LIMITED,D201973203,5000098026,4600000284,30,04-04-26,101,HRC,COIL,11513:2017,BIS,cr3,72083990,N,7.453,28902293,MATCHED
2000,R_HR_CO,Hot Rolled Black Coil,26DW0096R0,21.1,2001,2,1235,0011000122,NMDC STEEL LIMITED,D201968204,5000098027,4600000284,10,04-04-26,101,HRC,COIL,11513:2017,BIS,cr3,72083990,N,7.453,29553343,MATCHED
2000,R_HR_CO,Hot Rolled Black Coil,26DW0097R0,21.47,2001,2,1235,0011000122,NMDC STEEL LIMITED,D102035107,5000098035,4600000284,10,04-04-26,101,HRC,COIL,11513:2017,BIS,cr3,72083990,N,7.453,26358752,MATCHED
2000,R_HR_CO,Hot Rolled Black Coil,26DW0098R0,21.21,2001,2.2,1230,0011000122,NMDC STEEL LIMITED,D102037107,5000098036,4600000284,20,04-04-26,101,HRC,COIL,11513:2017,BIS,cr3,72083990,N,7.453,92096864,MATCHED
2000,R_HR_CO,Hot Rolled Black Coil,26DW0099R0,21.05,2001,2.2,1230,0011000122,NMDC STEEL LIMITED,D102039205,5000098038,4600000284,20,04-04-26,101,HRC,COIL,11513:2017,BIS,cr3,72083990,N,7.453,54925704,MATCHED
2000,R_HR_CO,Hot Rolled Black Coil,26DW0100R0,21.1,2001,2,1235,0011000122,NMDC STEEL LIMITED,D201968208,5000098039,4600000284,10,04-04-26,101,HRC,COIL,11513:2017,BIS,cr3,72083990,N,7.453,73246566,MATCHED
2000,R_HR_CO,Hot Rolled Black Coil,26DW0101R0,21.14,2001,2.5,1230,0011000122,NMDC STEEL LIMITED,D201967206,5000098040,4600000284,30,04-04-26,101,HRC,COIL,11513:2017,BIS,cr3,72083990,N,7.453,66145248,MATCHED
2000,R_HR_CO,Hot Rolled Black Coil,26DW0102R0,21.18,2001,2.2,1230,0011000122,NMDC STEEL LIMITED,D201969208,5000098041,4600000284,20,04-04-26,101,HRC,COIL,11513:2017,BIS,cr3,72083990,N,7.453,65552841,MATCHED
2000,R_HR_CO,Hot Rolled Black Coil,26DW0103R0,21.23,2001,2.2,1230,0011000122,NMDC STEEL LIMITED,D102037102,5000098043,4600000284,20,04-04-26,101,HRC,COIL,11513:2017,BIS,cr3,72083990,N,7.453,67573732,MATCHED
2000,R_HR_CO,Hot Rolled Black Coil,26DW0104R0,20.99,2001,2.5,1230,0011000122,NMDC STEEL LIMITED,D201972204,5000098044,4600000284,30,04-04-26,101,HRC,COIL,11513:2017,BIS,cr3,72083990,N,7.453,18629036,MATCHED
2000,R_HR_CO,Hot Rolled Black Coil,26DW0105R0,20.93,2001,2.5,1230,0011000122,NMDC STEEL LIMITED,D102040207,5000098045,4600000284,30,04-04-26,101,HRC,COIL,11513:2017,BIS,cr3,72083990,N,7.453,10000815,MATCHED
2000,R_HR_CO,Hot Rolled Black Coil,26DW0106R0,21.12,2001,2.5,1230,0011000122,NMDC STEEL LIMITED,D102042109,5000098047,4600000284,30,04-04-26,101,HRC,COIL,11513:2017,BIS,cr3,72083990,N,7.453,63607777,MATCHED
2000,R_HR_CO,Hot Rolled Black Coil,26DW0107R0,21.07,2001,2.5,1230,0011000122,NMDC STEEL LIMITED,D201973205,5000098048,4600000284,30,04-04-26,101,HRC,COIL,11513:2017,BIS,cr3,72083990,N,7.453,52318428,MATCHED
2000,R_HR_CO,Hot Rolled Black Coil,26DW0108R0,21.06,2001,2.5,1230,0011000122,NMDC STEEL LIMITED,D102042101,5000098050,4600000284,30,04-04-26,101,HRC,COIL,11513:2017,BIS,cr3,72083990,N,7.453,26586573,MATCHED
2000,R_HR_CO,Hot Rolled Black Coil,26DW0109R0,21.1,2001,2.5,1230,0011000122,NMDC STEEL LIMITED,D102041108,5000098052,4600000284,30,04-04-26,101,HRC,COIL,11513:2017,BIS,cr3,72083990,N,7.453,13805297,MATCHED
2000,R_HR_CO,Hot Rolled Black Coil,26DW0110R0,21.13,2001,2,1235,0011000122,NMDC STEEL LIMITED,D201969201,5000098053,4600000284,10,04-04-26,101,HRC,COIL,11513:2017,BIS,cr3,72083990,N,7.453,50328344,MATCHED
2000,R_HR_CO,Hot Rolled Black Coil,26DW0111R0,21.23,2001,2.5,1230,0011000122,NMDC STEEL LIMITED,D201967205,5000098054,4600000284,30,04-04-26,101,HRC,COIL,11513:2017,BIS,cr3,72083990,N,7.453,69666091,MATCHED
2000,R_HR_CO,Hot Rolled Black Coil,26DW0112R0,21.2,2001,2.2,1230,0011000122,NMDC STEEL LIMITED,D201971101,5000098055,4600000284,20,04-04-26,101,HRC,COIL,11513:2017,BIS,cr3,72083990,N,7.453,71850858,MATCHED
2000,R_HR_CO,Hot Rolled Black Coil,26DW0113R0,21.02,2001,2,1235,0011000122,NMDC STEEL LIMITED,D201968203,5000098056,4600000284,10,04-04-26,101,HRC,COIL,11513:2017,BIS,cr3,72083990,N,7.453,35513728,MATCHED
2000,R_HR_CO,Hot Rolled Black Coil,26DW0114R0,21.09,2001,2.2,1230,0011000122,NMDC STEEL LIMITED,D201971108,5000098057,4600000284,20,04-04-26,101,HRC,COIL,11513:2017,BIS,cr3,72083990,N,7.453,25179730,MATCHED
2000,R_HR_CO,Hot Rolled Black Coil,26DW0115R0,21.2,2001,2.2,1230,0011000122,NMDC STEEL LIMITED,D102037108,5000098063,4600000284,20,04-04-26,101,HRC,COIL,11513:2017,BIS,cr3,72083990,N,7.453,63268292,MATCHED
2000,R_HR_CO,Hot Rolled Black Coil,26DW0116R0,21.21,2001,2.2,1230,0011000122,NMDC STEEL LIMITED,D201970101,5000098065,4600000284,20,04-04-26,101,HRC,COIL,11513:2017,BIS,cr3,72083990,N,7.453,22416715,MATCHED
2000,R_HR_CO,Hot Rolled Black Coil,26DW0117R0,21.18,2001,2.2,1230,0011000122,NMDC STEEL LIMITED,D201970103,5000098067,4600000284,20,04-04-26,101,HRC,COIL,11513:2017,BIS,cr3,72083990,N,7.453,20736836,MATCHED
2000,R_HR_CO,Hot Rolled Black Coil,26DW0118R0,21.05,2001,2.5,1230,0011000122,NMDC STEEL LIMITED,D201972206,5000098070,4600000284,30,04-04-26,101,HRC,COIL,11513:2017,BIS,cr3,72083990,N,7.453,65634151,MATCHED
2000,R_HR_CO,Hot Rolled Black Coil,26DW0119R0,21.1,2001,2.2,1230,0011000122,NMDC STEEL LIMITED,D102038205,5000098071,4600000284,20,04-04-26,101,HRC,COIL,11513:2017,BIS,cr3,72083990,N,7.453,11770543,MATCHED
2000,R_HR_CO,Hot Rolled Black Coil,26DW0120R0,21.06,2001,2.5,1230,0011000122,NMDC STEEL LIMITED,D102042102,5000098075,4600000284,30,04-04-26,101,HRC,COIL,11513:2017,BIS,cr3,72083990,N,7.453,66958992,MATCHED
2000,R_HR_CO,Hot Rolled Black Coil,26DW0121R0,21.09,2001,2,1235,0011000122,NMDC STEEL LIMITED,D201968206,5000098093,4600000284,10,04-04-26,101,HRC,COIL,11513:2017,BIS,cr3,72083990,N,7.453,71783841,MATCHED
2000,R_HR_CO,Hot Rolled Black Coil,26DW0122R0,21.09,2001,2,1235,0011000122,NMDC STEEL LIMITED,D201968207,5000098095,4600000284,10,04-04-26,101,HRC,COIL,11513:2017,BIS,cr3,72083990,N,7.453,23848791,MATCHED
2000,R_HR_CO,Hot Rolled Black Coil,26DW0123R0,21.24,2001,2.5,1230,0011000122,NMDC STEEL LIMITED,D201967207,5000098104,4600000284,30,04-04-26,101,HRC,COIL,11513:2017,BIS,cr3,72083990,N,7.453,85897821,MATCHED
2000,R_HR_CO,Hot Rolled Black Coil,26DW0124R0,21.22,2001,2.2,1230,0011000122,NMDC STEEL LIMITED,D201970107,5000098105,4600000284,20,04-04-26,101,HRC,COIL,11513:2017,BIS,cr3,72083990,N,7.453,66928564,MATCHED
2000,R_HR_CO,Hot Rolled Black Coil,26DW0125R0,21.23,2001,2,1235,0011000122,NMDC STEEL LIMITED,D102036103,5000098106,4600000284,10,04-04-26,101,HRC,COIL,11513:2017,BIS,cr3,72083990,N,7.453,42428529,MATCHED
2000,R_HR_CO,Hot Rolled Black Coil,26DW0126R0,21.11,2001,2.2,1230,0011000122,NMDC STEEL LIMITED,D201967209,5000098107,4600000284,20,04-04-26,101,HRC,COIL,11513:2017,BIS,cr3,72083990,N,7.453,86366788,MATCHED
2000,R_HR_CO,Hot Rolled Black Coil,26DW0127R0,21,2001,2.5,1230,0011000122,NMDC STEEL LIMITED,D201972205,5000098122,4600000284,30,04-04-26,101,HRC,COIL,11513:2017,BIS,cr3,72083990,N,7.453,24873001,MATCHED
2000,R_HR_CO,Hot Rolled Black Coil,26DW0128R0,21.48,2001,2.2,1230,0011000122,NMDC STEEL LIMITED,D102035103,5000098123,4600000284,20,04-04-26,101,HRC,COIL,11513:2017,BIS,cr3,72083990,N,7.453,64573399,MATCHED
2000,R_HR_CO,Hot Rolled Black Coil,26DW0129R0,21.42,2001,2,1235,0011000122,NMDC STEEL LIMITED,D102035105,5000098124,4600000284,10,04-04-26,101,HRC,COIL,11513:2017,BIS,cr3,72083990,N,7.453,66393089,MATCHED
2000,R_HR_CO,Hot Rolled Black Coil,26DW0130R0,21.01,2001,2.5,1230,0011000122,NMDC STEEL LIMITED,D201973201,5000098125,4600000284,30,04-04-26,101,HRC,COIL,11513:2017,BIS,cr3,72083990,N,7.453,25214394,MATCHED
2000,R_HR_CO,Hot Rolled Black Coil,26DW0131R0,21.06,2001,2.2,1230,0011000122,NMDC STEEL LIMITED,D201968201,5000098126,4600000284,20,04-04-26,101,HRC,COIL,11513:2017,BIS,cr3,72083990,N,7.453,56171718,MATCHED
2000,R_HR_CO,Hot Rolled Black Coil,26DW0132R0,21.23,2001,2,1235,0011000122,NMDC STEEL LIMITED,AP39WH2325,5000098127,4600000284,10,04-04-26,101,HRC,COIL,11513:2017,BIS,cr3,72083990,N,7.453,74867268,MATCHED
2000,R_HR_CO,Hot Rolled Black Coil,26DW0133R0,21.11,2001,2.5,1230,0011000122,NMDC STEEL LIMITED,D201972201,5000098161,4600000284,30,04-04-26,101,HRC,COIL,11513:2017,BIS,cr3,72083990,N,7.453,37597728,MATCHED
2000,R_HR_CO,Hot Rolled Black Coil,26DW0134R0,21.2,2001,2,1235,0011000122,NMDC STEEL LIMITED,D102036104,5000098163,4600000284,10,04-04-26,101,HRC,COIL,11513:2017,BIS,cr3,72083990,N,7.453,61709094,MATCHED
2000,R_HR_CO,Hot Rolled Black Coil,26DW0136R0,21,2001,2.2,1230,0011000122,NMDC STEEL LIMITED,D102040201,5000098164,4600000284,20,04-04-26,101,HRC,COIL,11513:2017,BIS,cr3,72083990,N,7.453,54701836,MATCHED
2000,R_HR_CO,Hot Rolled Black Coil,26DW0137R0,21.31,2001,2.5,1230,0011000122,NMDC STEEL LIMITED,D102037105,5000098167,4600000284,30,04-04-26,101,HRC,COIL,11513:2017,BIS,cr3,72083990,N,7.453,95082894,MATCHED
2000,R_HR_CO,Hot Rolled Black Coil,26DW0138R0,20.97,2001,2.5,1230,0011000122,NMDC STEEL LIMITED,D201973204,5000098171,4600000284,30,04-04-26,101,HRC,COIL,11513:2017,BIS,cr3,72083990,N,7.453,63688371,MATCHED
2000,R_HR_CO,Hot Rolled Black Coil,26DW0139R0,21.22,2001,2.2,1230,0011000122,NMDC STEEL LIMITED,D201970102,5000098174,4600000284,20,04-04-26,101,HRC,COIL,11513:2017,BIS,cr3,72083990,N,7.453,27175284,MATCHED
2000,R_HR_CO,Hot Rolled Black Coil,26DW0140R0,21.16,2001,2.5,1230,0011000122,NMDC STEEL LIMITED,D201967202,5000098175,4600000284,30,04-04-26,101,HRC,COIL,11513:2017,BIS,cr3,72083990,N,7.453,21989744,MATCHED
2000,R_HR_CO,Hot Rolled Black Coil,26DW0141R0,21.19,2001,2.5,1230,0011000122,NMDC STEEL LIMITED,D201972202,5000098176,4600000284,30,04-04-26,101,HRC,COIL,11513:2017,BIS,cr3,72083990,N,7.453,16189584,MATCHED
2000,R_HR_CO,Hot Rolled Black Coil,26DW0142R0,21.16,2001,2.5,1230,0011000122,NMDC STEEL LIMITED,D102042105,5000098177,4600000284,30,04-04-26,101,HRC,COIL,11513:2017,BIS,cr3,72083990,N,7.453,33689618,MATCHED
2000,R_HR_CO,Hot Rolled Black Coil,26DW0143R0,21.21,2001,2.2,1230,0011000122,NMDC STEEL LIMITED,D201969209,5000098179,4600000284,20,04-04-26,101,HRC,COIL,11513:2017,BIS,cr3,72083990,N,7.453,11368673,MATCHED
2000,R_HR_CO,Hot Rolled Black Coil,26DW0144R0,21.26,2001,2.5,1230,0011000122,NMDC STEEL LIMITED,D201967203,5000098187,4600000284,30,04-04-26,101,HRC,COIL,11513:2017,BIS,cr3,72083990,N,7.453,83319973,MATCHED
2000,R_HR_CO,Hot Rolled Black Coil,26DW0145R0,21.27,2001,2.5,1230,0011000122,NMDC STEEL LIMITED,D102037106,5000098188,4600000284,30,04-04-26,101,HRC,COIL,11513:2017,BIS,cr3,72083990,N,7.453,44566643,MATCHED
2000,R_HR>3MM_CO,Hot Rolled Black Coil 3mm & Above,26DW0146R0,21.29,2001,3.2,1235,0011000122,NMDC STEEL LIMITED,D102037104,5000098207,4600000284,50,11-04-26,101,HRC,COIL,11513:2017,BIS,cr3,72083890,N,7.453,17128757,MATCHED
2000,R_HR_CO,Hot Rolled Black Coil,26DW0147R0,21.24,2001,2,1235,0011000122,NMDC STEEL LIMITED,D102035109,5000098209,4600000284,10,04-04-26,101,HRC,COIL,11513:2017,BIS,cr3,72083990,N,7.453,33598414,MATCHED
2000,R_HR>3MM_CO,Hot Rolled Black Coil 3mm & Above,26DW0148R0,21.12,2001,3.2,1235,0011000122,NMDC STEEL LIMITED,D102036106,5000098210,4600000284,50,11-04-26,101,HRC,COIL,11513:2017,BIS,cr3,72083890,N,7.453,97650421,MATCHED
2000,R_HR_CO,Hot Rolled Black Coil,26DW0149R0,20.97,2001,2.2,1230,0011000122,NMDC STEEL LIMITED,D102039209,5000098212,4600000284,20,04-04-26,101,HRC,COIL,11513:2017,BIS,cr3,72083990,N,7.453,99237441,MATCHED
2000,R_HR_CO,Hot Rolled Black Coil,26DW0150R0,21.19,2001,2.5,1230,0011000122,NMDC STEEL LIMITED,D102038202,5000098214,4600000284,30,04-04-26,101,HRC,COIL,11513:2017,BIS,cr3,72083990,N,7.453,57762253,MATCHED
2000,R_HR_CO,Hot Rolled Black Coil,26DW0151R0,21.2,2001,2.2,1230,0011000122,NMDC STEEL LIMITED,D201970105,5000098215,4600000284,20,04-04-26,101,HRC,COIL,11513:2017,BIS,cr3,72083990,N,7.453,66270009,MATCHED
2000,R_HR_CO,Hot Rolled Black Coil,26DW0152R0,21.08,2001,2,1235,0011000122,NMDC STEEL LIMITED,D201968202,5000098216,4600000284,10,04-04-26,101,HRC,COIL,11513:2017,BIS,cr3,72083990,N,7.453,15938238,MATCHED
2000,R_HR_CO,Hot Rolled Black Coil,26DW0153R0,21.12,2001,2,1235,0011000122,NMDC STEEL LIMITED,D201969202,5000098217,4600000284,10,04-04-26,101,HRC,COIL,11513:2017,BIS,cr3,72083990,N,7.453,33192551,MATCHED
2000,R_HR_CO,Hot Rolled Black Coil,26DW0154R0,21.12,2001,2.5,1230,0011000122,NMDC STEEL LIMITED,D102042104,5000098218,4600000284,30,04-04-26,101,HRC,COIL,11513:2017,BIS,cr3,72083990,N,7.453,93130804,MATCHED
2000,R_HR_CO,Hot Rolled Black Coil,26DW0155R0,21.15,2001,2.5,1230,0011000122,NMDC STEEL LIMITED,D102042107,5000098219,4600000284,30,04-04-26,101,HRC,COIL,11513:2017,BIS,cr3,72083990,N,7.453,79514728,MATCHED
2000,R_HR_CO,Hot Rolled Black Coil,26DW0156R0,21.11,2001,2.8,1235,0011000122,NMDC STEEL LIMITED,D201969205,5000098226,4600000284,40,11-04-26,101,HRC,COIL,11513:2017,BIS,cr3,72083990,N,7.453,58657559,MATCHED
2000,R_HR>3MM_CO,Hot Rolled Black Coil 3mm & Above,26DW0157R0,21.23,2001,3.2,1235,0011000122,NMDC STEEL LIMITED,D102038201,5000098227,4600000284,50,11-04-26,101,HRC,COIL,11513:2017,BIS,cr3,72083890,N,7.453,30537793,MATCHED
2000,R_HR>3MM_CO,Hot Rolled Black Coil 3mm & Above,26DW0158R0,21.13,2001,3.6,1235,0011000122,NMDC STEEL LIMITED,D102043107,5000098229,4600000284,60,11-04-26,101,HRC,COIL,11513:2017,BIS,cr3,72083890,N,7.453,49296604,MATCHED
2000,R_HR>3MM_CO,Hot Rolled Black Coil 3mm & Above,26DW0159R0,21.11,2001,3.2,1235,0011000122,NMDC STEEL LIMITED,D201969204,5000098230,4600000284,50,11-04-26,101,HRC,COIL,11513:2017,BIS,cr3,72083890,N,7.453,37833472,MATCHED
2000,R_HR>3MM_CO,Hot Rolled Black Coil 3mm & Above,26DW0160R0,21.36,2001,3.6,1235,0011000122,NMDC STEEL LIMITED,D201974207,5000098231,4600000284,60,11-04-26,101,HRC,COIL,11513:2017,BIS,cr3,72083890,N,7.453,24692112,MATCHED
2000,R_HR>3MM_CO,Hot Rolled Black Coil 3mm & Above,26DW0161R0,21.23,2001,3.6,1235,0011000122,NMDC STEEL LIMITED,D201974204,5000098232,4600000284,60,11-04-26,101,HRC,COIL,11513:2017,BIS,cr3,72083890,N,7.453,74745570,MATCHED
2000,R_HR>3MM_CO,Hot Rolled Black Coil 3mm & Above,26DW0162R0,21.18,2001,3.2,1235,0011000122,NMDC STEEL LIMITED,D102036105,5000098233,4600000284,50,11-04-26,101,HRC,COIL,11513:2017,BIS,cr3,72083890,N,7.453,31376331,MATCHED
2000,R_HR_CO,Hot Rolled Black Coil,26DW0163R0,21.24,2001,2.8,1235,0011000122,NMDC STEEL LIMITED,D201967201,5000098235,4600000284,40,11-04-26,101,HRC,COIL,11513:2017,BIS,cr3,72083990,N,7.453,21882672,MATCHED
2000,R_HR_CO,Hot Rolled Black Coil,26DW0164R0,21.07,2001,2.2,1230,0011000122,NMDC STEEL LIMITED,D102040202,5000098239,4600000284,20,04-04-26,101,HRC,COIL,11513:2017,BIS,cr3,72083990,N,7.453,44834747,MATCHED
2000,R_HR_CO,Hot Rolled Black Coil,26DW0165R0,18.67,2001,2.2,1230,0011000122,NMDC STEEL LIMITED,D201971104,5000098242,4600000284,20,04-04-26,101,HRC,COIL,11513:2017,BIS,cr3,72083990,N,7.453,99803229,MATCHED
2000,R_HR_CO,Hot Rolled Black Coil,26DW0166R0,21.09,2001,2.5,1230,0011000122,NMDC STEEL LIMITED,D102038203,5000098245,4600000284,30,04-04-26,101,HRC,COIL,11513:2017,BIS,cr3,72083990,N,7.453,69350541,MATCHED
2000,R_HR_CO,Hot Rolled Black Coil,26DW0167R0,21.09,2001,2.5,1230,0011000122,NMDC STEEL LIMITED,D201969206,5000098253,4600000284,30,04-04-26,101,HRC,COIL,11513:2017,BIS,cr3,72083990,N,7.453,67409850,MATCHED
2000,R_HR_CO,Hot Rolled Black Coil,26DW0168R0,21.19,2001,2.5,1230,0011000122,NMDC STEEL LIMITED,D201967204,5000098254,4600000284,30,04-04-26,101,HRC,COIL,11513:2017,BIS,cr3,72083990,N,7.453,13187143,MATCHED
2000,R_HR>3MM_CO,Hot Rolled Black Coil 3mm & Above,26DW0169R0,21.13,2001,4,1235,0011000122,NMDC STEEL LIMITED,D201974205,5000098258,4600000284,70,11-04-26,101,HRC,COIL,11513:2017,BIS,cr3,72083890,N,7.453,88131661,MATCHED
2000,R_HR_CO,Hot Rolled Black Coil,26DW0170R0,21.11,2001,2.2,1230,0011000122,NMDC STEEL LIMITED,D102041101,5000098259,4600000284,20,04-04-26,101,HRC,COIL,11513:2017,BIS,cr3,72083990,N,7.453,47532466,MATCHED
2000,R_HR_CO,Hot Rolled Black Coil,26DW0171R0,18.71,2001,2.2,1230,0011000122,NMDC STEEL LIMITED,D201971106,5000098261,4600000284,20,04-04-26,101,HRC,COIL,11513:2017,BIS,cr3,72083990,N,7.453,96434990,MATCHED
2000,R_HR_CO,Hot Rolled Black Coil,26DW0172R0,21.45,2001,2,1235,0011000122,NMDC STEEL LIMITED,D102032106,5000098262,4600000284,10,04-04-26,101,HRC,COIL,11513:2017,BIS,cr3,72083990,N,7.453,59838132,MATCHED
2000,R_HR_CO,Hot Rolled Black Coil,26DW0173R0,21.13,2001,2.8,1235,0011000122,NMDC STEEL LIMITED,D102036107,5000098263,4600000284,40,11-04-26,101,HRC,COIL,11513:2017,BIS,cr3,72083990,N,7.453,33607047,MATCHED
2000,R_HR>3MM_CO,Hot Rolled Black Coil 3mm & Above,26DW0174R0,21.26,2001,3.6,1235,0011000122,NMDC STEEL LIMITED,D201974206,5000098264,4600000284,60,11-04-26,101,HRC,COIL,11513:2017,BIS,cr3,72083890,N,7.453,62632085,MATCHED
2000,R_HR_CO,Hot Rolled Black Coil,26DW0175R0,21.16,2001,2.5,1230,0011000122,NMDC STEEL LIMITED,D102036108,5000098265,4600000284,30,04-04-26,101,HRC,COIL,11513:2017,BIS,cr3,72083990,N,7.453,14447831,MATCHED
2000,R_HR_CO,Hot Rolled Black Coil,26DW0176R0,21.2,2001,2.5,1230,0011000122,NMDC STEEL LIMITED,D102043103,5000098282,4600000284,30,04-04-26,101,HRC,COIL,11513:2017,BIS,cr3,72083990,N,7.453,84204207,MATCHED
2000,R_HR_CO,Hot Rolled Black Coil,26DW0177R0,21.11,2001,2.2,1230,0011000122,NMDC STEEL LIMITED,D102040203,5000098289,4600000284,20,04-04-26,101,HRC,COIL,11513:2017,BIS,cr3,72083990,N,7.453,60732029,MATCHED
2000,R_HR>3MM_CO,Hot Rolled Black Coil 3mm & Above,26DW0185R0,21.17,2001,3.6,1235,0011000122,NMDC STEEL LIMITED,D201974202,5000098299,4600000284,60,11-04-26,101,HRC,COIL,11513:2017,BIS,cr3,72083890,N,7.453,94367190,MATCHED
2000,R_HR_CO,Hot Rolled Black Coil,26EJ0045R0,26.5,2001,2.2,1230,0011000144,JSW Vijayanagar Metallics Limited,26258498,5000099459,4600000290,20,30-04-26,101,HRC,COIL,11513:2017,BIS,cr3,72083990,N,7.453,28940277,MATCHED
2000,R_HR_CO,Hot Rolled Black Coil,26EJ0046R0,25.42,2001,2.5,1230,0011000144,JSW Vijayanagar Metallics Limited,26256845,5000099460,4600000290,30,30-04-26,101,HRC,COIL,11513:2017,BIS,cr3,72083990,N,7.453,41487079,MATCHED
2000,R_HR_CO,Hot Rolled Black Coil,26EJ0047R0,26.525,2001,2.5,1230,0011000144,JSW Vijayanagar Metallics Limited,26258291,5000099462,4600000290,30,30-04-26,101,HRC,COIL,11513:2017,BIS,cr3,72083990,N,7.453,58176191,MATCHED
2000,R_HR_CO,Hot Rolled Black Coil,26EJ0048R0,27.525,2001,2.2,1230,0011000144,JSW Vijayanagar Metallics Limited,26261090,5000099463,4600000290,20,30-04-26,101,HRC,COIL,11513:2017,BIS,cr3,72083990,N,7.453,10386578,MATCHED
2000,R_HR_CO,Hot Rolled Black Coil,26EJ0049R0,27.66,2001,2.5,1230,0011000144,JSW Vijayanagar Metallics Limited,26261305,5000099464,4600000290,30,30-04-26,101,HRC,COIL,11513:2017,BIS,cr3,72083990,N,7.453,85729800,MATCHED
2000,R_HR_CO,Hot Rolled Black Coil,26EJ0050R0,26.49,2001,2.5,1230,0011000144,JSW Vijayanagar Metallics Limited,26257276,5000099465,4600000290,30,30-04-26,101,HRC,COIL,11513:2017,BIS,cr3,72083990,N,7.453,82520800,MATCHED
2000,R_HR_CO,Hot Rolled Black Coil,26EJ0051R0,27.44,2001,2.2,1230,0011000144,JSW Vijayanagar Metallics Limited,26261081,5000099467,4600000290,20,30-04-26,101,HRC,COIL,11513:2017,BIS,cr3,72083990,N,7.453,42612980,MATCHED
2000,R_HR_CO,Hot Rolled Black Coil,26EJ0052R0,27.485,2001,2.2,1230,0011000144,JSW Vijayanagar Metallics Limited,26261096,5000099468,4600000290,20,30-04-26,101,HRC,COIL,11513:2017,BIS,cr3,72083990,N,7.453,10271829,MATCHED
2000,R_HR_CO,Hot Rolled Black Coil,26EJ0053R0,27.49,2001,2.2,1230,0011000144,JSW Vijayanagar Metallics Limited,26261084,5000099469,4600000290,20,30-04-26,101,HRC,COIL,11513:2017,BIS,cr3,72083990,N,7.453,30712219,MATCHED
2000,R_HR_CO,Hot Rolled Black Coil,26EJ0054R0,27.46,2001,2.2,1230,0011000144,JSW Vijayanagar Metallics Limited,26261537,5000099471,4600000290,20,30-04-26,101,HRC,COIL,11513:2017,BIS,cr3,72083990,N,7.453,47354861,MATCHED
2000,R_HR_CO,Hot Rolled Black Coil,26EJ0055R0,27.535,2001,2.2,1230,0011000144,JSW Vijayanagar Metallics Limited,26261093,5000099472,4600000290,20,30-04-26,101,HRC,COIL,11513:2017,BIS,cr3,72083990,N,7.453,31125258,MATCHED
2000,R_HR_CO,Hot Rolled Black Coil,26EJ0056R0,27.495,2001,2.2,1230,0011000144,JSW Vijayanagar Metallics Limited,26261541,5000099473,4600000290,20,30-04-26,101,HRC,COIL,11513:2017,BIS,cr3,72083990,N,7.453,38984206,MATCHED
2000,R_HR_CO,Hot Rolled Black Coil,26EJ0057R0,27.225,2001,2.2,1230,0011000144,JSW Vijayanagar Metallics Limited,26261079,5000099474,4600000290,20,30-04-26,101,HRC,COIL,11513:2017,BIS,cr3,72083990,N,7.453,67408705,MATCHED
2000,R_HR_CO,Hot Rolled Black Coil,26EJ0058R0,27.495,2001,2.2,1230,0011000144,JSW Vijayanagar Metallics Limited,26261064,5000099475,4600000290,20,30-04-26,101,HRC,COIL,11513:2017,BIS,cr3,72083990,N,7.453,79628288,MATCHED
2000,R_HR_CO,Hot Rolled Black Coil,26EJ0059R0,27.385,2001,2.2,1230,0011000144,JSW Vijayanagar Metallics Limited,26261086,5000099476,4600000290,20,30-04-26,101,HRC,COIL,11513:2017,BIS,cr3,72083990,N,7.453,48802087,MATCHED
2000,R_HR_CO,Hot Rolled Black Coil,26EJ0060R0,27.46,2001,2.5,1230,0011000144,JSW Vijayanagar Metallics Limited,26261061,5000099477,4600000290,30,30-04-26,101,HRC,COIL,11513:2017,BIS,cr3,72083990,N,7.453,67783774,MATCHED
2000,R_HR_CO,Hot Rolled Black Coil,26EJ0061R0,27.55,2001,2.2,1230,0011000144,JSW Vijayanagar Metallics Limited,26261098,5000099478,4600000290,20,30-04-26,101,HRC,COIL,11513:2017,BIS,cr3,72083990,N,7.453,93433521,MATCHED
2000,R_HR_CO,Hot Rolled Black Coil,26EJ0062R0,27.64,2001,2.5,1230,0011000144,JSW Vijayanagar Metallics Limited,26261311,5000099479,4600000290,30,30-04-26,101,HRC,COIL,11513:2017,BIS,cr3,72083990,N,7.453,58742413,MATCHED
2000,R_HR_CO,Hot Rolled Black Coil,26EJ0064R0,27.41,2001,2.2,1230,0011000144,JSW Vijayanagar Metallics Limited,26261177,5000099480,4600000285,30,04-04-26,101,HRC,COIL,11513:2017,BIS,cr3,72083990,N,7.453,32052255,MATCHED
2000,R_HR_CO,Hot Rolled Black Coil,26EJ0065R0,27.43,2001,2.2,1230,0011000144,JSW Vijayanagar Metallics Limited,26261176,5000099481,4600000285,30,04-04-26,101,HRC,COIL,11513:2017,BIS,cr3,72083990,N,7.453,22232002,MATCHED
2000,R_HR_CO,Hot Rolled Black Coil,26EJ0066R0,27.09,2001,2.2,1230,0011000144,JSW Vijayanagar Metallics Limited,26261428,5000099482,4600000285,30,04-04-26,101,HRC,COIL,11513:2017,BIS,cr3,72083990,N,7.453,48446083,MATCHED
2000,R_HR_CO,Hot Rolled Black Coil,26EJ0067R0,27.7,2001,2.2,1230,0011000144,JSW Vijayanagar Metallics Limited,26261529,5000099483,4600000285,30,04-04-26,101,HRC,COIL,11513:2017,BIS,cr3,72083990,N,7.453,49214536,MATCHED
2000,R_HR_CO,Hot Rolled Black Coil,26EJ0068R0,27.465,2001,2.2,1230,0011000144,JSW Vijayanagar Metallics Limited,26261404,5000099484,4600000285,30,04-04-26,101,HRC,COIL,11513:2017,BIS,cr3,72083990,N,7.453,72260767,MATCHED
2000,R_HR_CO,Hot Rolled Black Coil,26EJ0069R0,26.405,2001,2.2,1230,0011000144,JSW Vijayanagar Metallics Limited,26260737,5000099486,4600000285,30,04-04-26,101,HRC,COIL,11513:2017,BIS,cr3,72083990,N,7.453,26684743,MATCHED
2000,R_HR_CO,Hot Rolled Black Coil,26EJ0070R0,27.66,2001,2.2,1230,0011000144,JSW Vijayanagar Metallics Limited,26261083,5000099489,4600000285,30,04-04-26,101,HRC,COIL,11513:2017,BIS,cr3,72083990,N,7.453,41009465,MATCHED
2000,R_HR_CO,Hot Rolled Black Coil,26EJ0071R0,27.525,2001,2.5,1230,0011000144,JSW Vijayanagar Metallics Limited,26261415,5000099491,4600000290,30,30-04-26,101,HRC,COIL,11513:2017,BIS,cr3,72083990,N,7.453,59726820,MATCHED
2000,R_HR_CO,Hot Rolled Black Coil,26EJ0072R0,27.27,2001,2.5,1230,0011000144,JSW Vijayanagar Metallics Limited,26257919,5000099494,4600000290,30,30-04-26,101,HRC,COIL,11513:2017,BIS,cr3,72083990,N,7.453,37086751,MATCHED
2000,R_HR_CO,Hot Rolled Black Coil,26EJ0073R0,25.02,2001,2.2,1230,0011000144,JSW Vijayanagar Metallics Limited,26261540,5000099495,4600000290,20,30-04-26,101,HRC,COIL,11513:2017,BIS,cr3,72083990,N,7.453,71114781,MATCHED
2000,R_HR_CO,Hot Rolled Black Coil,26EJ0074R0,27.6,2001,2.2,1230,0011000144,JSW Vijayanagar Metallics Limited,26261095,5000099496,4600000290,20,30-04-26,101,HRC,COIL,11513:2017,BIS,cr3,72083990,N,7.453,55585004,MATCHED
2000,R_HR_CO,Hot Rolled Black Coil,26EJ0075R0,25.71,2001,2.2,1230,0011000144,JSW Vijayanagar Metallics Limited,26261183,5000099497,4600000290,20,30-04-26,101,HRC,COIL,11513:2017,BIS,cr3,72083990,N,7.453,76062585,MATCHED
2000,R_HR_CO,Hot Rolled Black Coil,26EJ0076R0,27.605,2001,2.5,1230,0011000144,JSW Vijayanagar Metallics Limited,26261089,5000099498,4600000290,30,30-04-26,101,HRC,COIL,11513:2017,BIS,cr3,72083990,N,7.453,23921807,MATCHED
2000,R_HR_CO,Hot Rolled Black Coil,26EJ0077R0,27.47,2001,2.5,1230,0011000144,JSW Vijayanagar Metallics Limited,26261062,5000099499,4600000290,30,30-04-26,101,HRC,COIL,11513:2017,BIS,cr3,72083990,N,7.453,33447597,MATCHED
2000,R_HR_CO,Hot Rolled Black Coil,26EJ0078R0,27.645,2001,2.2,1230,0011000144,JSW Vijayanagar Metallics Limited,26261092,5000099500,4600000290,20,30-04-26,101,HRC,COIL,11513:2017,BIS,cr3,72083990,N,7.453,94198684,MATCHED
2000,R_HR_CO,Hot Rolled Black Coil,26EJ0079R0,27.605,2001,2.5,1230,0011000144,JSW Vijayanagar Metallics Limited,26261314,5000099501,4600000290,30,30-04-26,101,HRC,COIL,11513:2017,BIS,cr3,72083990,N,7.453,80972730,MATCHED
2000,R_HR_CO,Hot Rolled Black Coil,26EJ0080R0,27.44,2001,2.2,1230,0011000144,JSW Vijayanagar Metallics Limited,26261535,5000099502,4600000290,20,30-04-26,101,HRC,COIL,11513:2017,BIS,cr3,72083990,N,7.453,14761538,MATCHED
2000,R_HR_CO,Hot Rolled Black Coil,26EJ0081R0,27.44,2001,2.2,1230,0011000144,JSW Vijayanagar Metallics Limited,26261067,5000099503,4600000290,20,30-04-26,101,HRC,COIL,11513:2017,BIS,cr3,72083990,N,7.453,56094956,MATCHED
2000,R_HR_CO,Hot Rolled Black Coil,26EJ0082R0,27.5,2001,2.2,1230,0011000144,JSW Vijayanagar Metallics Limited,26261077,5000099504,4600000290,20,30-04-26,101,HRC,COIL,11513:2017,BIS,cr3,72083990,N,7.453,93266288,MATCHED
2000,R_HR_CO,Hot Rolled Black Coil,26EJ0083R0,27.465,2001,2.5,1230,0011000144,JSW Vijayanagar Metallics Limited,26261071,5000099505,4600000290,30,30-04-26,101,HRC,COIL,11513:2017,BIS,cr3,72083990,N,7.453,19918087,MATCHED
2000,R_HR_CO,Hot Rolled Black Coil,26EJ0084R0,27.435,2001,2.2,1230,0011000144,JSW Vijayanagar Metallics Limited,26261069,5000099506,4600000290,20,30-04-26,101,HRC,COIL,11513:2017,BIS,cr3,72083990,N,7.453,86729090,MATCHED
2000,R_HR_CO,Hot Rolled Black Coil,26EJ0085R0,27.165,2001,2.5,1230,0011000144,JSW Vijayanagar Metallics Limited,26258289,5000099507,4600000290,30,30-04-26,101,HRC,COIL,11513:2017,BIS,cr3,72083990,N,7.453,15367592,MATCHED
2000,R_HR_CO,Hot Rolled Black Coil,26EJ0086R0,27.495,2001,2.5,1230,0011000144,JSW Vijayanagar Metallics Limited,26261080,5000099508,4600000290,30,30-04-26,101,HRC,COIL,11513:2017,BIS,cr3,72083990,N,7.453,36343958,MATCHED
2000,R_HR_CO,Hot Rolled Black Coil,26EJ0087R0,27.955,2001,2.5,1230,0011000144,JSW Vijayanagar Metallics Limited,26261315,5000099509,4600000290,50,30-04-26,101,HRC,COIL,11513:2017,BIS,cr3,72083990,N,7.453,45157062,MATCHED
2000,R_HR_CO,Hot Rolled Black Coil,26EJ0088R0,25.365,2001,2.5,1230,0011000144,JSW Vijayanagar Metallics Limited,26257977,5000099510,4600000290,50,30-04-26,101,HRC,COIL,11513:2017,BIS,cr3,72083990,N,7.453,61837664,MATCHED
2000,R_HR_CO,Hot Rolled Black Coil,26EJ0089R0,27.625,2001,2.2,1230,0011000144,JSW Vijayanagar Metallics Limited,26261168,5000099511,4600000290,20,30-04-26,101,HRC,COIL,11513:2017,BIS,cr3,72083990,N,7.453,37159115,MATCHED
2000,R_HR_CO,Hot Rolled Black Coil,26EJ0090R0,26.265,2001,2.5,1230,0011000144,JSW Vijayanagar Metallics Limited,26257921,5000099512,4600000290,50,30-04-26,101,HRC,COIL,11513:2017,BIS,cr3,72083990,N,7.453,28333107,MATCHED
2000,R_HR_CO,Hot Rolled Black Coil,26EJ0091R0,27.435,2001,2.2,1230,0011000144,JSW Vijayanagar Metallics Limited,26261076,5000099513,4600000290,20,30-04-26,101,HRC,COIL,11513:2017,BIS,cr3,72083990,N,7.453,72526944,MATCHED
2000,R_HR_CO,Hot Rolled Black Coil,26EJ0092R0,27.74,2001,2.5,1230,0011000144,JSW Vijayanagar Metallics Limited,26261173,5000099514,4600000290,50,30-04-26,101,HRC,COIL,11513:2017,BIS,cr3,72083990,N,7.453,39703148,MATCHED
2000,R_HR_CO,Hot Rolled Black Coil,26EJ0093R0,26.69,2001,2.5,1230,0011000144,JSW Vijayanagar Metallics Limited,26258495,5000099515,4600000290,50,30-04-26,101,HRC,COIL,11513:2017,BIS,cr3,72083990,N,7.453,98073339,MATCHED
2000,R_HR_CO,Hot Rolled Black Coil,26EJ0094R0,25.27,2001,2.2,1230,0011000144,JSW Vijayanagar Metallics Limited,26261182,5000099516,4600000290,20,30-04-26,101,HRC,COIL,11513:2017,BIS,cr3,72083990,N,7.453,66662005,MATCHED
2000,R_HR>3MM_CO,Hot Rolled Black Coil 3mm & Above,26EJ0095R0,19.23,2001,3.6,1230,0011000144,JSW Vijayanagar Metallics Limited,26256790,5000099517,4600000290,70,30-04-26,101,HRC,COIL,11513:2017,BIS,cr2,72083890,N,7.453,14337159,MATCHED
2000,R_HR>3MM_CO,Hot Rolled Black Coil 3mm & Above,26EJ0096R0,19.475,2001,3.6,1230,0011000144,JSW Vijayanagar Metallics Limited,26257033,5000099518,4600000290,70,30-04-26,101,HRC,COIL,11513:2017,BIS,cr2,72083890,N,7.453,83041257,MATCHED
2000,R_HR_CO,Hot Rolled Black Coil,26EJ0098R0,27.675,2001,2.2,1230,0011000144,JSW Vijayanagar Metallics Limited,26261169,5000099521,4600000290,20,30-04-26,101,HRC,COIL,11513:2017,BIS,cr3,72083990,N,7.453,73175659,MATCHED
2000,R_HR_CO,Hot Rolled Black Coil,26EJ0099R0,27.635,2001,2.2,1230,0011000144,JSW Vijayanagar Metallics Limited,26261172,5000099522,4600000290,20,30-04-26,101,HRC,COIL,11513:2017,BIS,cr3,72083990,N,7.453,79926582,MATCHED
2000,R_HR_CO,Hot Rolled Black Coil,26EJ0100R0,27.45,2001,2.2,1230,0011000144,JSW Vijayanagar Metallics Limited,26261170,5000099523,4600000290,20,30-04-26,101,HRC,COIL,11513:2017,BIS,cr3,72083990,N,7.453,19475307,MATCHED
2000,R_HR_CO,Hot Rolled Black Coil,26EJ0101R0,26.33,2001,2.2,1230,0011000144,JSW Vijayanagar Metallics Limited,26260736,5000099524,4600000290,20,30-04-26,101,HRC,COIL,11513:2017,BIS,cr3,72083990,N,7.453,23425980,MATCHED
2000,R_HR_CO,Hot Rolled Black Coil,26EJ0102R0,27.645,2001,2.2,1230,0011000144,JSW Vijayanagar Metallics Limited,26261534,5000099525,4600000290,20,30-04-26,101,HRC,COIL,11513:2017,BIS,cr3,72083990,N,7.453,46450115,MATCHED
2000,R_HR_CO,Hot Rolled Black Coil,26EJ0103R0,27.695,2001,2.5,1230,0011000144,JSW Vijayanagar Metallics Limited,26261312,5000099526,4600000290,30,30-04-26,101,HRC,COIL,11513:2017,BIS,cr3,72083990,N,7.453,80273816,MATCHED
2000,R_HR_CO,Hot Rolled Black Coil,26EJ0104R0,27.495,2001,2.5,1230,0011000144,JSW Vijayanagar Metallics Limited,26261400,5000099530,4600000290,30,30-04-26,101,HRC,COIL,11513:2017,BIS,cr3,72083990,N,7.453,50042663,MATCHED
2000,R_HR_CO,Hot Rolled Black Coil,26EJ0105R0,27.445,2001,2.2,1230,0011000144,JSW Vijayanagar Metallics Limited,26261175,5000099532,4600000290,20,30-04-26,101,HRC,COIL,11513:2017,BIS,cr3,72083990,N,7.453,40878872,MATCHED
2000,R_HR_CO,Hot Rolled Black Coil,26EJ0106R0,27.495,2001,2.5,1230,0011000144,JSW Vijayanagar Metallics Limited,26261167,5000099536,4600000290,30,30-04-26,101,HRC,COIL,11513:2017,BIS,cr3,72083990,N,7.453,50287972,MATCHED
2000,R_HR_CO,Hot Rolled Black Coil,26EJ0107R0,27.445,2001,2.2,1230,0011000144,JSW Vijayanagar Metallics Limited,26261073,5000099537,4600000290,20,30-04-26,101,HRC,COIL,11513:2017,BIS,cr3,72083990,N,7.453,35593962,MATCHED
2000,R_HR_CO,Hot Rolled Black Coil,26EJ0108R0,27.335,2001,2.5,1230,0011000144,JSW Vijayanagar Metallics Limited,26261078,5000099539,4600000290,30,30-04-26,101,HRC,COIL,11513:2017,BIS,cr3,72083990,N,7.453,54263910,MATCHED
2000,R_HR_CO,Hot Rolled Black Coil,26EJ0109R0,27.5,2001,2.2,1230,0011000144,JSW Vijayanagar Metallics Limited,26261171,5000099540,4600000290,20,30-04-26,101,HRC,COIL,11513:2017,BIS,cr3,72083990,N,7.453,67543814,MATCHED
2000,R_HR_CO,Hot Rolled Black Coil,26EJ0111R0,27.635,2001,2.2,1230,0011000144,JSW Vijayanagar Metallics Limited,26261091,5000099542,4600000290,20,30-04-26,101,HRC,COIL,11513:2017,BIS,cr3,72083990,N,7.453,75330141,MATCHED
2000,R_HR_CO,Hot Rolled Black Coil,26EJ0112R0,27.495,2001,2.5,1230,0011000144,JSW Vijayanagar Metallics Limited,26257154,5000099543,4600000290,30,30-04-26,101,HRC,COIL,11513:2017,BIS,cr3,72083990,N,7.453,41414884,MATCHED
2000,R_HR_CO,Hot Rolled Black Coil,26EJ0113R0,30.09,2001,2.8,1500,0011000144,JSW Vijayanagar Metallics Limited,26260856,5000099545,4600000290,60,30-04-26,101,HRC,COIL,11513:2017,BIS,cr3,72083990,N,7.453,78488066,MATCHED
2000,R_HR_CO,Hot Rolled Black Coil,26EJ0114R0,30.125,2001,2.8,1500,0011000144,JSW Vijayanagar Metallics Limited,26261117,5000099549,4600000290,60,30-04-26,101,HRC,COIL,11513:2017,BIS,cr3,72083990,N,7.453,25406216,MATCHED
2000,R_HR_CO,Hot Rolled Black Coil,26EJ0115R0,27.54,2001,2.5,1230,0011000144,JSW Vijayanagar Metallics Limited,26261087,5000099551,4600000290,30,30-04-26,101,HRC,COIL,11513:2017,BIS,cr3,72083990,N,7.453,79580693,MATCHED
2000,R_HR_CO,Hot Rolled Black Coil,26EJ0116R0,27.525,2001,2.5,1230,0011000144,JSW Vijayanagar Metallics Limited,26261406,5000099552,4600000290,30,30-04-26,101,HRC,COIL,11513:2017,BIS,cr3,72083990,N,7.453,29000543,MATCHED
2000,R_HR_CO,Hot Rolled Black Coil,26EJ0117R0,27.76,2001,2.2,1230,0011000144,JSW Vijayanagar Metallics Limited,26261409,5000099553,4600000290,20,30-04-26,101,HRC,COIL,11513:2017,BIS,cr3,72083990,N,7.453,93454256,MATCHED
2000,R_HR_CO,Hot Rolled Black Coil,26EJ0118R0,27.565,2001,2.2,1230,0011000144,JSW Vijayanagar Metallics Limited,26261527,5000099554,4600000290,20,30-04-26,101,HRC,COIL,11513:2017,BIS,cr3,72083990,N,7.453,24179406,MATCHED
2000,R_HR_CO,Hot Rolled Black Coil,26EJ0119R0,27.43,2001,2.2,1230,0011000144,JSW Vijayanagar Metallics Limited,26261075,5000099556,4600000290,20,30-04-26,101,HRC,COIL,11513:2017,BIS,cr3,72083990,N,7.453,18858835,MATCHED
2000,R_HR_CO,Hot Rolled Black Coil,26EJ0120R0,27.52,2001,2.2,1230,0011000144,JSW Vijayanagar Metallics Limited,26261074,5000099558,4600000290,20,30-04-26,101,HRC,COIL,11513:2017,BIS,cr3,72083990,N,7.453,23119314,MATCHED
2000,R_HR_CO,Hot Rolled Black Coil,26EJ0121R0,23.5,2001,2.2,1230,0011000144,JSW Vijayanagar Metallics Limited,26261419,5000099559,4600000290,20,30-04-26,101,HRC,COIL,11513:2017,BIS,cr3,72083990,N,7.453,64314968,MATCHED
2000,R_HR_CO,Hot Rolled Black Coil,26EJ0122R0,25.75,2001,2.5,1230,0011000144,JSW Vijayanagar Metallics Limited,26258290,5000099560,4600000290,30,30-04-26,101,HRC,COIL,11513:2017,BIS,cr3,72083990,N,7.453,26627887,MATCHED
2000,R_HR_CO,Hot Rolled Black Coil,26EJ0123R0,23.7,2001,2.2,1230,0011000144,JSW Vijayanagar Metallics Limited,26261180,5000099561,4600000290,20,30-04-26,101,HRC,COIL,11513:2017,BIS,cr3,72083990,N,7.453,89616321,MATCHED
2000,R_HR_CO,Hot Rolled Black Coil,26EJ0124R0,27.705,2001,2.5,1230,0011000144,JSW Vijayanagar Metallics Limited,26261313,5000099563,4600000290,30,30-04-26,101,HRC,COIL,11513:2017,BIS,cr3,72083990,N,7.453,20504538,MATCHED
2000,R_HR_CO,Hot Rolled Black Coil,26EJ0125R0,27.33,2001,2.2,1230,0011000144,JSW Vijayanagar Metallics Limited,26261522,5000099564,4600000290,20,30-04-26,101,HRC,COIL,11513:2017,BIS,cr3,72083990,N,7.453,82151663,MATCHED
2000,R_HR_CO,Hot Rolled Black Coil,26EJ0126R0,26.025,2001,2.2,1230,0011000144,JSW Vijayanagar Metallics Limited,26258497,5000099569,4600000290,20,30-04-26,101,HRC,COIL,11513:2017,BIS,cr3,72083990,N,7.453,96225855,MATCHED
2000,R_HR_CO,Hot Rolled Black Coil,26EJ0127R0,27.785,2001,2.5,1230,0011000144,JSW Vijayanagar Metallics Limited,26261526,5000099570,4600000290,30,30-04-26,101,HRC,COIL,11513:2017,BIS,cr3,72083990,N,7.453,78161081,MATCHED
2000,R_HR_CO,Hot Rolled Black Coil,26EJ0128R0,26.29,2001,2.5,1230,0011000144,JSW Vijayanagar Metallics Limited,26258119,5000099571,4600000290,50,30-04-26,101,HRC,COIL,11513:2017,BIS,cr3,72083990,N,7.453,62336262,MATCHED
2000,R_HR_CO,Hot Rolled Black Coil,26EJ0129R0,27.575,2001,2.2,1230,0011000144,JSW Vijayanagar Metallics Limited,26261174,5000099572,4600000290,20,30-04-26,101,HRC,COIL,11513:2017,BIS,cr3,72083990,N,7.453,90663018,MATCHED
2000,R_HR_CO,Hot Rolled Black Coil,26EJ0130R0,26.47,2001,2.2,1230,0011000144,JSW Vijayanagar Metallics Limited,26258499,5000099573,4600000290,20,30-04-26,101,HRC,COIL,11513:2017,BIS,cr3,72083990,N,7.453,11418870,MATCHED
2000,R_HR_CO,Hot Rolled Black Coil,26EJ0131R0,29.25,2001,2.5,1230,0011000144,JSW Vijayanagar Metallics Limited,26256182,5000099574,4600000290,50,30-04-26,101,HRC,COIL,11513:2017,BIS,cr3,72083990,N,7.453,38315912,MATCHED
2000,R_HR_CO,Hot Rolled Black Coil,26EJ0132R0,27.505,2001,2.5,1230,0011000144,JSW Vijayanagar Metallics Limited,26261407,5000099575,4600000290,50,30-04-26,101,HRC,COIL,11513:2017,BIS,cr3,72083990,N,7.453,55456918,MATCHED
2000,R_HR_CO,Hot Rolled Black Coil,26EJ0133R0,27.575,2001,2.2,1230,0011000144,JSW Vijayanagar Metallics Limited,26261181,5000099578,4600000290,20,30-04-26,101,HRC,COIL,11513:2017,BIS,cr3,72083990,N,7.453,57481046,MATCHED
2000,R_HR_CO,Hot Rolled Black Coil,26EJ0134R0,27.32,2001,2.2,1230,0011000144,JSW Vijayanagar Metallics Limited,26261178,5000099579,4600000290,20,30-04-26,101,HRC,COIL,11513:2017,BIS,cr3,72083990,N,7.453,71040167,MATCHED
2000,R_HR_CO,Hot Rolled Black Coil,26EJ0135R0,27.07,2001,2.2,1230,0011000144,JSW Vijayanagar Metallics Limited,26261425,5000099580,4600000290,20,30-04-26,101,HRC,COIL,11513:2017,BIS,cr3,72083990,N,7.453,14196701,MATCHED
2000,R_HR_CO,Hot Rolled Black Coil,26EJ0136R0,27.56,2001,2.2,1230,0011000144,JSW Vijayanagar Metallics Limited,26261088,5000099582,4600000290,20,30-04-26,101,HRC,COIL,11513:2017,BIS,cr3,72083990,N,7.453,29405786,MATCHED
2000,R_HR_CO,Hot Rolled Black Coil,26EJ0137R0,27.595,2001,2.2,1230,0011000144,JSW Vijayanagar Metallics Limited,26261412,5000099583,4600000290,20,30-04-26,101,HRC,COIL,11513:2017,BIS,cr3,72083990,N,7.453,12590670,MATCHED
2000,R_HR_CO,Hot Rolled Black Coil,26EJ0138R0,27.47,2001,2.2,1230,0011000144,JSW Vijayanagar Metallics Limited,26261066,5000099584,4600000290,20,30-04-26,101,HRC,COIL,11513:2017,BIS,cr3,72083990,N,7.453,40021246,MATCHED
2000,R_HR_CO,Hot Rolled Black Coil,26EJ0139R0,27.695,2001,2.5,1230,0011000144,JSW Vijayanagar Metallics Limited,26261308,5000099585,4600000290,50,30-04-26,101,HRC,COIL,11513:2017,BIS,cr3,72083990,N,7.453,71416464,MATCHED
2000,R_HR>3MM_CO,Hot Rolled Black Coil 3mm & Above,26EJ0140R0,30.17,2001,3,1500,0011000144,JSW Vijayanagar Metallics Limited,26260916,5000099587,4600000287,200,30-04-26,101,HRC,COIL,11513:2017,BIS,cr3,72083890,N,7.453,85254779,MATCHED
2000,R_HR>3MM_CO,Hot Rolled Black Coil 3mm & Above,26EJ0141R0,30.145,2001,3,1500,0011000144,JSW Vijayanagar Metallics Limited,26261116,5000099588,4600000287,200,30-04-26,101,HRC,COIL,11513:2017,BIS,cr3,72083890,N,7.453,56488133,MATCHED
2000,R_HR>3MM_CO,Hot Rolled Black Coil 3mm & Above,26EJ0142R0,25.3,2001,3.6,1260,0011000144,JSW Vijayanagar Metallics Limited,26259003,5000099617,4600000290,80,30-04-26,101,HRC,COIL,11513:2017,BIS,cr2,72083890,N,7.453,98681284,MATCHED
2000,R_HR_CO,Hot Rolled Black Coil,26EJ0143R0,25.315,2001,2.5,1230,0011000144,JSW Vijayanagar Metallics Limited,26261179,5000099619,4600000290,30,30-04-26,101,HRC,COIL,11513:2017,BIS,cr3,72083990,N,7.453,71915857,MATCHED
2000,R_HR_CO,Hot Rolled Black Coil,26EJ0144R0,24.735,2001,2.5,1230,0011000144,JSW Vijayanagar Metallics Limited,26258288,5000099620,4600000290,50,30-04-26,101,HRC,COIL,11513:2017,BIS,cr3,72083990,N,7.453,85125545,MATCHED
2000,R_HR_CO,Hot Rolled Black Coil,26EJ0145R0,27.225,2001,2.2,1230,0011000144,JSW Vijayanagar Metallics Limited,26261072,5000099621,4600000290,20,30-04-26,101,HRC,COIL,11513:2017,BIS,cr3,72083990,N,7.453,45257158,MATCHED
2000,R_HR_CO,Hot Rolled Black Coil,26EJ0146R0,24.24,2001,2.5,1230,0011000144,JSW Vijayanagar Metallics Limited,26261521,5000099622,4600000290,50,30-04-26,101,HRC,COIL,11513:2017,BIS,cr3,72083990,N,7.453,94406506,MATCHED
2000,R_HR_CO,Hot Rolled Black Coil,26EJ0147R0,27.465,2001,2.2,1230,0011000144,JSW Vijayanagar Metallics Limited,26261068,5000099623,4600000290,20,30-04-26,101,HRC,COIL,11513:2017,BIS,cr3,72083990,N,7.453,93071985,MATCHED
2000,R_HR>3MM_CO,Hot Rolled Black Coil 3mm & Above,26EJ0148R0,30.46,2001,3,1500,0011000144,JSW Vijayanagar Metallics Limited,26260851,5000099625,4600000290,100,30-04-26,101,HRC,COIL,11513:2017,BIS,cr2,72083890,N,7.453,34301059,MATCHED
2000,R_HR_CO,Hot Rolled Black Coil,26EJ0149R0,27.61,2001,2.2,1230,0011000144,JSW Vijayanagar Metallics Limited,26261082,5000099629,4600000290,20,30-04-26,101,HRC,COIL,11513:2017,BIS,cr3,72083990,N,7.453,14187634,MATCHED
2000,R_HR_CO,Hot Rolled Black Coil,26EJ0150R0,27.5,2001,2.2,1230,0011000144,JSW Vijayanagar Metallics Limited,26261411,5000099630,4600000290,20,30-04-26,101,HRC,COIL,11513:2017,BIS,cr3,72083990,N,7.453,57954110,MATCHED
2000,R_HR_CO,Hot Rolled Black Coil,26EJ0151R0,23.14,2001,2.2,1230,0011000144,JSW Vijayanagar Metallics Limited,26261520,5000099631,4600000290,110,30-04-26,101,HRC,COIL,11513:2017,BIS,cr3,72083990,N,7.453,76101763,MATCHED
2000,R_HR_CO,Hot Rolled Black Coil,26EJ0152R0,26.39,2001,2.2,1230,0011000144,JSW Vijayanagar Metallics Limited,26260738,5000099632,4600000290,110,30-04-26,101,HRC,COIL,11513:2017,BIS,cr3,72083990,N,7.453,52001619,MATCHED
2000,R_HR_CO,Hot Rolled Black Coil,26EJ0153R0,27.46,2001,2.5,1230,0011000144,JSW Vijayanagar Metallics Limited,26261070,5000099634,4600000290,50,30-04-26,101,HRC,COIL,11513:2017,BIS,cr3,72083990,N,7.453,96733321,MATCHED
2000,R_HR_CO,Hot Rolled Black Coil,26EJ0154R0,27.91,2001,2.5,1230,0011000144,JSW Vijayanagar Metallics Limited,26261316,5000099636,4600000290,50,30-04-26,101,HRC,COIL,11513:2017,BIS,cr3,72083990,N,7.453,96836877,MATCHED
2000,R_HR_CO,Hot Rolled Black Coil,26EJ0155R0,27.775,2001,2.5,1230,0011000144,JSW Vijayanagar Metallics Limited,26261307,5000099637,4600000290,50,30-04-26,101,HRC,COIL,11513:2017,BIS,cr3,72083990,N,7.453,14280679,MATCHED
2000,R_HR_CO,Hot Rolled Black Coil,26EJ0156R0,21.16,2001,2.5,1250,0011000144,JSW Vijayanagar Metallics Limited,26251544,5000099654,4600000285,70,04-04-26,101,HRC,COIL,11513:2017,BIS,HR2,72083990,N,7.453,95428923,MATCHED
2000,R_HR_CO,Hot Rolled Black Coil,26EJ0157R0,27.365,2001,2.2,1230,0011000144,JSW Vijayanagar Metallics Limited,26262184,5000099667,4600000290,110,30-04-26,101,HRC,COIL,11513:2017,BIS,cr3,72083990,N,7.453,49799910,MATCHED
2000,R_HR_CO,Hot Rolled Black Coil,26EJ0158R0,26.835,2001,2.5,1230,0011000144,JSW Vijayanagar Metallics Limited,26262055,5000099668,4600000290,50,30-04-26,101,HRC,COIL,11513:2017,BIS,cr3,72083990,N,7.453,48351175,MATCHED
2000,R_HR_CO,Hot Rolled Black Coil,26EJ0159R0,27.585,2001,2.2,1230,0011000144,JSW Vijayanagar Metallics Limited,26261543,5000099669,4600000290,110,30-04-26,101,HRC,COIL,11513:2017,BIS,cr3,72083990,N,7.453,46796969,MATCHED
2000,R_HR_CO,Hot Rolled Black Coil,26EJ0160R0,27.525,2001,2.5,1230,0011000144,JSW Vijayanagar Metallics Limited,26262154,5000099680,4600000290,50,30-04-26,101,HRC,COIL,11513:2017,BIS,cr3,72083990,N,7.453,38241899,MATCHED
2000,R_HR_CO,Hot Rolled Black Coil,26EJ0161R0,27.47,2001,2.2,1230,0011000144,JSW Vijayanagar Metallics Limited,26262173,5000099683,4600000290,110,30-04-26,101,HRC,COIL,11513:2017,BIS,cr3,72083990,N,7.453,78225307,MATCHED
2000,R_HR_CO,Hot Rolled Black Coil,26EJ0162R0,27.365,2001,2.2,1230,0011000144,JSW Vijayanagar Metallics Limited,26262050,5000099684,4600000290,110,30-04-26,101,HRC,COIL,11513:2017,BIS,cr3,72083990,N,7.453,69143675,MATCHED
2000,R_HR>3MM_CO,Hot Rolled Black Coil 3mm & Above,26EJ0163R0,25.345,2001,3,1500,0011000144,JSW Vijayanagar Metallics Limited,26262556,5000099685,4600000290,100,30-04-26,101,HRC,COIL,11513:2017,BIS,cr2,72083890,N,7.453,96582676,MATCHED
2000,R_HR_CO,Hot Rolled Black Coil,26EJ0164R0,26.835,2001,2.2,1230,0011000144,JSW Vijayanagar Metallics Limited,26262054,5000099688,4600000290,110,30-04-26,101,HRC,COIL,11513:2017,BIS,cr3,72083990,N,7.453,78696483,MATCHED
2000,R_HR_CO,Hot Rolled Black Coil,26EJ0165R0,27.67,2001,2.2,1230,0011000144,JSW Vijayanagar Metallics Limited,26261525,5000099690,4600000290,110,30-04-26,101,HRC,COIL,11513:2017,BIS,cr3,72083990,N,7.453,19983844,MATCHED
2000,R_HR_CO,Hot Rolled Black Coil,26EJ0166R0,27.365,2001,2.5,1230,0011000144,JSW Vijayanagar Metallics Limited,26262046,5000099691,4600000290,50,30-04-26,101,HRC,COIL,11513:2017,BIS,cr3,72083990,N,7.453,18946007,MATCHED
2000,R_HR_CO,Hot Rolled Black Coil,26EJ0167R0,23.23,2001,2.2,1230,0011000144,JSW Vijayanagar Metallics Limited,26263146,5000099693,4600000290,110,30-04-26,101,HRC,COIL,11513:2017,BIS,cr3,72083990,N,7.453,13669808,MATCHED
2000,R_HR_CO,Hot Rolled Black Coil,26EJ0168R0,23.865,2001,2.5,1230,0011000144,JSW Vijayanagar Metallics Limited,26262612,5000099695,4600000290,50,30-04-26,101,HRC,COIL,11513:2017,BIS,cr3,72083990,N,7.453,63815414,MATCHED
2000,R_HR_CO,Hot Rolled Black Coil,26EJ0169R0,27.39,2001,2.2,1230,0011000144,JSW Vijayanagar Metallics Limited,26262170,5000099696,4600000290,110,30-04-26,101,HRC,COIL,11513:2017,BIS,cr3,72083990,N,7.453,71280240,MATCHED
2000,R_HR_CO,Hot Rolled Black Coil,26EJ0170R0,27.46,2001,2.2,1230,0011000144,JSW Vijayanagar Metallics Limited,26262169,5000099698,4600000290,110,30-04-26,101,HRC,COIL,11513:2017,BIS,cr3,72083990,N,7.453,44395326,MATCHED
2000,R_HR_CO,Hot Rolled Black Coil,26EJ0171R0,27.67,2001,2.5,1230,0011000144,JSW Vijayanagar Metallics Limited,26261310,5000099700,4600000290,50,30-04-26,101,HRC,COIL,11513:2017,BIS,cr3,72083990,N,7.453,79346675,MATCHED
2000,R_HR_CO,Hot Rolled Black Coil,26EJ0172R0,27.47,2001,2.2,1230,0011000144,JSW Vijayanagar Metallics Limited,26262158,5000099702,4600000290,110,30-04-26,101,HRC,COIL,11513:2017,BIS,cr3,72083990,N,7.453,12943977,MATCHED
2000,R_HR_CO,Hot Rolled Black Coil,26EJ0173R0,25.765,2001,2.2,1230,0011000144,JSW Vijayanagar Metallics Limited,26263152,5000099703,4600000290,110,30-04-26,101,HRC,COIL,11513:2017,BIS,cr3,72083990,N,7.453,65263200,MATCHED
2000,R_HR_CO,Hot Rolled Black Coil,26EJ0174R0,26.375,2001,2.2,1230,0011000144,JSW Vijayanagar Metallics Limited,26261531,5000099704,4600000290,110,30-04-26,101,HRC,COIL,11513:2017,BIS,cr3,72083990,N,7.453,92055908,MATCHED
2000,R_HR_CO,Hot Rolled Black Coil,26EJ0175R0,27.455,2001,2.2,1230,0011000144,JSW Vijayanagar Metallics Limited,26262157,5000099705,4600000290,110,30-04-26,101,HRC,COIL,11513:2017,BIS,cr3,72083990,N,7.453,42481487,MATCHED
2000,R_HR_CO,Hot Rolled Black Coil,26EJ0176R0,27.48,2001,2.2,1230,0011000144,JSW Vijayanagar Metallics Limited,26262042,5000099726,4600000290,110,30-04-26,101,HRC,COIL,11513:2017,BIS,cr3,72083990,N,7.453,50144052,MATCHED
2000,R_HR_CO,Hot Rolled Black Coil,26EJ0177R0,25.56,2001,2.5,1230,0011000144,JSW Vijayanagar Metallics Limited,26262608,5000099728,4600000290,50,30-04-26,101,HRC,COIL,11513:2017,BIS,cr3,72083990,N,7.453,59853087,MATCHED
2000,R_HR_CO,Hot Rolled Black Coil,26EJ0178R0,27.45,2001,2.5,1230,0011000144,JSW Vijayanagar Metallics Limited,26261402,5000099730,4600000290,50,30-04-26,101,HRC,COIL,11513:2017,BIS,cr3,72083990,N,7.453,91940398,MATCHED
2000,R_HR_CO,Hot Rolled Black Coil,26EJ0179R0,27.515,2001,2.2,1230,0011000144,JSW Vijayanagar Metallics Limited,26262163,5000099731,4600000290,110,30-04-26,101,HRC,COIL,11513:2017,BIS,cr3,72083990,N,7.453,87690147,MATCHED
2000,R_HR>3MM_CO,Hot Rolled Black Coil 3mm & Above,26EJ0180R0,28.515,2001,3,1500,0011000144,JSW Vijayanagar Metallics Limited,26262557,5000099732,4600000290,100,30-04-26,101,HRC,COIL,11513:2017,BIS,cr2,72083890,N,7.453,21229838,MATCHED
2000,R_HR_CO,Hot Rolled Black Coil,26EJ0181R0,27.42,2001,2.5,1230,0011000144,JSW Vijayanagar Metallics Limited,26262174,5000099733,4600000290,50,30-04-26,101,HRC,COIL,11513:2017,BIS,cr3,72083990,N,7.453,81175446,MATCHED
2000,R_HR_CO,Hot Rolled Black Coil,26EJ0182R0,27.46,2001,2.2,1230,0011000144,JSW Vijayanagar Metallics Limited,26262048,5000099735,4600000290,110,30-04-26,101,HRC,COIL,11513:2017,BIS,cr3,72083990,N,7.453,72695345,MATCHED
2000,R_HR_CO,Hot Rolled Black Coil,26EJ0183R0,27.64,2001,2.2,1230,0011000144,JSW Vijayanagar Metallics Limited,26261544,5000099736,4600000290,110,30-04-26,101,HRC,COIL,11513:2017,BIS,cr3,72083990,N,7.453,29642325,MATCHED
2000,R_HR_CO,Hot Rolled Black Coil,26EJ0184R0,27.315,2001,2.2,1230,0011000144,JSW Vijayanagar Metallics Limited,26261429,5000099739,4600000290,110,30-04-26,101,HRC,COIL,11513:2017,BIS,cr3,72083990,N,7.453,52192747,MATCHED
2000,R_HR_CO,Hot Rolled Black Coil,26EJ0185R0,27.82,2001,2.2,1230,0011000144,JSW Vijayanagar Metallics Limited,26262450,5000099740,4600000290,110,30-04-26,101,HRC,COIL,11513:2017,BIS,cr3,72083990,N,7.453,32372454,MATCHED
2000,R_HR_CO,Hot Rolled Black Coil,26EJ0186R0,27.475,2001,2.5,1230,0011000144,JSW Vijayanagar Metallics Limited,26262164,5000099741,4600000290,50,30-04-26,101,HRC,COIL,11513:2017,BIS,cr3,72083990,N,7.453,20873830,MATCHED
2000,R_HR_CO,Hot Rolled Black Coil,26EJ0187R0,27.55,2001,2.5,1230,0011000144,JSW Vijayanagar Metallics Limited,26261538,5000099742,4600000290,50,30-04-26,101,HRC,COIL,11513:2017,BIS,cr3,72083990,N,7.453,94904864,MATCHED
2000,R_HR_CO,Hot Rolled Black Coil,26EJ0188R0,27.47,2001,2.5,1230,0011000144,JSW Vijayanagar Metallics Limited,26261403,5000099744,4600000290,50,30-04-26,101,HRC,COIL,11513:2017,BIS,cr3,72083990,N,7.453,64027189,MATCHED
2000,R_HR_CO,Hot Rolled Black Coil,26EJ0189R0,27.3,2001,2.5,1230,0011000144,JSW Vijayanagar Metallics Limited,26262181,5000099745,4600000290,50,30-04-26,101,HRC,COIL,11513:2017,BIS,cr3,72083990,N,7.453,12208325,MATCHED
2000,R_HR_CO,Hot Rolled Black Coil,26EJ0190R0,26.48,2001,2.5,1230,0011000144,JSW Vijayanagar Metallics Limited,26262616,5000099746,4600000290,50,30-04-26,101,HRC,COIL,11513:2017,BIS,cr3,72083990,N,7.453,11234294,MATCHED
2000,R_HR_CO,Hot Rolled Black Coil,26EJ0191R0,27.485,2001,2.5,1230,0011000144,JSW Vijayanagar Metallics Limited,26262032,5000099747,4600000290,50,30-04-26,101,HRC,COIL,11513:2017,BIS,cr3,72083990,N,7.453,95527495,MATCHED
2000,R_HR_CO,Hot Rolled Black Coil,26EJ0192R0,27.415,2001,2.2,1230,0011000144,JSW Vijayanagar Metallics Limited,26261418,5000099748,4600000290,110,30-04-26,101,HRC,COIL,11513:2017,BIS,cr3,72083990,N,7.453,83308165,MATCHED
2000,R_HR_CO,Hot Rolled Black Coil,26EJ0193R0,27.69,2001,2.5,1230,0011000144,JSW Vijayanagar Metallics Limited,26261309,5000099749,4600000290,50,30-04-26,101,HRC,COIL,11513:2017,BIS,cr3,72083990,N,7.453,11292526,MATCHED
2000,R_HR_CO,Hot Rolled Black Coil,26EJ0194R0,27.445,2001,2.2,1230,0011000144,JSW Vijayanagar Metallics Limited,26262041,5000099752,4600000290,110,30-04-26,101,HRC,COIL,11513:2017,BIS,cr3,72083990,N,7.453,52502825,MATCHED
2000,R_HR_CO,Hot Rolled Black Coil,26EJ0195R0,27.455,2001,2.5,1230,0011000144,JSW Vijayanagar Metallics Limited,26261417,5000099755,4600000290,50,30-04-26,101,HRC,COIL,11513:2017,BIS,cr3,72083990,N,7.453,93263804,MATCHED
2000,R_HR_CO,Hot Rolled Black Coil,26EJ0196R0,27.865,2001,2.5,1230,0011000144,JSW Vijayanagar Metallics Limited,26262323,5000099758,4600000290,50,30-04-26,101,HRC,COIL,11513:2017,BIS,cr3,72083990,N,7.453,87718606,MATCHED
2000,R_HR_CO,Hot Rolled Black Coil,26EJ0197R0,27.395,2001,2.2,1230,0011000144,JSW Vijayanagar Metallics Limited,26262044,5000099760,4600000290,110,30-04-26,101,HRC,COIL,11513:2017,BIS,cr3,72083990,N,7.453,90680531,MATCHED
2000,R_HR_CO,Hot Rolled Black Coil,26EJ0198R0,27.39,2001,2.2,1230,0011000144,JSW Vijayanagar Metallics Limited,26262053,5000099763,4600000290,110,30-04-26,101,HRC,COIL,11513:2017,BIS,cr3,72083990,N,7.453,25641307,MATCHED
2000,R_HR_CO,Hot Rolled Black Coil,26EJ0199R0,27.255,2001,2.2,1230,0011000144,JSW Vijayanagar Metallics Limited,26262160,5000099764,4600000290,110,30-04-26,101,HRC,COIL,11513:2017,BIS,cr3,72083990,N,7.453,81971173,MATCHED
2000,R_HR>3MM_CO,Hot Rolled Black Coil 3mm & Above,26EJ0200R0,24.38,2001,3.6,1230,0011000144,JSW Vijayanagar Metallics Limited,26262062,5000099765,4600000290,70,30-04-26,101,HRC,COIL,11513:2017,BIS,cr2,72083890,N,7.453,38936508,MATCHED
2000,R_HR_CO,Hot Rolled Black Coil,26EJ0201R0,27.16,2001,2.2,1230,0011000144,JSW Vijayanagar Metallics Limited,26261426,5000099766,4600000290,110,30-04-26,101,HRC,COIL,11513:2017,BIS,cr3,72083990,N,7.453,86538413,MATCHED
2000,R_HR_CO,Hot Rolled Black Coil,26EJ0202R0,27.435,2001,2.2,1230,0011000144,JSW Vijayanagar Metallics Limited,26262175,5000099767,4600000290,110,30-04-26,101,HRC,COIL,11513:2017,BIS,cr3,72083990,N,7.453,27802960,MATCHED
2000,R_HR_CO,Hot Rolled Black Coil,26EJ0204R0,27.245,2001,2.5,1230,11000144,JVML-VJNR,26262182,5000099777,4600000290,110,06-05-26,101,HRC,COIL,11513:2017,BIS,cr3,72083990,N,7.453,80073638,MATCHED
2000,R_HR_CO,Hot Rolled Black Coil,26EJ0205R0,27.405,2001,2.2,1230,11000144,JVML-VJNR,26262159,5000099776,4600000290,50,06-05-26,101,HRC,COIL,11513:2017,BIS,cr3,72083990,N,7.453,83169278,MATCHED
2000,R_HR_CO,Hot Rolled Black Coil,26EJ0206R0,27.295,2001,2.2,1230,0011000144,JSW Vijayanagar Metallics Limited,26262176,5000099778,4600000290,110,30-04-26,101,HRC,COIL,11513:2017,BIS,cr3,72083990,N,7.453,27033842,MATCHED
2000,R_HR_CO,Hot Rolled Black Coil,26EJ0207R0,24.91,2001,2.5,1230,0011000144,JSW Vijayanagar Metallics Limited,26262321,5000099780,4600000290,50,30-04-26,101,HRC,COIL,11513:2017,BIS,cr3,72083990,N,7.453,58109903,MATCHED
2000,R_HR_CO,Hot Rolled Black Coil,26EJ0208R0,25.41,2001,2.2,1230,0011000144,JSW Vijayanagar Metallics Limited,26263416,5000099781,4600000290,110,30-04-26,101,HRC,COIL,11513:2017,BIS,cr3,72083990,N,7.453,71796314,MATCHED
2000,R_HR_CO,Hot Rolled Black Coil,26EJ0209R0,27.77,2001,2.2,1230,0011000144,JSW Vijayanagar Metallics Limited,26261536,5000099782,4600000290,110,30-04-26,101,HRC,COIL,11513:2017,BIS,cr3,72083990,N,7.453,55345261,MATCHED
2000,R_HR_CO,Hot Rolled Black Coil,26EJ0210R0,24.965,2001,2.2,1230,0011000144,JSW Vijayanagar Metallics Limited,26262051,5000099783,4600000290,110,30-04-26,101,HRC,COIL,11513:2017,BIS,cr3,72083990,N,7.453,62362952,MATCHED
2000,R_HR_CO,Hot Rolled Black Coil,26EJ0211R0,27.785,2001,2.5,1230,0011000144,JSW Vijayanagar Metallics Limited,26261532,5000099785,4600000290,50,30-04-26,101,HRC,COIL,11513:2017,BIS,cr3,72083990,N,7.453,67618111,MATCHED
2000,R_HR_CO,Hot Rolled Black Coil,26EJ0212R0,27.7,2001,2.2,1230,0011000144,JSW Vijayanagar Metallics Limited,26263141,5000099788,4600000290,110,30-04-26,101,HRC,COIL,11513:2017,BIS,cr3,72083990,N,7.453,76109768,MATCHED
2000,R_HR_CO,Hot Rolled Black Coil,26EJ0213R0,27.56,2001,2.2,1230,0011000144,JSW Vijayanagar Metallics Limited,26263417,5000099791,4600000290,110,30-04-26,101,HRC,COIL,11513:2017,BIS,cr3,72083990,N,7.453,94665943,MATCHED
2000,R_HR_CO,Hot Rolled Black Coil,26EJ0214R0,27.295,2001,2.2,1230,0011000144,JSW Vijayanagar Metallics Limited,26262043,5000099795,4600000290,110,30-04-26,101,HRC,COIL,11513:2017,BIS,cr3,72083990,N,7.453,27747054,MATCHED
2000,R_HR_CO,Hot Rolled Black Coil,26EJ0215R0,27.74,2001,2.5,1230,0011000144,JSW Vijayanagar Metallics Limited,26261306,5000099797,4600000290,50,30-04-26,101,HRC,COIL,11513:2017,BIS,cr3,72083990,N,7.453,92584171,MATCHED
2000,R_HR_CO,Hot Rolled Black Coil,26EJ0216R0,26.865,2001,2.5,1230,0011000144,JSW Vijayanagar Metallics Limited,26262056,5000099800,4600000290,50,30-04-26,101,HRC,COIL,11513:2017,BIS,cr3,72083990,N,7.453,68324648,MATCHED
2000,R_HR_CO,Hot Rolled Black Coil,26EJ0217R0,27.37,2001,2.2,1230,0011000144,JSW Vijayanagar Metallics Limited,26262045,5000099801,4600000290,110,30-04-26,101,HRC,COIL,11513:2017,BIS,cr3,72083990,N,7.453,65052060,MATCHED
2000,R_HR_CO,Hot Rolled Black Coil,26EJ0218R0,25.7,2001,2.2,1230,0011000144,JSW Vijayanagar Metallics Limited,26263009,5000099802,4600000290,110,30-04-26,101,HRC,COIL,11513:2017,BIS,cr3,72083990,N,7.453,44764469,MATCHED
2000,R_HR_CO,Hot Rolled Black Coil,26EJ0219R0,27.425,2001,2.5,1230,0011000144,JSW Vijayanagar Metallics Limited,26262165,5000099843,4600000290,50,30-04-26,101,HRC,COIL,11513:2017,BIS,cr3,72083990,N,7.453,40310854,MATCHED
2000,R_HR_CO,Hot Rolled Black Coil,26EJ0220R0,27.45,2001,2.5,1230,0011000144,JSW Vijayanagar Metallics Limited,26262156,5000099845,4600000290,50,30-04-26,101,HRC,COIL,11513:2017,BIS,cr3,72083990,N,7.453,16829995,MATCHED
2000,R_HR_CO,Hot Rolled Black Coil,26EJ0221R0,27.505,2001,2.2,1230,0011000144,JSW Vijayanagar Metallics Limited,26262049,5000099854,4600000290,110,30-04-26,101,HRC,COIL,11513:2017,BIS,cr3,72083990,N,7.453,44973440,MATCHED
2000,R_HR_CO,Hot Rolled Black Coil,26EJ0222R0,27.2,2001,2.2,1230,0011000144,JSW Vijayanagar Metallics Limited,26261523,5000099856,4600000290,110,30-04-26,101,HRC,COIL,11513:2017,BIS,cr3,72083990,N,7.453,61523354,MATCHED
2000,R_HR_CO,Hot Rolled Black Coil,26EJ0223R0,27.57,2001,2.2,1230,0011000144,JSW Vijayanagar Metallics Limited,26261317,5000099861,4600000290,110,30-04-26,101,HRC,COIL,11513:2017,BIS,cr3,72083990,N,7.453,90839191,MATCHED
2000,R_HR_CO,Hot Rolled Black Coil,26EJ0224R0,27.33,2001,2.2,1230,0011000144,JSW Vijayanagar Metallics Limited,26262179,5000099862,4600000290,110,30-04-26,101,HRC,COIL,11513:2017,BIS,cr3,72083990,N,7.453,12202986,MATCHED
2000,R_HR_CO,Hot Rolled Black Coil,26EJ0225R0,27.34,2001,2.2,1230,0011000144,JSW Vijayanagar Metallics Limited,26262177,5000099864,4600000290,110,30-04-26,101,HRC,COIL,11513:2017,BIS,cr3,72083990,N,7.453,84832649,MATCHED
2000,R_HR>3MM_CO,Hot Rolled Black Coil 3mm & Above,26EJ0226R0,24.32,2001,3.6,1230,0011000144,JSW Vijayanagar Metallics Limited,26262324,5000099865,4600000290,70,30-04-26,101,HRC,COIL,11513:2017,BIS,cr2,72083890,N,7.453,35202528,MATCHED
2000,R_HR_CO,Hot Rolled Black Coil,26EJ0227R0,27.425,2001,2.2,1230,0011000144,JSW Vijayanagar Metallics Limited,26262168,5000099875,4600000290,110,30-04-26,101,HRC,COIL,11513:2017,BIS,cr3,72083990,N,7.453,69902630,MATCHED
2000,R_HR_CO,Hot Rolled Black Coil,26EJ0228R0,27.45,2001,2.2,1230,0011000144,JSW Vijayanagar Metallics Limited,26261063,5000099876,4600000290,110,30-04-26,101,HRC,COIL,11513:2017,BIS,cr3,72083990,N,7.453,12457515,MATCHED
2000,R_HR_CO,Hot Rolled Black Coil,26EJ0229R0,27.225,2001,2.2,1230,0011000144,JSW Vijayanagar Metallics Limited,26262161,5000099881,4600000290,110,30-04-26,101,HRC,COIL,11513:2017,BIS,cr3,72083990,N,7.453,57363737,MATCHED
2000,R_HR_CO,Hot Rolled Black Coil,26EJ0230R0,27.015,2001,2.2,1230,0011000144,JSW Vijayanagar Metallics Limited,26262171,5000099883,4600000290,110,30-04-26,101,HRC,COIL,11513:2017,BIS,cr3,72083990,N,7.453,70905920,MATCHED
2000,R_HR_CO,Hot Rolled Black Coil,26EJ0231R0,24.88,2001,2.5,1230,0011000144,JSW Vijayanagar Metallics Limited,26262322,5000099886,4600000290,50,30-04-26,101,HRC,COIL,11513:2017,BIS,cr3,72083990,N,7.453,92621970,MATCHED
2000,R_HR_CO,Hot Rolled Black Coil,26EJ0232R0,27.48,2001,2.5,1230,0011000144,JSW Vijayanagar Metallics Limited,26262166,5000099887,4600000290,50,30-04-26,101,HRC,COIL,11513:2017,BIS,cr3,72083990,N,7.453,91953152,MATCHED
2000,R_HR_CO,Hot Rolled Black Coil,26EJ0233R0,27.23,2001,2.2,1230,0011000144,JSW Vijayanagar Metallics Limited,26262162,5000099889,4600000290,110,30-04-26,101,HRC,COIL,11513:2017,BIS,cr3,72083990,N,7.453,43407145,MATCHED
2000,R_HR_CO,Hot Rolled Black Coil,26EJ0234R0,27.72,2001,2.2,1230,0011000144,JSW Vijayanagar Metallics Limited,26261528,5000099892,4600000290,110,30-04-26,101,HRC,COIL,11513:2017,BIS,cr3,72083990,N,7.453,51876978,MATCHED
2000,R_HR_CO,Hot Rolled Black Coil,26EJ0235R0,27.135,2001,2.2,1230,0011000144,JSW Vijayanagar Metallics Limited,26261424,5000099894,4600000290,110,30-04-26,101,HRC,COIL,11513:2017,BIS,cr3,72083990,N,7.453,68655836,MATCHED
2000,R_HR_CO,Hot Rolled Black Coil,26EJ0236R0,27.45,2001,2.2,1230,0011000144,JSW Vijayanagar Metallics Limited,26261542,5000099895,4600000290,110,30-04-26,101,HRC,COIL,11513:2017,BIS,cr3,72083990,N,7.453,74114628,MATCHED
2000,R_HR_CO,Hot Rolled Black Coil,26EJ0237R0,27.37,2001,2.2,1230,0011000144,JSW Vijayanagar Metallics Limited,26262172,5000099897,4600000290,110,30-04-26,101,HRC,COIL,11513:2017,BIS,cr3,72083990,N,7.453,17169143,MATCHED
2000,R_HR_CO,Hot Rolled Black Coil,26EJ0238R0,27.53,2001,2.5,1230,0011000144,JSW Vijayanagar Metallics Limited,26261421,5000099898,4600000290,50,30-04-26,101,HRC,COIL,11513:2017,BIS,cr3,72083990,N,7.453,43818911,MATCHED
2000,R_HR_CO,Hot Rolled Black Coil,26EJ0239R0,27.335,2001,2.2,1230,0011000144,JSW Vijayanagar Metallics Limited,26263142,5000099900,4600000290,110,30-04-26,101,HRC,COIL,11513:2017,BIS,cr3,72083990,N,7.453,20638341,MATCHED
2000,R_HR_CO,Hot Rolled Black Coil,26EJ0240R0,26.975,2001,2.5,1230,0011000144,JSW Vijayanagar Metallics Limited,26256747,5000099901,4600000290,50,30-04-26,101,HRC,COIL,11513:2017,BIS,cr3,72083990,N,7.453,13167685,MATCHED
2000,R_HR_CO,Hot Rolled Black Coil,26EJ0241R0,27.54,2001,2.2,1230,0011000144,JSW Vijayanagar Metallics Limited,26263150,5000099904,4600000290,110,30-04-26,101,HRC,COIL,11513:2017,BIS,cr3,72083990,N,7.453,60152442,MATCHED
2000,R_HR_CO,Hot Rolled Black Coil,26EJ0242R0,27.305,2001,2.5,1230,0011000144,JSW Vijayanagar Metallics Limited,26262033,5000099906,4600000290,50,30-04-26,101,HRC,COIL,11513:2017,BIS,cr3,72083990,N,7.453,23280536,MATCHED
2000,R_HR_CO,Hot Rolled Black Coil,26EJ0243R0,22.755,2001,2.5,1230,0011000144,JSW Vijayanagar Metallics Limited,26262614,5000099912,4600000290,50,30-04-26,101,HRC,COIL,11513:2017,BIS,cr3,72083990,N,7.453,14664225,MATCHED
2000,R_HR_CO,Hot Rolled Black Coil,26EJ0244R0,27.61,2001,2.2,1230,0011000144,JSW Vijayanagar Metallics Limited,26261097,5000099914,4600000290,110,30-04-26,101,HRC,COIL,11513:2017,BIS,cr3,72083990,N,7.453,46252009,MATCHED
2000,R_HR_CO,Hot Rolled Black Coil,26EJ0245R0,27.28,2001,2.2,1230,0011000144,JSW Vijayanagar Metallics Limited,26263143,5000099916,4600000290,110,30-04-26,101,HRC,COIL,11513:2017,BIS,cr3,72083990,N,7.453,69761628,MATCHED
2000,R_HR_CO,Hot Rolled Black Coil,26EJ0246R0,27.425,2001,2.2,1230,0011000144,JSW Vijayanagar Metallics Limited,26262167,5000099918,4600000290,110,30-04-26,101,HRC,COIL,11513:2017,BIS,cr3,72083990,N,7.453,76213034,MATCHED
2000,R_HR_CO,Hot Rolled Black Coil,26EJ0247R0,26.755,2001,2.2,1230,0011000144,JSW Vijayanagar Metallics Limited,26261524,5000099920,4600000290,110,30-04-26,101,HRC,COIL,11513:2017,BIS,cr3,72083990,N,7.453,81133422,MATCHED
2000,R_HR_CO,Hot Rolled Black Coil,26EJ0248R0,26.65,2001,2.2,1230,0011000144,JSW Vijayanagar Metallics Limited,26262449,5000099922,4600000290,110,30-04-26,101,HRC,COIL,11513:2017,BIS,cr3,72083990,N,7.453,39747167,MATCHED
2000,R_HR_CO,Hot Rolled Black Coil,26EJ0249R0,27.58,2001,2.2,1230,0011000144,JSW Vijayanagar Metallics Limited,26261094,5000099923,4600000290,110,30-04-26,101,HRC,COIL,11513:2017,BIS,cr3,72083990,N,7.453,21061918,MATCHED
2000,R_HR_CO,Hot Rolled Black Coil,26EJ0250R0,25.485,2001,2.2,1230,0011000144,JSW Vijayanagar Metallics Limited,26263145,5000099924,4600000290,110,30-04-26,101,HRC,COIL,11513:2017,BIS,cr3,72083990,N,7.453,27678987,MATCHED
2000,R_HR_CO,Hot Rolled Black Coil,26EJ0251R0,27.355,2001,2.2,1230,0011000144,JSW Vijayanagar Metallics Limited,26263144,5000099925,4600000290,110,30-04-26,101,HRC,COIL,11513:2017,BIS,cr3,72083990,N,7.453,74080869,MATCHED
2000,R_HR_CO,Hot Rolled Black Coil,26EJ0252R0,27.385,2001,2.2,1230,0011000144,JSW Vijayanagar Metallics Limited,26261405,5000099927,4600000290,110,30-04-26,101,HRC,COIL,11513:2017,BIS,cr3,72083990,N,7.453,38055738,MATCHED
2000,R_HR_CO,Hot Rolled Black Coil,26EJ0253R0,27.49,2001,2.5,1230,0011000144,JSW Vijayanagar Metallics Limited,26261401,5000099928,4600000290,50,30-04-26,101,HRC,COIL,11513:2017,BIS,cr3,72083990,N,7.453,27811136,MATCHED
2000,R_HR_CO,Hot Rolled Black Coil,26EJ0254R0,27.475,2001,2.5,1230,0011000144,JSW Vijayanagar Metallics Limited,26262155,5000099930,4600000290,50,30-04-26,101,HRC,COIL,11513:2017,BIS,cr3,72083990,N,7.453,67047725,MATCHED
2000,R_HR_CO,Hot Rolled Black Coil,26EJ0255R0,27.34,2001,2.5,1230,0011000144,JSW Vijayanagar Metallics Limited,26262047,5000099932,4600000290,50,30-04-26,101,HRC,COIL,11513:2017,BIS,cr3,72083990,N,7.453,51627757,MATCHED
2000,R_HR_CO,Hot Rolled Black Coil,26EJ0256R0,23.535,2001,2.2,1230,0011000144,JSW Vijayanagar Metallics Limited,26261422,5000099934,4600000290,110,30-04-26,101,HRC,COIL,11513:2017,BIS,cr3,72083990,N,7.453,56769886,MATCHED
2000,R_HR_CO,Hot Rolled Black Coil,26EJ0257R0,27.39,2001,2.5,1230,0011000144,JSW Vijayanagar Metallics Limited,26262178,5000099935,4600000290,50,30-04-26,101,HRC,COIL,11513:2017,BIS,cr3,72083990,N,7.453,38505522,MATCHED
2000,R_HR_CO,Hot Rolled Black Coil,26EJ0258R0,27.235,2001,2.5,1230,0011000144,JSW Vijayanagar Metallics Limited,26262183,5000099937,4600000290,50,30-04-26,101,HRC,COIL,11513:2017,BIS,cr3,72083990,N,7.453,62962393,MATCHED
2000,R_HR_CO,Hot Rolled Black Coil,26EJ0259R0,27.555,2001,2.2,1230,0011000144,JSW Vijayanagar Metallics Limited,26261099,5000099938,4600000290,110,30-04-26,101,HRC,COIL,11513:2017,BIS,cr3,72083990,N,7.453,51416848,MATCHED
2000,R_HR_CO,Hot Rolled Black Coil,26EJ0260R0,26.42,2001,2.5,1230,0011000144,JSW Vijayanagar Metallics Limited,26261390,5000099939,4600000290,50,30-04-26,101,HRC,COIL,11513:2017,BIS,cr3,72083990,N,7.453,85545585,MATCHED
2000,R_HR_CO,Hot Rolled Black Coil,26EJ0261R0,27.17,2001,2.2,1230,0011000144,JSW Vijayanagar Metallics Limited,26261420,5000099941,4600000290,110,30-04-26,101,HRC,COIL,11513:2017,BIS,cr3,72083990,N,7.453,90991477,MATCHED
2000,R_HR_CO,Hot Rolled Black Coil,26EJ0262R0,27.25,2001,2.5,1230,0011000144,JSW Vijayanagar Metallics Limited,26258117,5000099942,4600000290,50,30-04-26,101,HRC,COIL,11513:2017,BIS,cr3,72083990,N,7.453,52006823,MATCHED
2000,R_HR_CO,Hot Rolled Black Coil,26EJ0263R0,27.495,2001,2.2,1230,0011000144,JSW Vijayanagar Metallics Limited,26261423,5000099971,4600000290,110,30-04-26,101,HRC,COIL,11513:2017,BIS,cr3,72083990,N,7.453,95299373,MATCHED
2000,R_HR>3MM_CO,Hot Rolled Black Coil 3mm & Above,26EJ0264R0,29.995,2001,3,1500,0011000144,JSW Vijayanagar Metallics Limited,26262554,5000099973,4600000290,100,30-04-26,101,HRC,COIL,11513:2017,BIS,cr3,72083890,N,7.453,95168122,MATCHED
2000,R_HR>3MM_CO,Hot Rolled Black Coil 3mm & Above,26EJ0265R0,30.27,2001,3,1500,0011000144,JSW Vijayanagar Metallics Limited,26262555,5000099975,4600000290,100,30-04-26,101,HRC,COIL,11513:2017,BIS,cr3,72083890,N,7.453,74421634,MATCHED
2000,R_HR>3MM_CO,Hot Rolled Black Coil 3mm & Above,26EJ0266R0,30.355,2001,3,1500,0011000144,JSW Vijayanagar Metallics Limited,26262413,5000099976,4600000290,100,30-04-26,101,HRC,COIL,11513:2017,BIS,cr3,72083890,N,7.453,61327570,MATCHED
2000,R_HR>3MM_CO,Hot Rolled Black Coil 3mm & Above,26EJ0267R0,31.31,2001,3,1500,0011000144,JSW Vijayanagar Metallics Limited,26262109,5000099978,4600000290,100,30-04-26,101,HRC,COIL,11513:2017,BIS,cr3,72083890,N,7.453,52244201,MATCHED
2000,R_HR>3MM_CO,Hot Rolled Black Coil 3mm & Above,26EJ0268R0,27.225,2001,3,1260,0011000144,JSW Vijayanagar Metallics Limited,26256599,5000099980,4600000290,90,30-04-26,101,HRC,COIL,11513:2017,BIS,cr2,72083890,N,7.453,54329884,MATCHED
2000,R_HR_CO,Hot Rolled Black Coil,26EJ0269R0,27.34,2001,2.2,1230,0011000144,JSW Vijayanagar Metallics Limited,26261065,5000099981,4600000290,110,30-04-26,101,HRC,COIL,11513:2017,BIS,cr3,72083990,N,7.453,42272422,MATCHED
2000,R_HR_CO,Hot Rolled Black Coil,26EJ0270R0,26.565,2001,2.5,1230,0011000144,JSW Vijayanagar Metallics Limited,26261391,5000099985,4600000290,50,30-04-26,101,HRC,COIL,11513:2017,BIS,cr3,72083990,N,7.453,78211099,MATCHED
2000,R_HR>3MM_CO,Hot Rolled Black Coil 3mm & Above,26EJ0271R0,28.08,2001,3,1500,0011000144,JSW Vijayanagar Metallics Limited,26262108,5000099988,4600000290,100,30-04-26,101,HRC,COIL,11513:2017,BIS,cr3,72083890,N,7.453,25672715,MATCHED
2000,R_HR>3MM_CO,Hot Rolled Black Coil 3mm & Above,26EJ0272R0,20.455,2001,3.6,1260,11000144,JVML-VJNR,26254771,5000099993,4600000287,220,30-04-26,101,HRC,COIL,11513:2017,BIS,cr2,72083890,N,7.453,34506296,MATCHED
2000,R_HR_CO,Hot Rolled Black Coil,26EJ0276R0,27.25,2001,2.2,1230,0011000144,JSW Vijayanagar Metallics Limited,26267680,5000100327,4600000295,20,02-05-26,101,HRC,COIL,11513:2017,BIS,cr3,72083990,N,7.453,61475705,MATCHED
2000,R_HR_CO,Hot Rolled Black Coil,26EJ0277R0,27.385,2001,2,1235,0011000144,JSW Vijayanagar Metallics Limited,26268264,5000100331,4600000295,10,02-05-26,101,HRC,COIL,11513:2017,BIS,cr3,72083990,N,7.453,70415300,MATCHED
2000,R_HR_CO,Hot Rolled Black Coil,26EJ0278R0,27.325,2001,2,1235,0011000144,JSW Vijayanagar Metallics Limited,26266481,5000100334,4600000295,10,02-05-26,101,HRC,COIL,11513:2017,BIS,cr3,72083990,N,7.453,86412222,MATCHED
2000,R_HR_CO,Hot Rolled Black Coil,26EJ0279R0,27.42,2001,2.2,1230,0011000144,JSW Vijayanagar Metallics Limited,26266487,5000100335,4600000295,20,02-05-26,101,HRC,COIL,11513:2017,BIS,cr3,72083990,N,7.453,44991262,MATCHED
2000,R_HR_CO,Hot Rolled Black Coil,26EJ0280R0,27.465,2001,2,1235,0011000144,JSW Vijayanagar Metallics Limited,26266735,5000100336,4600000295,10,02-05-26,101,HRC,COIL,11513:2017,BIS,cr3,72083990,N,7.453,84938482,MATCHED
2000,R_HR_CO,Hot Rolled Black Coil,26EJ0281R0,27.47,2001,2,1235,0011000144,JSW Vijayanagar Metallics Limited,26266486,5000100337,4600000295,10,02-05-26,101,HRC,COIL,11513:2017,BIS,cr3,72083990,N,7.453,53803837,MATCHED
2000,R_HR_CO,Hot Rolled Black Coil,26EJ0282R0,27.315,2001,2.2,1230,0011000144,JSW Vijayanagar Metallics Limited,26268367,5000100338,4600000295,20,02-05-26,101,HRC,COIL,11513:2017,BIS,cr3,72083990,N,7.453,50217218,MATCHED
2000,R_HR_CO,Hot Rolled Black Coil,26EJ0283R0,27.43,2001,2.2,1230,0011000144,JSW Vijayanagar Metallics Limited,26268252,5000100339,4600000295,20,02-05-26,101,HRC,COIL,11513:2017,BIS,cr3,72083990,N,7.453,94034653,MATCHED
2000,R_HR_CO,Hot Rolled Black Coil,26EJ0284R0,27.36,2001,2,1235,0011000144,JSW Vijayanagar Metallics Limited,26268260,5000100346,4600000295,10,02-05-26,101,HRC,COIL,11513:2017,BIS,cr3,72083990,N,7.453,47747220,MATCHED
2000,R_HR_CO,Hot Rolled Black Coil,26EJ0285R0,27.31,2001,2,1235,0011000144,JSW Vijayanagar Metallics Limited,26266606,5000100349,4600000295,10,02-05-26,101,HRC,COIL,11513:2017,BIS,cr3,72083990,N,7.453,50681914,MATCHED
2000,R_HR_CO,Hot Rolled Black Coil,26EJ0286R0,25.855,2001,2.2,1230,0011000144,JSW Vijayanagar Metallics Limited,26261414,5000100355,4600000295,20,02-05-26,101,HRC,COIL,11513:2017,BIS,cr3,72083990,N,7.453,45048779,MATCHED
2000,R_HR_CO,Hot Rolled Black Coil,26EJ0287R0,24.15,2001,2,1235,0011000144,JSW Vijayanagar Metallics Limited,26266625,5000100356,4600000295,10,02-05-26,101,HRC,COIL,11513:2017,BIS,cr3,72083990,N,7.453,43092712,MATCHED
2000,R_HR_CO,Hot Rolled Black Coil,26EJ0288R0,27.295,2001,2,1235,0011000144,JSW Vijayanagar Metallics Limited,26266620,5000100386,4600000295,10,02-05-26,101,HRC,COIL,11513:2017,BIS,cr3,72083990,N,7.453,90602187,MATCHED
2000,R_HR_CO,Hot Rolled Black Coil,26EJ0289R0,27.315,2001,2,1235,0011000144,JSW Vijayanagar Metallics Limited,26266494,5000100387,4600000295,10,02-05-26,101,HRC,COIL,11513:2017,BIS,cr3,72083990,N,7.453,76805150,MATCHED
2000,R_HR_CO,Hot Rolled Black Coil,26EJ0290R0,27.315,2001,2,1235,0011000144,JSW Vijayanagar Metallics Limited,26268213,5000100388,4600000295,10,02-05-26,101,HRC,COIL,11513:2017,BIS,cr3,72083990,N,7.453,91058512,MATCHED
2000,R_HR_CO,Hot Rolled Black Coil,26EJ0291R0,27.34,2001,2,1235,0011000144,JSW Vijayanagar Metallics Limited,26266596,5000100389,4600000295,10,02-05-26,101,HRC,COIL,11513:2017,BIS,cr3,72083990,N,7.453,80482011,MATCHED
2000,R_HR_CO,Hot Rolled Black Coil,26EJ0292R0,27.29,2001,2,1235,0011000144,JSW Vijayanagar Metallics Limited,26268210,5000100393,4600000295,10,02-05-26,101,HRC,COIL,11513:2017,BIS,cr3,72083990,N,7.453,25754071,MATCHED
2000,R_HR_CO,Hot Rolled Black Coil,26EJ0293R0,27.29,2001,2,1235,0011000144,JSW Vijayanagar Metallics Limited,26266622,5000100397,4600000295,10,02-05-26,101,HRC,COIL,11513:2017,BIS,cr3,72083990,N,7.453,36465382,MATCHED
2000,R_HR_CO,Hot Rolled Black Coil,26EJ0294R0,27.435,2001,2,1235,0011000144,JSW Vijayanagar Metallics Limited,26266491,5000100402,4600000295,10,02-05-26,101,HRC,COIL,11513:2017,BIS,cr3,72083990,N,7.453,80128682,MATCHED
2000,R_HR_CO,Hot Rolled Black Coil,26EJ0295R0,21.7,2001,2.2,1230,0011000144,JSW Vijayanagar Metallics Limited,26267681,5000100406,4600000295,20,02-05-26,101,HRC,COIL,11513:2017,BIS,cr3,72083990,N,7.453,75053717,MATCHED
2000,R_HR_CO,Hot Rolled Black Coil,26EJ0296R0,27.35,2001,2,1235,0011000144,JSW Vijayanagar Metallics Limited,26268195,5000100408,4600000295,10,02-05-26,101,HRC,COIL,11513:2017,BIS,cr3,72083990,N,7.453,28237004,MATCHED
2000,R_HR_CO,Hot Rolled Black Coil,26EJ0297R0,27.305,2001,2.2,1230,0011000144,JSW Vijayanagar Metallics Limited,26266354,5000100411,4600000295,20,02-05-26,101,HRC,COIL,11513:2017,BIS,cr3,72083990,N,7.453,79281796,MATCHED
2000,R_HR_CO,Hot Rolled Black Coil,26EJ0298R0,27.62,2001,2,1235,0011000144,JSW Vijayanagar Metallics Limited,26266356,5000100414,4600000295,10,02-05-26,101,HRC,COIL,11513:2017,BIS,cr3,72083990,N,7.453,69890321,MATCHED
2000,R_HR_CO,Hot Rolled Black Coil,26EJ0299R0,27.325,2001,2,1235,0011000144,JSW Vijayanagar Metallics Limited,26266365,5000100417,4600000295,10,02-05-26,101,HRC,COIL,11513:2017,BIS,cr3,72083990,N,7.453,39911822,MATCHED
2000,R_HR_CO,Hot Rolled Black Coil,26EJ0300R0,27.35,2001,2,1235,0011000144,JSW Vijayanagar Metallics Limited,26268211,5000100418,4600000295,10,02-05-26,101,HRC,COIL,11513:2017,BIS,cr3,72083990,N,7.453,17880286,MATCHED
2000,R_HR_CO,Hot Rolled Black Coil,26EJ0301R0,27.415,2001,2,1235,0011000144,JSW Vijayanagar Metallics Limited,26268253,5000100421,4600000295,10,02-05-26,101,HRC,COIL,11513:2017,BIS,cr3,72083990,N,7.453,26864454,MATCHED
2000,R_HR_CO,Hot Rolled Black Coil,26EJ0302R0,27.305,2001,2,1235,0011000144,JSW Vijayanagar Metallics Limited,26268206,5000100424,4600000295,10,02-05-26,101,HRC,COIL,11513:2017,BIS,cr3,72083990,N,7.453,57395576,MATCHED
2000,R_HR_CO,Hot Rolled Black Coil,26EJ0303R0,27.315,2001,2,1235,0011000144,JSW Vijayanagar Metallics Limited,26266603,5000100425,4600000295,10,02-05-26,101,HRC,COIL,11513:2017,BIS,cr3,72083990,N,7.453,69850335,MATCHED
2000,R_HR_CO,Hot Rolled Black Coil,26EJ0304R0,27.36,2001,2,1235,0011000144,JSW Vijayanagar Metallics Limited,26268259,5000100426,4600000295,10,02-05-26,101,HRC,COIL,11513:2017,BIS,cr3,72083990,N,7.453,83568199,MATCHED
2000,R_HR_CO,Hot Rolled Black Coil,26EJ0305R0,27.5,2001,2,1235,0011000144,JSW Vijayanagar Metallics Limited,26266612,5000100428,4600000295,10,02-05-26,101,HRC,COIL,11513:2017,BIS,cr3,72083990,N,7.453,46330607,MATCHED
2000,R_HR_CO,Hot Rolled Black Coil,26EJ0306R0,27.26,2001,2,1235,0011000144,JSW Vijayanagar Metallics Limited,26266483,5000100431,4600000295,10,02-05-26,101,HRC,COIL,11513:2017,BIS,cr3,72083990,N,7.453,39468888,MATCHED
2000,R_HR_CO,Hot Rolled Black Coil,26EJ0307R0,27.31,2001,2,1235,0011000144,JSW Vijayanagar Metallics Limited,26266598,5000100433,4600000295,10,02-05-26,101,HRC,COIL,11513:2017,BIS,cr3,72083990,N,7.453,44396100,MATCHED
2000,R_HR_CO,Hot Rolled Black Coil,26EJ0308R0,23.5,2001,2.2,1230,0011000144,JSW Vijayanagar Metallics Limited,26266369,5000100435,4600000295,20,02-05-26,101,HRC,COIL,11513:2017,BIS,cr3,72083990,N,7.453,21587334,MATCHED
2000,R_HR_CO,Hot Rolled Black Coil,26EJ0309R0,27.26,2001,2,1235,0011000144,JSW Vijayanagar Metallics Limited,26268373,5000100437,4600000295,10,02-05-26,101,HRC,COIL,11513:2017,BIS,cr3,72083990,N,7.453,10166301,MATCHED
2000,R_HR_CO,Hot Rolled Black Coil,26EJ0310R0,27.44,2001,2,1235,0011000144,JSW Vijayanagar Metallics Limited,26268266,5000100440,4600000295,10,02-05-26,101,HRC,COIL,11513:2017,BIS,cr3,72083990,N,7.453,36566905,MATCHED
2000,R_HR_CO,Hot Rolled Black Coil,26EJ0311R0,26.21,2001,2.2,1230,0011000144,JSW Vijayanagar Metallics Limited,26261530,5000100442,4600000295,20,02-05-26,101,HRC,COIL,11513:2017,BIS,cr3,72083990,N,7.453,90735882,MATCHED
2000,R_HR_CO,Hot Rolled Black Coil,26EJ0312R0,27.365,2001,2,1235,0011000144,JSW Vijayanagar Metallics Limited,26266492,5000100447,4600000295,10,02-05-26,101,HRC,COIL,11513:2017,BIS,cr3,72083990,N,7.453,52304750,MATCHED
2000,R_HR_CO,Hot Rolled Black Coil,26EJ0313R0,27.285,2001,2,1235,0011000144,JSW Vijayanagar Metallics Limited,26268199,5000100450,4600000295,10,02-05-26,101,HRC,COIL,11513:2017,BIS,cr3,72083990,N,7.453,31662496,MATCHED
2000,R_HR_CO,Hot Rolled Black Coil,26EJ0314R0,23.755,2001,2.2,1230,0011000144,JSW Vijayanagar Metallics Limited,26266618,5000100452,4600000295,20,02-05-26,101,HRC,COIL,11513:2017,BIS,cr3,72083990,N,7.453,11643338,MATCHED
2000,R_HR_CO,Hot Rolled Black Coil,26EJ0315R0,27.38,2001,2,1235,0011000144,JSW Vijayanagar Metallics Limited,26268214,5000100454,4600000295,10,02-05-26,101,HRC,COIL,11513:2017,BIS,cr3,72083990,N,7.453,33357598,MATCHED
2000,R_HR_CO,Hot Rolled Black Coil,26EJ0316R0,27.35,2001,2,1235,0011000144,JSW Vijayanagar Metallics Limited,26268258,5000100455,4600000295,10,02-05-26,101,HRC,COIL,11513:2017,BIS,cr3,72083990,N,7.453,16222617,MATCHED
2000,R_HR_CO,Hot Rolled Black Coil,26EJ0317R0,27.21,2001,2.2,1230,0011000144,JSW Vijayanagar Metallics Limited,26266604,5000100456,4600000295,20,02-05-26,101,HRC,COIL,11513:2017,BIS,cr3,72083990,N,7.453,94986469,MATCHED
2000,R_HR_CO,Hot Rolled Black Coil,26EJ0318R0,27.52,2001,2.2,1230,0011000144,JSW Vijayanagar Metallics Limited,26268262,5000100462,4600000295,20,02-05-26,101,HRC,COIL,11513:2017,BIS,cr3,72083990,N,7.453,21969878,MATCHED
2000,R_HR_CO,Hot Rolled Black Coil,26EJ0319R0,26.095,2001,2.2,1230,0011000144,JSW Vijayanagar Metallics Limited,26263151,5000100464,4600000295,20,02-05-26,101,HRC,COIL,11513:2017,BIS,cr3,72083990,N,7.453,99359040,MATCHED
2000,R_HR_CO,Hot Rolled Black Coil,26EJ0320R0,27.475,2001,2,1235,0011000144,JSW Vijayanagar Metallics Limited,26266602,5000100469,4600000295,10,02-05-26,101,HRC,COIL,11513:2017,BIS,cr3,72083990,N,7.453,72250960,MATCHED
2000,R_HR_CO,Hot Rolled Black Coil,26EJ0321R0,27.335,2001,2,1235,0011000144,JSW Vijayanagar Metallics Limited,26268200,5000100470,4600000295,10,02-05-26,101,HRC,COIL,11513:2017,BIS,cr3,72083990,N,7.453,75764525,MATCHED
2000,R_HR_CO,Hot Rolled Black Coil,26EJ0322R0,27.525,2001,2,1235,0011000144,JSW Vijayanagar Metallics Limited,26266608,5000100471,4600000295,10,02-05-26,101,HRC,COIL,11513:2017,BIS,cr3,72083990,N,7.453,96345005,MATCHED
2000,R_HR_CO,Hot Rolled Black Coil,26EJ0323R0,25.54,2001,2,1235,0011000144,JSW Vijayanagar Metallics Limited,26268204,5000100473,4600000295,10,02-05-26,101,HRC,COIL,11513:2017,BIS,cr3,72083990,N,7.453,86532208,MATCHED
2000,R_HR_CO,Hot Rolled Black Coil,26EJ0324R0,27.375,2001,2,1235,0011000144,JSW Vijayanagar Metallics Limited,26266355,5000100477,4600000295,10,02-05-26,101,HRC,COIL,11513:2017,BIS,cr3,72083990,N,7.453,25311718,MATCHED
2000,R_HR_CO,Hot Rolled Black Coil,26EJ0325R0,23.755,2001,2.2,1230,0011000144,JSW Vijayanagar Metallics Limited,26266614,5000100507,4600000295,20,02-05-26,101,HRC,COIL,11513:2017,BIS,cr3,72083990,N,7.453,83494285,MATCHED
2000,R_HR_CO,Hot Rolled Black Coil,26EJ0326R0,27.42,2001,2,1235,0011000144,JSW Vijayanagar Metallics Limited,26266362,5000100517,4600000295,10,02-05-26,101,HRC,COIL,11513:2017,BIS,cr3,72083990,N,7.453,70202934,MATCHED
2000,R_HR_CO,Hot Rolled Black Coil,26EJ0327R0,27.315,2001,2,1235,0011000144,JSW Vijayanagar Metallics Limited,26266489,5000100519,4600000295,10,02-05-26,101,HRC,COIL,11513:2017,BIS,cr3,72083990,N,7.453,30729440,MATCHED
2000,R_HR_CO,Hot Rolled Black Coil,26EJ0328R0,24.49,2001,2,1235,0011000144,JSW Vijayanagar Metallics Limited,26266624,5000100520,4600000295,10,02-05-26,101,HRC,COIL,11513:2017,BIS,cr3,72083990,N,7.453,39385815,MATCHED
2000,R_HR_CO,Hot Rolled Black Coil,26EJ0329R0,27.295,2001,2,1235,0011000144,JSW Vijayanagar Metallics Limited,26266599,5000100527,4600000295,10,02-05-26,101,HRC,COIL,11513:2017,BIS,cr3,72083990,N,7.453,30822541,MATCHED
2000,R_HR_CO,Hot Rolled Black Coil,26EJ0330R0,27.39,2001,2,1235,0011000144,JSW Vijayanagar Metallics Limited,26266478,5000100528,4600000295,10,02-05-26,101,HRC,COIL,11513:2017,BIS,cr3,72083990,N,7.453,78739069,MATCHED
2000,R_HR_CO,Hot Rolled Black Coil,26EJ0331R0,27.31,2001,2,1235,0011000144,JSW Vijayanagar Metallics Limited,26268209,5000100531,4600000295,10,02-05-26,101,HRC,COIL,11513:2017,BIS,cr3,72083990,N,7.453,21908324,MATCHED
2000,R_HR_CO,Hot Rolled Black Coil,26EJ0332R0,27.22,2001,2,1235,0011000144,JSW Vijayanagar Metallics Limited,26266737,5000100532,4600000295,10,02-05-26,101,HRC,COIL,11513:2017,BIS,cr3,72083990,N,7.453,94838307,MATCHED
2000,R_HR_CO,Hot Rolled Black Coil,26EJ0333R0,27.375,2001,2,1235,0011000144,JSW Vijayanagar Metallics Limited,26266358,5000100535,4600000295,10,02-05-26,101,HRC,COIL,11513:2017,BIS,cr3,72083990,N,7.453,83965935,MATCHED
2000,R_HR_CO,Hot Rolled Black Coil,26EJ0334R0,27.295,2001,2,1235,0011000144,JSW Vijayanagar Metallics Limited,26266352,5000100536,4600000295,10,02-05-26,101,HRC,COIL,11513:2017,BIS,cr3,72083990,N,7.453,34340471,MATCHED
2000,R_HR_CO,Hot Rolled Black Coil,26EJ0335R0,27.385,2001,2,1235,0011000144,JSW Vijayanagar Metallics Limited,26266488,5000100537,4600000295,10,02-05-26,101,HRC,COIL,11513:2017,BIS,cr3,72083990,N,7.453,73630541,MATCHED
2000,R_HR_CO,Hot Rolled Black Coil,26EJ0336R0,27.235,2001,2,1235,0011000144,JSW Vijayanagar Metallics Limited,26267890,5000100542,4600000295,10,02-05-26,101,HRC,COIL,11513:2017,BIS,cr3,72083990,N,7.453,96584214,MATCHED
2000,R_HR_CO,Hot Rolled Black Coil,26EJ0337R0,27.32,2001,2,1235,0011000144,JSW Vijayanagar Metallics Limited,26266366,5000100544,4600000295,10,02-05-26,101,HRC,COIL,11513:2017,BIS,cr3,72083990,N,7.453,70620265,MATCHED
2000,R_HR_CO,Hot Rolled Black Coil,26EJ0338R0,27.335,2001,2,1235,0011000144,JSW Vijayanagar Metallics Limited,26266615,5000100545,4600000295,10,02-05-26,101,HRC,COIL,11513:2017,BIS,cr3,72083990,N,7.453,54682138,MATCHED
2000,R_HR_CO,Hot Rolled Black Coil,26EJ0339R0,27.4,2001,2,1235,0011000144,JSW Vijayanagar Metallics Limited,26266359,5000100547,4600000295,10,02-05-26,101,HRC,COIL,11513:2017,BIS,cr3,72083990,N,7.453,63602065,MATCHED
2000,R_HR_CO,Hot Rolled Black Coil,26EJ0340R0,27.24,2001,2,1235,0011000144,JSW Vijayanagar Metallics Limited,26266360,5000100548,4600000295,10,02-05-26,101,HRC,COIL,11513:2017,BIS,cr3,72083990,N,7.453,14142891,MATCHED
2000,R_HR_CO,Hot Rolled Black Coil,26EJ0341R0,27.275,2001,2,1235,0011000144,JSW Vijayanagar Metallics Limited,26266364,5000100550,4600000295,10,02-05-26,101,HRC,COIL,11513:2017,BIS,cr3,72083990,N,7.453,68983620,MATCHED
2000,R_HR_CO,Hot Rolled Black Coil,26EJ0342R0,27.35,2001,2,1235,0011000144,JSW Vijayanagar Metallics Limited,26266361,5000100551,4600000295,10,02-05-26,101,HRC,COIL,11513:2017,BIS,cr3,72083990,N,7.453,43782880,MATCHED
2000,R_HR_CO,Hot Rolled Black Coil,26EJ0343R0,27.39,2001,2,1235,0011000144,JSW Vijayanagar Metallics Limited,26266605,5000100552,4600000295,10,02-05-26,101,HRC,COIL,11513:2017,BIS,cr3,72083990,N,7.453,66985105,MATCHED
2000,R_HR_CO,Hot Rolled Black Coil,26EJ0344R0,27.405,2001,2.2,1230,0011000144,JSW Vijayanagar Metallics Limited,26268261,5000100553,4600000295,20,02-05-26,101,HRC,COIL,11513:2017,BIS,cr3,72083990,N,7.453,10371232,MATCHED
2000,R_HR_CO,Hot Rolled Black Coil,26EJ0345R0,27.49,2001,2.2,1230,0011000144,JSW Vijayanagar Metallics Limited,26266609,5000100554,4600000295,20,02-05-26,101,HRC,COIL,11513:2017,BIS,cr3,72083990,N,7.453,35403031,MATCHED
2000,R_HR_CO,Hot Rolled Black Coil,26EJ0346R0,23.42,2001,2.2,1230,0011000144,JSW Vijayanagar Metallics Limited,26266370,5000100556,4600000295,20,02-05-26,101,HRC,COIL,11513:2017,BIS,cr3,72083990,N,7.453,88123832,MATCHED
2000,R_HR_CO,Hot Rolled Black Coil,26EJ0347R0,24.355,2001,2.2,1230,0011000144,JSW Vijayanagar Metallics Limited,26261416,5000100557,4600000295,20,02-05-26,101,HRC,COIL,11513:2017,BIS,cr3,72083990,N,7.453,67634666,MATCHED
2000,R_HR_CO,Hot Rolled Black Coil,26EJ0348R0,27.155,2001,2.2,1230,0011000144,JSW Vijayanagar Metallics Limited,26268042,5000100558,4600000295,20,02-05-26,101,HRC,COIL,11513:2017,BIS,cr3,72083990,N,7.453,33885047,MATCHED
2000,R_HR_CO,Hot Rolled Black Coil,26EJ0349R0,27.42,2001,2.2,1230,0011000144,JSW Vijayanagar Metallics Limited,26268371,5000100566,4600000295,20,02-05-26,101,HRC,COIL,11513:2017,BIS,cr3,72083990,N,7.453,32379397,MATCHED
2000,R_HR_CO,Hot Rolled Black Coil,26EJ0350R0,27.435,2001,2.2,1230,0011000144,JSW Vijayanagar Metallics Limited,26266477,5000100567,4600000295,20,02-05-26,101,HRC,COIL,11513:2017,BIS,cr3,72083990,N,7.453,32597705,MATCHED
2000,R_HR_CO,Hot Rolled Black Coil,26EJ0351R0,27.32,2001,2.2,1230,0011000144,JSW Vijayanagar Metallics Limited,26268263,5000100568,4600000295,20,02-05-26,101,HRC,COIL,11513:2017,BIS,cr3,72083990,N,7.453,65341118,MATCHED
2000,R_HR_CO,Hot Rolled Black Coil,26EJ0352R0,27.265,2001,2,1235,0011000144,JSW Vijayanagar Metallics Limited,26268372,5000100570,4600000295,10,02-05-26,101,HRC,COIL,11513:2017,BIS,cr3,72083990,N,7.453,62521488,MATCHED
2000,R_HR_CO,Hot Rolled Black Coil,26EJ0353R0,27.4,2001,2.2,1230,0011000144,JSW Vijayanagar Metallics Limited,26266616,5000100571,4600000295,20,02-05-26,101,HRC,COIL,11513:2017,BIS,cr3,72083990,N,7.453,72878817,MATCHED
2000,R_HR_CO,Hot Rolled Black Coil,26EJ0354R0,27.355,2001,2,1235,0011000144,JSW Vijayanagar Metallics Limited,26266363,5000100572,4600000295,10,02-05-26,101,HRC,COIL,11513:2017,BIS,cr3,72083990,N,7.453,78666278,MATCHED
2000,R_HR_CO,Hot Rolled Black Coil,26EJ0355R0,27.35,2001,2.2,1230,0011000144,JSW Vijayanagar Metallics Limited,26266474,5000100575,4600000295,20,02-05-26,101,HRC,COIL,11513:2017,BIS,cr3,72083990,N,7.453,81699116,MATCHED
2000,R_HR_CO,Hot Rolled Black Coil,26EJ0356R0,27.39,2001,2.2,1230,0011000144,JSW Vijayanagar Metallics Limited,26268314,5000100577,4600000295,20,02-05-26,101,HRC,COIL,11513:2017,BIS,cr3,72083990,N,7.453,91664191,MATCHED
2000,R_HR_CO,Hot Rolled Black Coil,26EJ0357R0,27.37,2001,2.2,1230,0011000144,JSW Vijayanagar Metallics Limited,26268369,5000100581,4600000295,20,02-05-26,101,HRC,COIL,11513:2017,BIS,cr3,72083990,N,7.453,51926898,MATCHED
2000,R_HR_CO,Hot Rolled Black Coil,26EJ0358R0,27.515,2001,2,1235,0011000144,JSW Vijayanagar Metallics Limited,26266484,5000100583,4600000295,10,02-05-26,101,HRC,COIL,11513:2017,BIS,cr3,72083990,N,7.453,19005679,MATCHED
2000,R_HR_CO,Hot Rolled Black Coil,26EJ0359R0,27.37,2001,2,1235,0011000144,JSW Vijayanagar Metallics Limited,26266600,5000100584,4600000295,10,02-05-26,101,HRC,COIL,11513:2017,BIS,cr3,72083990,N,7.453,69735510,MATCHED
2000,R_HR_CO,Hot Rolled Black Coil,26EJ0360R0,27.355,2001,2,1235,0011000144,JSW Vijayanagar Metallics Limited,26266479,5000100585,4600000295,10,02-05-26,101,HRC,COIL,11513:2017,BIS,cr3,72083990,N,7.453,15894898,MATCHED
2000,R_HR_CO,Hot Rolled Black Coil,26EJ0361R0,27.445,2001,2,1235,0011000144,JSW Vijayanagar Metallics Limited,26268254,5000100590,4600000295,10,02-05-26,101,HRC,COIL,11513:2017,BIS,cr3,72083990,N,7.453,46000875,MATCHED
2000,R_HR_CO,Hot Rolled Black Coil,26EJ0362R0,27.26,2001,2,1235,0011000144,JSW Vijayanagar Metallics Limited,26266623,5000100592,4600000295,10,02-05-26,101,HRC,COIL,11513:2017,BIS,cr3,72083990,N,7.453,45469414,MATCHED
2000,R_HR_CO,Hot Rolled Black Coil,26EJ0363R0,27.22,2001,2,1235,0011000144,JSW Vijayanagar Metallics Limited,26266733,5000100600,4600000295,10,02-05-26,101,HRC,COIL,11513:2017,BIS,cr3,72083990,N,7.453,87384018,MATCHED
2000,R_HR_CO,Hot Rolled Black Coil,26EJ0364R0,27.34,2001,2.2,1230,0011000144,JSW Vijayanagar Metallics Limited,26268370,5000100601,4600000295,20,02-05-26,101,HRC,COIL,11513:2017,BIS,cr3,72083990,N,7.453,82248481,MATCHED
2000,R_HR_CO,Hot Rolled Black Coil,26EJ0365R0,27.145,2001,2.2,1230,0011000144,JSW Vijayanagar Metallics Limited,26264060,5000100602,4600000295,20,02-05-26,101,HRC,COIL,11513:2017,BIS,cr3,72083990,N,7.453,96865053,MATCHED
2000,R_HR_CO,Hot Rolled Black Coil,26EJ0366R0,27.27,2001,2,1235,0011000144,JSW Vijayanagar Metallics Limited,26266594,5000100603,4600000295,10,02-05-26,101,HRC,COIL,11513:2017,BIS,cr3,72083990,N,7.453,63161759,MATCHED
2000,R_HR_CO,Hot Rolled Black Coil,26EJ0367R0,27.235,2001,2,1235,0011000144,JSW Vijayanagar Metallics Limited,26266595,5000100604,4600000295,10,02-05-26,101,HRC,COIL,11513:2017,BIS,cr3,72083990,N,7.453,34464695,MATCHED
2000,R_HR_CO,Hot Rolled Black Coil,26EJ0368R0,27.27,2001,2,1235,0011000144,JSW Vijayanagar Metallics Limited,26266607,5000100634,4600000295,10,02-05-26,101,HRC,COIL,11513:2017,BIS,cr3,72083990,N,7.453,50022172,MATCHED
2000,R_HR_CO,Hot Rolled Black Coil,26EJ0369R0,27.455,2001,2,1235,0011000144,JSW Vijayanagar Metallics Limited,26266353,5000100635,4600000295,10,02-05-26,101,HRC,COIL,11513:2017,BIS,cr3,72083990,N,7.453,25611957,MATCHED
2000,R_HR_CO,Hot Rolled Black Coil,26EJ0370R0,27.35,2001,2,1235,0011000144,JSW Vijayanagar Metallics Limited,26268203,5000100636,4600000295,10,02-05-26,101,HRC,COIL,11513:2017,BIS,cr3,72083990,N,7.453,24265414,MATCHED
2000,R_HR_CO,Hot Rolled Black Coil,26EJ0371R0,27.255,2001,2,1235,0011000144,JSW Vijayanagar Metallics Limited,26266480,5000100638,4600000295,10,02-05-26,101,HRC,COIL,11513:2017,BIS,cr3,72083990,N,7.453,95658551,MATCHED
2000,R_HR_CO,Hot Rolled Black Coil,26EJ0372R0,27.25,2001,2,1235,0011000144,JSW Vijayanagar Metallics Limited,26268207,5000100639,4600000295,10,02-05-26,101,HRC,COIL,11513:2017,BIS,cr3,72083990,N,7.453,74742665,MATCHED
2000,R_HR_CO,Hot Rolled Black Coil,26EJ0373R0,27.3,2001,2,1235,0011000144,JSW Vijayanagar Metallics Limited,26266597,5000100640,4600000295,10,02-05-26,101,HRC,COIL,11513:2017,BIS,cr3,72083990,N,7.453,45981299,MATCHED
2000,R_HR_CO,Hot Rolled Black Coil,26EJ0374R0,27.4,2001,2,1235,0011000144,JSW Vijayanagar Metallics Limited,26266611,5000100642,4600000295,10,02-05-26,101,HRC,COIL,11513:2017,BIS,cr3,72083990,N,7.453,50682843,MATCHED
2000,R_HR_CO,Hot Rolled Black Coil,26EJ0375R0,26.995,2001,2,1235,0011000144,JSW Vijayanagar Metallics Limited,26266621,5000100643,4600000295,10,02-05-26,101,HRC,COIL,11513:2017,BIS,cr3,72083990,N,7.453,69204765,MATCHED
2000,R_HR_CO,Hot Rolled Black Coil,26EJ0376R0,27.39,2001,2,1235,0011000144,JSW Vijayanagar Metallics Limited,26268208,5000100644,4600000295,10,02-05-26,101,HRC,COIL,11513:2017,BIS,cr3,72083990,N,7.453,24895069,MATCHED
2000,R_HR_CO,Hot Rolled Black Coil,26EJ0377R0,27.31,2001,2,1235,0011000144,JSW Vijayanagar Metallics Limited,26266371,5000100645,4600000295,10,02-05-26,101,HRC,COIL,11513:2017,BIS,cr3,72083990,N,7.453,16933076,MATCHED
2000,R_HR_CO,Hot Rolled Black Coil,26EJ0378R0,27.37,2001,2,1235,0011000144,JSW Vijayanagar Metallics Limited,26268265,5000100646,4600000295,10,02-05-26,101,HRC,COIL,11513:2017,BIS,cr3,72083990,N,7.453,33947270,MATCHED
2000,R_HR_CO,Hot Rolled Black Coil,26EJ0379R0,24.53,2001,2,1235,0011000144,JSW Vijayanagar Metallics Limited,26266732,5000100647,4600000295,10,02-05-26,101,HRC,COIL,11513:2017,BIS,cr3,72083990,N,7.453,32921598,MATCHED
2000,R_HR>3MM_CO,Hot Rolled Black Coil 3mm & Above,26EJ0380R0,24.305,2001,3,1500,0011000144,JSW Vijayanagar Metallics Limited,26264650,5000100649,4600000295,80,02-05-26,101,HRC,COIL,11513:2017,BIS,cr3,72083890,N,7.453,24238982,MATCHED
2000,R_HR_CO,Hot Rolled Black Coil,26EJ0381R0,24.455,2001,2,1235,0011000144,JSW Vijayanagar Metallics Limited,26266731,5000100651,4600000295,10,02-05-26,101,HRC,COIL,11513:2017,BIS,cr3,72083990,N,7.453,48684237,MATCHED
2000,R_HR_CO,Hot Rolled Black Coil,26EJ0382R0,27.425,2001,2,1235,0011000144,JSW Vijayanagar Metallics Limited,26268198,5000100652,4600000295,10,02-05-26,101,HRC,COIL,11513:2017,BIS,cr3,72083990,N,7.453,50877574,MATCHED
2000,R_HR_CO,Hot Rolled Black Coil,26EJ0383R0,21.45,2001,2.5,1230,0011000144,JSW Vijayanagar Metallics Limited,26242990,5000100653,4600000277,90,10-03-26,101,HRC,COIL,11513:2017,BIS,cr3,72083990,N,7.453,53099533,MATCHED
2000,R_HR_CO,Hot Rolled Black Coil,26EJ0384R0,25.75,2001,2,1250,0011000144,JSW Vijayanagar Metallics Limited,26238919,5000100656,4600000279,40,31-03-26,101,HRC,COIL,11513:2017,BIS,HR2,72083990,N,7.453,57877946,MATCHED
2000,R_HR_CO,Hot Rolled Black Coil,26EJ0385R0,21.305,2001,2.5,1230,0011000144,JSW Vijayanagar Metallics Limited,26243362,5000100657,4600000277,90,10-03-26,101,HRC,COIL,11513:2017,BIS,cr3,72083990,N,7.453,53401595,MATCHED
2000,R_HR>3MM_CO,Hot Rolled Black Coil 3mm & Above,26EJ0386R0,21.505,2001,3,1265,0011000144,JSW Vijayanagar Metallics Limited,26239709,5000100659,4600000273,220,10-03-26,101,HRC,COIL,11513:2017,BIS,cr3,72083890,N,7.453,45568151,MATCHED
2000,R_HR_CO,Hot Rolled Black Coil,26EJ0387R0,27.405,2001,2.2,1230,0011000144,JSW Vijayanagar Metallics Limited,26266353,5000100672,4600000295,20,02-05-26,101,HRC,COIL,11513:2017,BIS,cr3,72083990,N,7.453,24698695,MATCHED
2000,R_HR>3MM_CO,Hot Rolled Black Coil 3mm & Above,26EJ0388R0,25.685,2001,3,1500,0011000144,JSW Vijayanagar Metallics Limited,26263210,5000100679,4600000295,80,02-05-26,101,HRC,COIL,11513:2017,BIS,cr3,72083890,N,7.453,65577143,MATCHED
2000,R_HR_CO,Hot Rolled Black Coil,26EJ0389R0,27.25,2001,2.2,1230,0011000144,JSW Vijayanagar Metallics Limited,26268312,5000100709,4600000295,20,02-05-26,101,HRC,COIL,11513:2017,BIS,cr3,72083990,N,7.453,75893911,MATCHED
2000,R_HR_CO,Hot Rolled Black Coil,26EJ0390R0,27.33,2001,2.2,1230,0011000144,JSW Vijayanagar Metallics Limited,26268299,5000100710,4600000295,20,02-05-26,101,HRC,COIL,11513:2017,BIS,cr3,72083990,N,7.453,68678306,MATCHED
2000,R_HR_CO,Hot Rolled Black Coil,26EJ0391R0,26.715,2001,2.2,1230,0011000144,JSW Vijayanagar Metallics Limited,26261427,5000100711,4600000295,20,02-05-26,101,HRC,COIL,11513:2017,BIS,cr3,72083990,N,7.453,58853949,MATCHED
2000,R_HR_CO,Hot Rolled Black Coil,26EJ0392R0,27.29,2001,2.2,1230,0011000144,JSW Vijayanagar Metallics Limited,26266734,5000100712,4600000295,20,02-05-26,101,HRC,COIL,11513:2017,BIS,cr3,72083990,N,7.453,83287040,MATCHED
2000,R_HR_CO,Hot Rolled Black Coil,26EJ0393R0,23.74,2001,2.2,1230,0011000144,JSW Vijayanagar Metallics Limited,26266619,5000100721,4600000295,20,02-05-26,101,HRC,COIL,11513:2017,BIS,cr3,72083990,N,7.453,53569450,MATCHED
2000,R_HR_CO,Hot Rolled Black Coil,26EJ0395R0,21.51,2001,2.2,1230,0011000144,JSW Vijayanagar Metallics Limited,26262180,5000100726,4600000295,20,02-05-26,101,HRC,COIL,11513:2017,BIS,cr3,72083990,N,7.453,71415706,MATCHED
2000,R_HR_CO,Hot Rolled Black Coil,26EJ0443R0,27.27,2001,2,1235,0011000144,JSW Vijayanagar Metallics Limited,26266482,5000100788,4600000295,10,02-05-26,101,HRC,COIL,11513:2017,BIS,cr3,72083990,N,7.453,90607873,MATCHED
2000,R_HR_CO,Hot Rolled Black Coil,26EJ0520R0,17.735,2001,2,1250,11000144,JVML-VJNR,26260408,5000100935,4600000295,140,05-05-26,101,HRC,COIL,11513:2017,BIS,HR2,72083990,N,7.453,78149989,MATCHED
2000,R_HR_CO,Hot Rolled Black Coil,26EJ0533R0,27.56,2001,2.5,1250,0011000144,JSW Vijayanagar Metallics Limited,26271807,5000100978,4600000295,160,05-05-26,101,HRC,COIL,11513:2017,BIS,HR2,72083990,N,7.453,42808331,MATCHED
2000,R_HR_CO,Hot Rolled Black Coil,26EJ0534R0,27.36,2001,2,1235,0011000144,JSW Vijayanagar Metallics Limited,26268212,5000100979,4600000295,10,02-05-26,101,HRC,COIL,11513:2017,BIS,cr3,72083990,N,7.453,59150770,MATCHED
2000,R_HR>3MM_CO,Hot Rolled Black Coil 3mm & Above,26EJ0535R0,27.245,2001,3.6,1260,0011000144,JSW Vijayanagar Metallics Limited,26271677,5000100981,4600000295,190,02-05-26,101,HRC,COIL,11513:2017,BIS,cr2,72083890,N,7.453,22078629,MATCHED
2000,R_HR>3MM_CO,Hot Rolled Black Coil 3mm & Above,26EJ0536R0,27.46,2001,3,1260,0011000144,JSW Vijayanagar Metallics Limited,26271780,5000100982,4600000295,210,02-05-26,101,HRC,COIL,11513:2017,BIS,cr2,72083890,N,7.453,44215659,MATCHED
2000,R_HR>3MM_CO,Hot Rolled Black Coil 3mm & Above,26EJ0537R0,27.895,2001,3.6,1260,0011000144,JSW Vijayanagar Metallics Limited,26271740,5000100983,4600000295,190,02-05-26,101,HRC,COIL,11513:2017,BIS,cr2,72083890,N,7.453,49134544,MATCHED
2000,R_HR>3MM_CO,Hot Rolled Black Coil 3mm & Above,26EJ0538R0,27.63,2001,3,1260,0011000144,JSW Vijayanagar Metallics Limited,26271770,5000100984,4600000295,210,02-05-26,101,HRC,COIL,11513:2017,BIS,cr2,72083890,N,7.453,15682555,MATCHED
2000,R_HR_CO,Hot Rolled Black Coil,26EJ0539R0,27.355,2001,2.2,1230,0011000144,JSW Vijayanagar Metallics Limited,26269025,5000100985,4600000295,120,05-05-26,101,HRC,COIL,11513:2017,BIS,cr3,72083990,N,7.453,93655961,MATCHED
2000,R_HR_CO,Hot Rolled Black Coil,26EJ0540R0,27.52,2001,2,1235,0011000144,JSW Vijayanagar Metallics Limited,26268201,5000100987,4600000295,10,02-05-26,101,HRC,COIL,11513:2017,BIS,cr3,72083990,N,7.453,19037034,MATCHED
2000,R_HR>3MM_CO,Hot Rolled Black Coil 3mm & Above,26EJ0541R0,27.52,2001,3.6,1260,0011000144,JSW Vijayanagar Metallics Limited,26271701,5000100989,4600000295,190,02-05-26,101,HRC,COIL,11513:2017,BIS,cr2,72083890,N,7.453,16314628,MATCHED
2000,R_HR>3MM_CO,Hot Rolled Black Coil 3mm & Above,26EJ0542R0,25.465,2001,3,1260,0011000144,JSW Vijayanagar Metallics Limited,26271776,5000100991,4600000295,210,02-05-26,101,HRC,COIL,11513:2017,BIS,cr2,72083890,N,7.453,12783657,MATCHED
2000,R_HR>3MM_CO,Hot Rolled Black Coil 3mm & Above,26EJ0543R0,27.57,2001,3.6,1260,0011000144,JSW Vijayanagar Metallics Limited,26271672,5000100992,4600000295,200,05-05-26,101,HRC,COIL,11513:2017,BIS,cr2,72083890,N,7.453,66769170,MATCHED
2000,R_HR>3MM_CO,Hot Rolled Black Coil 3mm & Above,26EJ0544R0,27.96,2001,3,1260,0011000144,JSW Vijayanagar Metallics Limited,26271773,5000100993,4600000295,210,02-05-26,101,HRC,COIL,11513:2017,BIS,cr2,72083890,N,7.453,78155145,MATCHED
2000,R_HR_CO,Hot Rolled Black Coil,26EJ0545R0,20.39,2001,2,1235,0011000144,JSW Vijayanagar Metallics Limited,26268216,5000100996,4600000295,10,02-05-26,101,HRC,COIL,11513:2017,BIS,cr3,72083990,N,7.453,34086135,MATCHED
2000,R_HR>3MM_CO,Hot Rolled Black Coil 3mm & Above,26EJ0546R0,27.49,2001,3.6,1260,0011000144,JSW Vijayanagar Metallics Limited,26271692,5000100998,4600000295,190,02-05-26,101,HRC,COIL,11513:2017,BIS,cr2,72083890,N,7.453,31987945,MATCHED
2000,R_HR>3MM_CO,Hot Rolled Black Coil 3mm & Above,26EJ0547R0,27.255,2001,3,1260,0011000144,JSW Vijayanagar Metallics Limited,26271563,5000100999,4600000295,210,02-05-26,101,HRC,COIL,11513:2017,BIS,cr2,72083890,N,7.453,18279758,MATCHED
2000,R_HR>3MM_CO,Hot Rolled Black Coil 3mm & Above,26EJ0548R0,27.585,2001,3.6,1260,0011000144,JSW Vijayanagar Metallics Limited,26271691,5000101001,4600000295,190,02-05-26,101,HRC,COIL,11513:2017,BIS,cr2,72083890,N,7.453,89374955,MATCHED
2000,R_HR_CO,Hot Rolled Black Coil,26EJ0549R0,25.54,2001,2,1235,0011000144,JSW Vijayanagar Metallics Limited,26268255,5000101003,4600000295,10,02-05-26,101,HRC,COIL,11513:2017,BIS,cr3,72083990,N,7.453,39012728,MATCHED
2000,R_HR_CO,Hot Rolled Black Coil,26EJ0550R0,27.465,2001,2,1250,0011000144,JSW Vijayanagar Metallics Limited,26271789,5000101006,4600000295,140,05-05-26,101,HRC,COIL,11513:2017,BIS,HR2,72083990,N,7.453,97437859,MATCHED
2000,R_HR>3MM_CO,Hot Rolled Black Coil 3mm & Above,26EJ0551R0,27.53,2001,3.6,1260,0011000144,JSW Vijayanagar Metallics Limited,26271693,5000101019,4600000295,200,05-05-26,101,HRC,COIL,11513:2017,BIS,cr2,72083890,N,7.453,77017362,MATCHED
2000,R_HR_CO,Hot Rolled Black Coil,26EJ0552R0,24.925,2001,2,1235,0011000144,JSW Vijayanagar Metallics Limited,26267891,5000101020,4600000295,10,02-05-26,101,HRC,COIL,11513:2017,BIS,cr3,72083990,N,7.453,12280247,MATCHED
2000,R_HR>3MM_CO,Hot Rolled Black Coil 3mm & Above,26EJ0553R0,27.4,2001,3.6,1260,0011000144,JSW Vijayanagar Metallics Limited,26271670,5000101023,4600000295,190,02-05-26,101,HRC,COIL,11513:2017,BIS,cr2,72083890,N,7.453,24675811,MATCHED
2000,R_HR_CO,Hot Rolled Black Coil,26EJ0554R0,27.515,2001,2.5,1250,0011000144,JSW Vijayanagar Metallics Limited,26271811,5000101024,4600000295,170,02-05-26,101,HRC,COIL,11513:2017,BIS,HR2,72083990,N,7.453,71537036,MATCHED
2000,R_HR_CO,Hot Rolled Black Coil,26EJ0555R0,27.62,2001,2.5,1250,0011000144,JSW Vijayanagar Metallics Limited,26271806,5000101025,4600000295,160,05-05-26,101,HRC,COIL,11513:2017,BIS,HR2,72083990,N,7.453,24138423,MATCHED
2000,R_HR_CO,Hot Rolled Black Coil,26EJ0556R0,27.36,2001,2,1235,0011000144,JSW Vijayanagar Metallics Limited,26271653,5000101026,4600000295,10,02-05-26,101,HRC,COIL,11513:2017,BIS,cr3,72083990,N,7.453,70684590,MATCHED
2000,R_HR>3MM_CO,Hot Rolled Black Coil 3mm & Above,26EJ0557R0,30.81,2001,3,1500,0011000144,JSW Vijayanagar Metallics Limited,26271349,5000101027,4600000295,80,02-05-26,101,HRC,COIL,11513:2017,BIS,cr3,72083890,N,7.453,96288632,MATCHED
2000,R_HR>3MM_CO,Hot Rolled Black Coil 3mm & Above,26EJ0558R0,26.13,2001,3,1500,0011000144,JSW Vijayanagar Metallics Limited,26270168,5000101030,4600000295,80,02-05-26,101,HRC,COIL,11513:2017,BIS,cr3,72083890,N,7.453,85725408,MATCHED
2000,R_HR_CO,Hot Rolled Black Coil,26EJ0559R0,27.635,2001,2.5,1250,0011000144,JSW Vijayanagar Metallics Limited,26271812,5000101031,4600000295,160,05-05-26,101,HRC,COIL,11513:2017,BIS,HR2,72083990,N,7.453,95490794,MATCHED
2000,R_HR>3MM_CO,Hot Rolled Black Coil 3mm & Above,26EJ0560R0,27.18,2001,3.6,1260,0011000144,JSW Vijayanagar Metallics Limited,26271601,5000101032,4600000295,200,05-05-26,101,HRC,COIL,11513:2017,BIS,cr2,72083890,N,7.453,90743642,MATCHED
2000,R_HR_CO,Hot Rolled Black Coil,26EJ0561R0,27.425,2001,2,1250,0011000144,JSW Vijayanagar Metallics Limited,26271788,5000101033,4600000295,140,05-05-26,101,HRC,COIL,11513:2017,BIS,HR2,72083990,N,7.453,92920638,MATCHED
2000,R_HR_CO,Hot Rolled Black Coil,26EJ0562R0,27.27,2001,2.2,1230,0011000144,JSW Vijayanagar Metallics Limited,26266593,5000101036,4600000295,20,02-05-26,101,HRC,COIL,11513:2017,BIS,cr3,72083990,N,7.453,20206809,MATCHED
2000,R_HR>3MM_CO,Hot Rolled Black Coil 3mm & Above,26EJ0563R0,27.535,2001,3.6,1260,0011000144,JSW Vijayanagar Metallics Limited,26271671,5000101037,4600000295,200,05-05-26,101,HRC,COIL,11513:2017,BIS,cr2,72083890,N,7.453,97341302,MATCHED
2000,R_HR_CO,Hot Rolled Black Coil,26EJ0564R0,21.79,2001,2,1235,0011000144,JSW Vijayanagar Metallics Limited,26268218,5000101038,4600000295,10,02-05-26,101,HRC,COIL,11513:2017,BIS,cr3,72083990,N,7.453,22238796,MATCHED
2000,R_HR_CO,Hot Rolled Black Coil,26EJ0565R0,27.45,2001,2,1250,0011000144,JSW Vijayanagar Metallics Limited,26271791,5000101039,4600000295,150,02-05-26,101,HRC,COIL,11513:2017,BIS,HR2,72083990,N,7.453,55077098,MATCHED
2000,R_HR>3MM_CO,Hot Rolled Black Coil 3mm & Above,26EJ0566R0,27.33,2001,3,1260,0011000144,JSW Vijayanagar Metallics Limited,26271710,5000101040,4600000295,210,02-05-26,101,HRC,COIL,11513:2017,BIS,cr2,72083890,N,7.453,12898578,MATCHED
2000,R_HR_CO,Hot Rolled Black Coil,26EJ0567R0,22.64,2001,2.2,1230,0011000144,JSW Vijayanagar Metallics Limited,26266350,5000101041,4600000295,120,05-05-26,101,HRC,COIL,11513:2017,BIS,cr3,72083990,N,7.453,51169384,MATCHED
2000,R_HR_CO,Hot Rolled Black Coil,26EJ0568R0,21.36,2001,1.6,1250,0011000144,JSW Vijayanagar Metallics Limited,26271819,5000101042,4600000295,130,05-05-26,101,HRC,COIL,11513:2017,BIS,HR2,72083990,N,7.453,20634793,MATCHED
2000,R_HR_CO,Hot Rolled Black Coil,26EJ0569R0,21.755,2001,2,1235,0011000144,JSW Vijayanagar Metallics Limited,26268215,5000101043,4600000295,10,02-05-26,101,HRC,COIL,11513:2017,BIS,cr3,72083990,N,7.453,86256529,MATCHED
2000,R_HR>3MM_CO,Hot Rolled Black Coil 3mm & Above,26EJ0570R0,27.415,2001,3,1260,0011000144,JSW Vijayanagar Metallics Limited,26271711,5000101044,4600000295,210,02-05-26,101,HRC,COIL,11513:2017,BIS,cr2,72083890,N,7.453,96576021,MATCHED
2000,R_HR_CO,Hot Rolled Black Coil,26EJ0571R0,23.425,2001,2,1235,0011000144,JSW Vijayanagar Metallics Limited,26266367,5000101045,4600000295,10,02-05-26,101,HRC,COIL,11513:2017,BIS,cr3,72083990,N,7.453,49063492,MATCHED
2000,R_HR_CO,Hot Rolled Black Coil,26EJ0572R0,27.285,2001,2,1235,0011000144,JSW Vijayanagar Metallics Limited,26268202,5000101048,4600000295,10,02-05-26,101,HRC,COIL,11513:2017,BIS,cr3,72083990,N,7.453,61521592,MATCHED
2000,R_HR_CO,Hot Rolled Black Coil,26EJ0573R0,27.38,2001,2,1235,0011000144,JSW Vijayanagar Metallics Limited,26271654,5000101049,4600000295,10,02-05-26,101,HRC,COIL,11513:2017,BIS,cr3,72083990,N,7.453,82363903,MATCHED
2000,R_HR_CO,Hot Rolled Black Coil,26EJ0574R0,27.37,2001,2.2,1230,0011000144,JSW Vijayanagar Metallics Limited,26268315,5000101050,4600000295,120,05-05-26,101,HRC,COIL,11513:2017,BIS,cr3,72083990,N,7.453,92249188,MATCHED
2000,R_HR_CO,Hot Rolled Black Coil,26EJ0575R0,22.66,2001,2.2,1230,0011000144,JSW Vijayanagar Metallics Limited,26266351,5000101051,4600000295,120,05-05-26,101,HRC,COIL,11513:2017,BIS,cr3,72083990,N,7.453,17246980,MATCHED
2000,R_HR_CO,Hot Rolled Black Coil,26EJ0576R0,27.27,2001,2,1235,0011000144,JSW Vijayanagar Metallics Limited,26269905,5000101052,4600000295,10,02-05-26,101,HRC,COIL,11513:2017,BIS,cr3,72083990,N,7.453,40742984,MATCHED
2000,R_HR>3MM_CO,Hot Rolled Black Coil 3mm & Above,26EJ0579R0,27.515,2001,3.6,1260,0011000144,JSW Vijayanagar Metallics Limited,26271699,5000101092,4600000295,200,05-05-26,101,HRC,COIL,11513:2017,BIS,cr2,72083890,N,7.453,89124677,MATCHED
2000,R_HR_CO,Hot Rolled Black Coil,26EJ0580R0,27.4,2001,2,1250,0011000144,JSW Vijayanagar Metallics Limited,26271787,5000101095,4600000295,150,02-05-26,101,HRC,COIL,11513:2017,BIS,HR2,72083990,N,7.453,95220776,MATCHED
2000,R_HR_CO,Hot Rolled Black Coil,26EJ0581R0,27.53,2001,2.5,1250,0011000144,JSW Vijayanagar Metallics Limited,26271808,5000101096,4600000295,160,05-05-26,101,HRC,COIL,11513:2017,BIS,HR2,72083990,N,7.453,11558739,MATCHED
2000,R_HR_CO,Hot Rolled Black Coil,26EJ0582R0,27.575,2001,2.5,1250,0011000144,JSW Vijayanagar Metallics Limited,26271804,5000101101,4600000295,160,05-05-26,101,HRC,COIL,11513:2017,BIS,HR2,72083990,N,7.453,39083289,MATCHED
2000,R_HR>3MM_CO,Hot Rolled Black Coil 3mm & Above,26EJ0583R0,27.57,2001,3,1260,0011000144,JSW Vijayanagar Metallics Limited,26271712,5000101102,4600000295,210,02-05-26,101,HRC,COIL,11513:2017,BIS,cr2,72083890,N,7.453,55278681,MATCHED
2000,R_HR_CO,Hot Rolled Black Coil,26EJ0584R0,21.415,2001,2,1250,0011000144,JSW Vijayanagar Metallics Limited,26271813,5000101103,4600000295,150,02-05-26,101,HRC,COIL,11513:2017,BIS,HR2,72083990,N,7.453,74291011,MATCHED
2000,R_HR_CO,Hot Rolled Black Coil,26EJ0585R0,22.58,2001,2.2,1230,0011000144,JSW Vijayanagar Metallics Limited,26266349,5000101104,4600000295,120,05-05-26,101,HRC,COIL,11513:2017,BIS,cr3,72083990,N,7.453,80326300,MATCHED
2000,R_HR>3MM_CO,Hot Rolled Black Coil 3mm & Above,26EJ0586R0,27.555,2001,3.6,1260,0011000144,JSW Vijayanagar Metallics Limited,26271696,5000101109,4600000295,190,02-05-26,101,HRC,COIL,11513:2017,BIS,cr2,72083890,N,7.453,82038566,MATCHED
2000,R_HR_CO,Hot Rolled Black Coil,26EJ0587R0,21.405,2001,2,1250,0011000144,JSW Vijayanagar Metallics Limited,26271816,5000101110,4600000295,140,05-05-26,101,HRC,COIL,11513:2017,BIS,HR2,72083990,N,7.453,54472896,MATCHED
2000,R_HR_CO,Hot Rolled Black Coil,26EJ0588R0,21.41,2001,1.6,1250,0011000144,JSW Vijayanagar Metallics Limited,26271818,5000101124,4600000295,130,05-05-26,101,HRC,COIL,11513:2017,BIS,HR2,72083990,N,7.453,65277062,MATCHED
2000,R_HR>3MM_CO,Hot Rolled Black Coil 3mm & Above,26EJ0589R0,27.315,2001,3,1260,0011000144,JSW Vijayanagar Metallics Limited,26271705,5000101125,4600000295,210,02-05-26,101,HRC,COIL,11513:2017,BIS,cr2,72083890,N,7.453,79002045,MATCHED
2000,R_HR_CO,Hot Rolled Black Coil,26EJ0590R0,27.445,2001,2.5,1250,0011000144,JSW Vijayanagar Metallics Limited,26271792,5000101126,4600000295,160,05-05-26,101,HRC,COIL,11513:2017,BIS,HR2,72083990,N,7.453,88147785,MATCHED
2000,R_HR_CO,Hot Rolled Black Coil,26EJ0591R0,27.51,2001,2.5,1250,0011000144,JSW Vijayanagar Metallics Limited,26271814,5000101129,4600000295,170,02-05-26,101,HRC,COIL,11513:2017,BIS,HR2,72083990,N,7.453,21654113,MATCHED
2000,R_HR_CO,Hot Rolled Black Coil,26EJ0592R0,27.59,2001,2.5,1250,0011000144,JSW Vijayanagar Metallics Limited,26271803,5000101133,4600000295,170,02-05-26,101,HRC,COIL,11513:2017,BIS,HR2,72083990,N,7.453,42998091,MATCHED
2000,R_HR>3MM_CO,Hot Rolled Black Coil 3mm & Above,26EJ0593R0,25.345,2001,3,1260,0011000144,JSW Vijayanagar Metallics Limited,26271775,5000101135,4600000295,220,05-05-26,101,HRC,COIL,11513:2017,BIS,cr2,72083890,N,7.453,78755253,MATCHED
2000,R_HR_CO,Hot Rolled Black Coil,26EJ0594R0,27.21,2001,2,1235,0011000144,JSW Vijayanagar Metallics Limited,26266610,5000101144,4600000295,110,05-05-26,101,HRC,COIL,11513:2017,BIS,cr3,72083990,N,7.453,67009310,MATCHED
2000,R_HR>3MM_CO,Hot Rolled Black Coil 3mm & Above,26EJ0595R0,30.825,2001,3,1500,0011000144,JSW Vijayanagar Metallics Limited,26270234,5000101145,4600000295,80,02-05-26,101,HRC,COIL,11513:2017,BIS,cr3,72083890,N,7.453,24638257,MATCHED
2000,R_HR_CO,Hot Rolled Black Coil,26EJ0596R0,23.8,2001,2.2,1230,0011000144,JSW Vijayanagar Metallics Limited,26266617,5000101147,4600000295,120,05-05-26,101,HRC,COIL,11513:2017,BIS,cr3,72083990,N,7.453,96423637,MATCHED
2000,R_HR_CO,Hot Rolled Black Coil,26EJ0597R0,21.44,2001,2,1250,0011000144,JSW Vijayanagar Metallics Limited,26271815,5000101148,4600000295,150,02-05-26,101,HRC,COIL,11513:2017,BIS,HR2,72083990,N,7.453,50678408,MATCHED
2000,R_HR>3MM_CO,Hot Rolled Black Coil 3mm & Above,26EJ0598R0,23.765,2001,3.6,1260,0011000144,JSW Vijayanagar Metallics Limited,26271694,5000101151,4600000295,200,05-05-26,101,HRC,COIL,11513:2017,BIS,cr2,72083890,N,7.453,69975631,MATCHED
2000,R_HR>3MM_CO,Hot Rolled Black Coil 3mm & Above,26EJ0599R0,27.56,2001,3.6,1260,0011000144,JSW Vijayanagar Metallics Limited,26271673,5000101154,4600000295,200,05-05-26,101,HRC,COIL,11513:2017,BIS,cr2,72083890,N,7.453,98811338,MATCHED
2000,R_HR>3MM_CO,Hot Rolled Black Coil 3mm & Above,26EJ0600R0,27.58,2001,3,1260,0011000144,JSW Vijayanagar Metallics Limited,26271703,5000101158,4600000295,220,05-05-26,101,HRC,COIL,11513:2017,BIS,cr2,72083890,N,7.453,56890837,MATCHED
2000,R_HR_CO,Hot Rolled Black Coil,26EJ0601R0,27.325,2001,2,1235,0011000144,JSW Vijayanagar Metallics Limited,26268196,5000101160,4600000295,110,05-05-26,101,HRC,COIL,11513:2017,BIS,cr3,72083990,N,7.453,81251989,MATCHED
2000,R_HR>3MM_CO,Hot Rolled Black Coil 3mm & Above,26EJ0602R0,27.535,2001,3.6,1260,0011000144,JSW Vijayanagar Metallics Limited,26271695,5000101161,4600000295,200,05-05-26,101,HRC,COIL,11513:2017,BIS,cr2,72083890,N,7.453,56195999,MATCHED
2000,R_HR>3MM_CO,Hot Rolled Black Coil 3mm & Above,26EJ0603R0,27.205,2001,3.6,1260,0011000144,JSW Vijayanagar Metallics Limited,26271688,5000101163,4600000295,200,05-05-26,101,HRC,COIL,11513:2017,BIS,cr2,72083890,N,7.453,33951313,MATCHED
2000,R_HR>3MM_CO,Hot Rolled Black Coil 3mm & Above,26EJ0605R0,27.93,2001,3.6,1260,0011000144,JSW Vijayanagar Metallics Limited,26271739,5000101191,4600000295,190,02-05-26,101,HRC,COIL,11513:2017,BIS,cr2,72083890,N,7.453,89016879,MATCHED
2000,R_HR_CO,Hot Rolled Black Coil,26EJ0606R0,20.465,2001,2,1235,0011000144,JSW Vijayanagar Metallics Limited,26268217,5000101192,4600000295,10,02-05-26,101,HRC,COIL,11513:2017,BIS,cr3,72083990,N,7.453,19853722,MATCHED
2000,R_HR>3MM_CO,Hot Rolled Black Coil 3mm & Above,26EJ0607R0,23.7,2001,3.6,1230,0011000144,JSW Vijayanagar Metallics Limited,26267756,5000101197,4600000295,90,02-05-26,101,HRC,COIL,11513:2017,BIS,cr2,72083890,N,7.453,78386040,MATCHED
2000,R_HR_CO,Hot Rolled Black Coil,26EJ0608R0,27.505,2001,2.2,1260,0011000144,JSW Vijayanagar Metallics Limited,26271802,5000101200,4600000295,180,02-05-26,101,HRC,COIL,11513:2017,BIS,cr3,72083990,N,7.453,16127551,MATCHED
2000,R_HR_CO,Hot Rolled Black Coil,26EJ0609R0,25.525,2001,2,1235,0011000144,JSW Vijayanagar Metallics Limited,26268256,5000101201,4600000295,10,02-05-26,101,HRC,COIL,11513:2017,BIS,cr3,72083990,N,7.453,70918628,MATCHED
2000,R_HR>3MM_CO,Hot Rolled Black Coil 3mm & Above,26EJ0610R0,27.51,2001,3.6,1260,0011000144,JSW Vijayanagar Metallics Limited,26271689,5000101203,4600000295,190,02-05-26,101,HRC,COIL,11513:2017,BIS,cr2,72083890,N,7.453,13249489,MATCHED
2000,R_HR>3MM_CO,Hot Rolled Black Coil 3mm & Above,26EJ0611R0,30.88,2001,3,1500,0011000144,JSW Vijayanagar Metallics Limited,26270235,5000101204,4600000295,80,02-05-26,101,HRC,COIL,11513:2017,BIS,cr3,72083890,N,7.453,31676008,MATCHED
2000,R_HR>3MM_CO,Hot Rolled Black Coil 3mm & Above,26EJ0612R0,27.225,2001,3.6,1260,0011000144,JSW Vijayanagar Metallics Limited,26271602,5000101206,4600000295,200,05-05-26,101,HRC,COIL,11513:2017,BIS,cr2,72083890,N,7.453,69934415,MATCHED
2000,R_HR>3MM_CO,Hot Rolled Black Coil 3mm & Above,26EJ0613R0,27.195,2001,3,1260,0011000144,JSW Vijayanagar Metallics Limited,26271713,5000101207,4600000295,210,02-05-26,101,HRC,COIL,11513:2017,BIS,cr2,72083890,N,7.453,49547884,MATCHED
2000,R_HR_CO,Hot Rolled Black Coil,26EJ0614R0,27.34,2001,2.5,1260,0011000144,JSW Vijayanagar Metallics Limited,26271631,5000101209,4600000295,230,18-05-26,101,HRC,COIL,11513:2017,BIS,cr3,72083990,N,7.453,55080409,MATCHED
2000,R_HR>3MM_CO,Hot Rolled Black Coil 3mm & Above,26EJ0615R0,24.55,2001,3.6,1230,0011000144,JSW Vijayanagar Metallics Limited,26263790,5000101210,4600000295,100,02-05-26,101,HRC,COIL,11513:2017,BIS,cr2,72083890,N,7.453,71682210,MATCHED
2000,R_HR_CO,Hot Rolled Black Coil,26EJ0616R0,27.445,2001,2.5,1250,0011000144,JSW Vijayanagar Metallics Limited,26271786,5000101218,4600000295,160,05-05-26,101,HRC,COIL,11513:2017,BIS,HR2,72083990,N,7.453,41000809,MATCHED
2000,R_HR>3MM_CO,Hot Rolled Black Coil 3mm & Above,26EJ0617R0,27.555,2001,3.6,1260,0011000144,JSW Vijayanagar Metallics Limited,26271698,5000101219,4600000295,190,02-05-26,101,HRC,COIL,11513:2017,BIS,cr2,72083890,N,7.453,60754909,MATCHED
2000,R_HR_CO,Hot Rolled Black Coil,26EJ0618R0,27.425,2001,2,1250,0011000144,JSW Vijayanagar Metallics Limited,26271797,5000101221,4600000295,150,02-05-26,101,HRC,COIL,11513:2017,BIS,HR2,72083990,N,7.453,69965893,MATCHED
2000,R_HR>3MM_CO,Hot Rolled Black Coil 3mm & Above,26EJ0619R0,27.495,2001,3,1260,0011000144,JSW Vijayanagar Metallics Limited,26271708,5000101225,4600000295,220,05-05-26,101,HRC,COIL,11513:2017,BIS,cr2,72083890,N,7.453,77036674,MATCHED
2000,R_HR>3MM_CO,Hot Rolled Black Coil 3mm & Above,26EJ0620R0,23.77,2001,3.6,1260,0011000144,JSW Vijayanagar Metallics Limited,26271687,5000101226,4600000295,190,02-05-26,101,HRC,COIL,11513:2017,BIS,cr2,72083890,N,7.453,46257161,MATCHED
2000,R_HR>3MM_CO,Hot Rolled Black Coil 3mm & Above,26EJ0621R0,27.265,2001,3.6,1260,0011000144,JSW Vijayanagar Metallics Limited,26271676,5000101236,4600000295,200,05-05-26,101,HRC,COIL,11513:2017,BIS,cr2,72083890,N,7.453,42701842,MATCHED
2000,R_HR_CO,Hot Rolled Black Coil,26EJ0622R0,27,2001,2.2,1230,0011000144,JSW Vijayanagar Metallics Limited,26271402,5000101253,4600000295,120,05-05-26,101,HRC,COIL,11513:2017,BIS,cr3,72083990,N,7.453,25012144,MATCHED
2000,R_HR_CO,Hot Rolled Black Coil,26EJ0623R0,27.4,2001,2,1235,0011000144,JSW Vijayanagar Metallics Limited,26271810,5000101255,4600000295,110,05-05-26,101,HRC,COIL,11513:2017,BIS,cr3,72083990,N,7.453,63912842,MATCHED
2000,R_HR_CO,Hot Rolled Black Coil,26EJ0624R0,27.32,2001,2,1235,0011000144,JSW Vijayanagar Metallics Limited,26271652,5000101257,4600000295,110,05-05-26,101,HRC,COIL,11513:2017,BIS,cr3,72083990,N,7.453,40913550,MATCHED
2000,R_HR>3MM_CO,Hot Rolled Black Coil 3mm & Above,26EJ0625R0,30.805,2001,3,1500,0011000144,JSW Vijayanagar Metallics Limited,26270245,5000101265,4600000295,80,02-05-26,101,HRC,COIL,11513:2017,BIS,cr3,72083890,N,7.453,40357979,MATCHED
2000,R_HR>3MM_CO,Hot Rolled Black Coil 3mm & Above,26EJ0626R0,27.455,2001,3,1260,0011000144,JSW Vijayanagar Metallics Limited,26271771,5000101267,4600000295,220,05-05-26,101,HRC,COIL,11513:2017,BIS,cr2,72083890,N,7.453,24658118,MATCHED
2000,R_HR>3MM_CO,Hot Rolled Black Coil 3mm & Above,26EJ0627R0,27.77,2001,3,1260,0011000144,JSW Vijayanagar Metallics Limited,26271772,5000101268,4600000295,220,05-05-26,101,HRC,COIL,11513:2017,BIS,cr2,72083890,N,7.453,38242877,MATCHED
2000,R_HR>3MM_CO,Hot Rolled Black Coil 3mm & Above,26EJ0628R0,27.23,2001,3,1260,0011000144,JSW Vijayanagar Metallics Limited,26271714,5000101269,4600000295,220,05-05-26,101,HRC,COIL,11513:2017,BIS,cr2,72083890,N,7.453,95945389,MATCHED
2000,R_HR_CO,Hot Rolled Black Coil,26EJ0629R0,27.46,2001,2,1250,0011000144,JSW Vijayanagar Metallics Limited,26271796,5000101270,4600000295,150,02-05-26,101,HRC,COIL,11513:2017,BIS,HR2,72083990,N,7.453,64387177,MATCHED
2000,R_HR>3MM_CO,Hot Rolled Black Coil 3mm & Above,26EJ0630R0,27.35,2001,3.6,1260,0011000144,JSW Vijayanagar Metallics Limited,26271702,5000101278,4600000295,190,02-05-26,101,HRC,COIL,11513:2017,BIS,cr2,72083890,N,7.453,41389196,MATCHED
2000,R_HR>3MM_CO,Hot Rolled Black Coil 3mm & Above,26EJ0631R0,27.225,2001,3.6,1260,0011000144,JSW Vijayanagar Metallics Limited,26271675,5000101281,4600000295,190,02-05-26,101,HRC,COIL,11513:2017,BIS,cr2,72083890,N,7.453,36306805,MATCHED
2000,R_HR>3MM_CO,Hot Rolled Black Coil 3mm & Above,26EJ0632R0,25.69,2001,3,1260,0011000144,JSW Vijayanagar Metallics Limited,26271777,5000101283,4600000295,220,05-05-26,101,HRC,COIL,11513:2017,BIS,cr2,72083890,N,7.453,91328482,MATCHED
2000,R_HR>3MM_CO,Hot Rolled Black Coil 3mm & Above,26EJ0633R0,27.555,2001,3.6,1260,0011000144,JSW Vijayanagar Metallics Limited,26271700,5000101286,4600000295,190,02-05-26,101,HRC,COIL,11513:2017,BIS,cr2,72083890,N,7.453,86723718,MATCHED
2000,R_HR>3MM_CO,Hot Rolled Black Coil 3mm & Above,26EJ0634R0,27.385,2001,3,1260,0011000144,JSW Vijayanagar Metallics Limited,26271778,5000101287,4600000295,210,02-05-26,101,HRC,COIL,11513:2017,BIS,cr2,72083890,N,7.453,15761617,MATCHED
2000,R_HR_CO,Hot Rolled Black Coil,26EJ0635R0,27.265,2001,2,1235,0011000144,JSW Vijayanagar Metallics Limited,26266601,5000101290,4600000295,110,05-05-26,101,HRC,COIL,11513:2017,BIS,cr3,72083990,N,7.453,81401657,MATCHED
2000,R_HR_CO,Hot Rolled Black Coil,26EJ0636R0,27.37,2001,2.5,1260,0011000144,JSW Vijayanagar Metallics Limited,26271630,5000101291,4600000295,230,18-05-26,101,HRC,COIL,11513:2017,BIS,cr3,72083990,N,7.453,47203787,MATCHED
2000,R_HR_CO,Hot Rolled Black Coil,26EJ0637R0,27.47,2001,2.2,1230,0011000144,JSW Vijayanagar Metallics Limited,26268297,5000101293,4600000295,120,05-05-26,101,HRC,COIL,11513:2017,BIS,cr3,72083990,N,7.453,33284232,MATCHED
2000,R_HR_CO,Hot Rolled Black Coil,26EJ0638R0,27.225,2001,2,1235,0011000144,JSW Vijayanagar Metallics Limited,26266736,5000101294,4600000295,110,05-05-26,101,HRC,COIL,11513:2017,BIS,cr3,72083990,N,7.453,56241589,MATCHED
2000,R_HR_CO,Hot Rolled Black Coil,26EJ0639R0,27.33,2001,2,1235,0011000144,JSW Vijayanagar Metallics Limited,26266490,5000101298,4600000295,110,05-05-26,101,HRC,COIL,11513:2017,BIS,cr3,72083990,N,7.453,24409871,MATCHED
2000,R_HR>3MM_CO,Hot Rolled Black Coil 3mm & Above,26EJ0640R0,26.45,2001,3.6,1260,0011000144,JSW Vijayanagar Metallics Limited,26270396,5000101302,4600000295,190,02-05-26,101,HRC,COIL,11513:2017,BIS,cr2,72083890,N,7.453,46555989,MATCHED
2000,R_HR>3MM_CO,Hot Rolled Black Coil 3mm & Above,26EJ0641R0,27.195,2001,3.6,1260,0011000144,JSW Vijayanagar Metallics Limited,26271674,5000101305,4600000295,190,02-05-26,101,HRC,COIL,11513:2017,BIS,cr2,72083890,N,7.453,18044546,MATCHED
2000,R_HR>3MM_CO,Hot Rolled Black Coil 3mm & Above,26EJ0642R0,27.525,2001,3.6,1260,0011000144,JSW Vijayanagar Metallics Limited,26271690,5000101306,4600000295,190,02-05-26,101,HRC,COIL,11513:2017,BIS,cr2,72083890,N,7.453,35570433,MATCHED
2000,R_HR>3MM_CO,Hot Rolled Black Coil 3mm & Above,26EJ0643R0,27.61,2001,3.6,1260,0011000144,JSW Vijayanagar Metallics Limited,26271697,5000101308,4600000295,190,02-05-26,101,HRC,COIL,11513:2017,BIS,cr2,72083890,N,7.453,65847095,MATCHED
2000,R_HR_CO,Hot Rolled Black Coil,26EJ0644R0,27.545,2001,2.5,1250,11000144,JVML-VJNR,26271810,5000101411,4600000297,10,25-05-26,101,HRC,COIL,11513:2017,BIS,cr2,72083890,N,7.453,42044647,MATCHED
2000,R_HR>3MM_CO,Hot Rolled Black Coil 3mm & Above,26EJ0645R0,27.45,2001,3,1260,0011000144,JSW Vijayanagar Metallics Limited,26271709,5000101412,4600000297,20,25-05-26,101,HRC,COIL,11513:2017,BIS,cr2,72083890,N,7.453,90651021,MATCHED
2000,R_HR>3MM_CO,Hot Rolled Black Coil 3mm & Above,26EJ0646R0,27.395,2001,3,1260,0011000144,JSW Vijayanagar Metallics Limited,26271801,5000101413,4600000297,20,25-05-26,101,HRC,COIL,11513:2017,BIS,cr2,72083890,N,7.453,30323173,MATCHED
2000,R_HR>3MM_CO,Hot Rolled Black Coil 3mm & Above,26EJ0647R0,27.485,2001,3,1260,0011000144,JSW Vijayanagar Metallics Limited,26271704,5000101414,4600000297,20,25-05-26,101,HRC,COIL,11513:2017,BIS,cr2,72083890,N,7.453,30479515,MATCHED
2000,R_HR>3MM_CO,Hot Rolled Black Coil 3mm & Above,26EJ0648R0,27.305,2001,3,1260,0011000144,JSW Vijayanagar Metallics Limited,26271779,5000101416,4600000297,20,25-05-26,101,HRC,COIL,11513:2017,BIS,cr2,72083890,N,7.453,89397029,MATCHED
2000,R_HR>3MM_CO,Hot Rolled Black Coil 3mm & Above,26EJ0649R0,27.575,2001,3,1260,0011000144,JSW Vijayanagar Metallics Limited,26271774,5000101417,4600000297,20,25-05-26,101,HRC,COIL,11513:2017,BIS,cr2,72083890,N,7.453,77194044,MATCHED
2000,R_HR_CO,Hot Rolled Black Coil,26EJ0650R0,27.49,2001,2.5,1250,0011000144,JSW Vijayanagar Metallics Limited,26271809,5000101419,4600000297,10,25-05-26,101,HRC,COIL,11513:2017,BIS,HR2,72083990,N,7.453,88562661,MATCHED
2000,R_HR_CO,Hot Rolled Black Coil,26ET0001R0,28.94,2001,2.2,1230,0011000082,TATA STEEL LTD,268236087,5000099386,4600000286,20,13-04-26,101,HRC,COIL,11513:2017,BIS,cr3,72083990,N,7.453,77905692,MATCHED
2000,R_HR_CO,Hot Rolled Black Coil,26ET0002R0,23.61,2001,2,1235,0011000082,TATA STEEL LTD,268260147,5000099388,4600000282,10,04-04-26,101,HRC,COIL,11513:2017,BIS,cr3,72083990,N,7.453,79210477,MATCHED
2000,R_HR_CO,Hot Rolled Black Coil,26ET0003R0,23.67,2001,2,1235,0011000082,TATA STEEL LTD,268271098,5000099388,4600000282,10,04-04-26,101,HRC,COIL,11513:2017,BIS,cr3,72083990,N,7.453,27790451,MATCHED
2000,R_HR_CO,Hot Rolled Black Coil,26ET0004R0,28.32,2001,2.2,1230,0011000082,TATA STEEL LTD,268247097,5000099389,4600000286,20,13-04-26,101,HRC,COIL,11513:2017,BIS,cr3,72083990,N,7.453,45085372,MATCHED
2000,R_HR_CO,Hot Rolled Black Coil,26ET0005R0,28.33,2001,2.2,1230,0011000082,TATA STEEL LTD,268247096,5000099390,4600000286,20,13-04-26,101,HRC,COIL,11513:2017,BIS,cr3,72083990,N,7.453,28105601,MATCHED
2000,R_HR_CO,Hot Rolled Black Coil,26ET0006R0,29.08,2001,2.2,1230,0011000082,TATA STEEL LTD,268247095,5000099391,4600000286,20,13-04-26,101,HRC,COIL,11513:2017,BIS,cr3,72083990,N,7.453,94694686,MATCHED
2000,R_HR_CO,Hot Rolled Black Coil,26ET0007R0,28.89,2001,2.5,1230,0011000082,TATA STEEL LTD,268247094,5000099392,4600000286,30,13-04-26,101,HRC,COIL,11513:2017,BIS,cr3,72083990,N,7.453,31621131,MATCHED
2000,R_HR_CO,Hot Rolled Black Coil,26ET0008R0,28.69,2001,2.5,1230,0011000082,TATA STEEL LTD,268238056,5000099407,4600000282,30,04-04-26,101,HRC,COIL,11513:2017,BIS,cr3,72083990,N,7.453,20833099,MATCHED
2000,R_HR_CO,Hot Rolled Black Coil,26ET0009R0,29,2001,2.2,1235,0011000082,TATA STEEL LTD,268235055,5000099408,4600000286,40,23-04-26,101,HRC,COIL,11513:2017,BIS,cr3,72083990,N,7.453,80345589,MATCHED
2000,R_HR_CO,Hot Rolled Black Coil,26ET0010R0,28.65,2001,2.2,1230,0011000082,TATA STEEL LTD,268247083,5000099409,4600000282,20,04-04-26,101,HRC,COIL,11513:2017,BIS,cr3,72083990,N,7.453,61372221,MATCHED
2000,R_HR_CO,Hot Rolled Black Coil,26ET0011R0,28.62,2001,2.2,1230,0011000082,TATA STEEL LTD,268247087,5000099410,4600000282,20,04-04-26,101,HRC,COIL,11513:2017,BIS,cr3,72083990,N,7.453,45107212,MATCHED
2000,R_HR_CO,Hot Rolled Black Coil,26ET0012R0,28.62,2001,2.2,1230,0011000082,TATA STEEL LTD,268247100,5000099411,4600000282,20,04-04-26,101,HRC,COIL,11513:2017,BIS,cr3,72083990,N,7.453,12471168,MATCHED
2000,R_HR_CO,Hot Rolled Black Coil,26ET0013R0,28.68,2001,2,1235,0011000082,TATA STEEL LTD,268235086,5000099412,4600000282,10,04-04-26,101,HRC,COIL,11513:2017,BIS,cr3,72083990,N,7.453,54840438,MATCHED
2000,R_HR_CO,Hot Rolled Black Coil,26ET0014R0,28.56,2001,2.2,1230,0011000082,TATA STEEL LTD,268238061,5000099413,4600000282,20,04-04-26,101,HRC,COIL,11513:2017,BIS,cr3,72083990,N,7.453,96425344,MATCHED
2000,R_HR_CO,Hot Rolled Black Coil,26ET0015R0,28.75,2001,2.5,1230,0011000082,TATA STEEL LTD,268238056,5000099414,4600000282,30,04-04-26,101,HRC,COIL,11513:2017,BIS,cr3,72083990,N,7.453,29065339,MATCHED
2000,R_HR_CO,Hot Rolled Black Coil,26ET0016R0,28.87,2001,2.2,1235,0011000082,TATA STEEL LTD,268235056,5000099415,4600000286,40,23-04-26,101,HRC,COIL,11513:2017,BIS,cr3,72083990,N,7.453,84934742,MATCHED
2000,R_HR_CO,Hot Rolled Black Coil,26ET0017R0,28.93,2001,2.5,1230,0011000082,TATA STEEL LTD,268246087,5000099416,4600000282,30,04-04-26,101,HRC,COIL,11513:2017,BIS,cr3,72083990,N,7.453,34120309,MATCHED
2000,R_HR_CO,Hot Rolled Black Coil,26ET0018R0,27.12,2001,2,1235,0011000082,TATA STEEL LTD,268235083A,5000099417,4600000282,10,04-04-26,101,HRC,COIL,11513:2017,BIS,cr3,72083990,N,7.453,86299656,MATCHED
2000,R_HR_CO,Hot Rolled Black Coil,26ET0019R0,23.93,2001,2.2,1230,11000082,TATA STEEL LTD,268243059,5000099418,4600000282,20,04-04-26,101,HRC,COIL,11513:2017,BIS,cr3,72083990,N,7.453,54024217,MATCHED
2000,R_HR_CO,Hot Rolled Black Coil,26ET0020R0,28.96,2001,2.5,1230,0011000082,TATA STEEL LTD,268238077,5000099419,4600000282,30,04-04-26,101,HRC,COIL,11513:2017,BIS,cr3,72083990,N,7.453,68188550,MATCHED
2000,R_HR_CO,Hot Rolled Black Coil,26ET0021R0,28.71,2001,2,1235,0011000082,TATA STEEL LTD,268235066,5000099421,4600000282,10,04-04-26,101,HRC,COIL,11513:2017,BIS,cr3,72083990,N,7.453,26212136,MATCHED
2000,R_HR_CO,Hot Rolled Black Coil,26ET0022R0,23.71,2001,2.2,1230,0011000082,TATA STEEL LTD,268238066A,5000099420,4600000282,20,04-04-26,101,HRC,COIL,11513:2017,BIS,cr3,72083990,N,7.453,65463134,MATCHED
2000,R_HR_CO,Hot Rolled Black Coil,26ET0023R0,28.87,2001,2.2,1230,0011000082,TATA STEEL LTD,268247099,5000099422,4600000282,20,04-04-26,101,HRC,COIL,11513:2017,BIS,cr3,72083990,N,7.453,32900095,MATCHED
2000,R_HR_CO,Hot Rolled Black Coil,26ET0024R0,28.34,2001,2.2,1230,0011000082,TATA STEEL LTD,268247101,5000099423,4600000282,20,04-04-26,101,HRC,COIL,11513:2017,BIS,cr3,72083990,N,7.453,63452013,MATCHED
2000,R_HR_CO,Hot Rolled Black Coil,26ET0025R0,27.4,2001,2.5,1230,0011000082,TATA STEEL LTD,268236100B,5000099424,4600000282,30,04-04-26,101,HRC,COIL,11513:2017,BIS,cr3,72083990,N,7.453,83611125,MATCHED
2000,R_HR_CO,Hot Rolled Black Coil,26ET0026R0,28.17,2001,2.5,1230,0011000082,TATA STEEL LTD,268236102,5000099429,4600000286,30,13-04-26,101,HRC,COIL,11513:2017,BIS,cr3,72083990,N,7.453,45618664,MATCHED
2000,R_HR_CO,Hot Rolled Black Coil,26ET0027R0,27.31,2001,2.2,1230,0011000082,TATA STEEL LTD,268236104A,5000099430,4600000286,20,13-04-26,101,HRC,COIL,11513:2017,BIS,cr3,72083990,N,7.453,60831394,MATCHED
2000,R_HR_CO,Hot Rolled Black Coil,26ET0028R0,28.72,2001,2,1235,0011000082,TATA STEEL LTD,268238090,5000099431,4600000286,10,13-04-26,101,HRC,COIL,11513:2017,BIS,cr3,72083990,N,7.453,82635820,MATCHED
2000,R_HR_CO,Hot Rolled Black Coil,26ET0029R0,27.18,2001,2.5,1230,0011000082,TATA STEEL LTD,268237105A,5000099432,4600000286,30,13-04-26,101,HRC,COIL,11513:2017,BIS,cr3,72083990,N,7.453,80113961,MATCHED
2000,R_HR_CO,Hot Rolled Black Coil,26ET0030R0,28.76,2001,2.2,1235,0011000082,TATA STEEL LTD,268247078,5000099433,4600000286,50,23-04-26,101,HRC,COIL,11513:2017,BIS,cr3,72083990,N,7.453,11788169,MATCHED
2000,R_HR_CO,Hot Rolled Black Coil,26ET0031R0,28.28,2001,2.5,1230,0011000082,TATA STEEL LTD,268243073,5000099434,4600000286,30,13-04-26,101,HRC,COIL,11513:2017,BIS,cr3,72083990,N,7.453,70730427,MATCHED
2000,R_HR_CO,Hot Rolled Black Coil,26ET0032R0,28.78,2001,2,1235,0011000082,TATA STEEL LTD,268247081,5000099435,4600000282,10,04-04-26,101,HRC,COIL,11513:2017,BIS,cr3,72083990,N,7.453,24780168,MATCHED
2000,R_HR_CO,Hot Rolled Black Coil,26ET0033R0,28.69,2001,2.2,1230,0011000082,TATA STEEL LTD,268247086,5000099436,4600000282,20,04-04-26,101,HRC,COIL,11513:2017,BIS,cr3,72083990,N,7.453,15351178,MATCHED
2000,R_HR_CO,Hot Rolled Black Coil,26ET0034R0,28.82,2001,2,1235,0011000082,TATA STEEL LTD,268238087,5000099437,4600000286,10,13-04-26,101,HRC,COIL,11513:2017,BIS,cr3,72083990,N,7.453,92151749,MATCHED
2000,R_HR_CO,Hot Rolled Black Coil,26ET0035R0,29.1,2001,2,1235,0011000082,TATA STEEL LTD,268238088,5000099438,4600000286,10,13-04-26,101,HRC,COIL,11513:2017,BIS,cr3,72083990,N,7.453,59392334,MATCHED
2000,R_HR_CO,Hot Rolled Black Coil,26ET0036R0,28.82,2001,2.5,1230,0011000082,TATA STEEL LTD,268243071,5000099440,4600000286,30,13-04-26,101,HRC,COIL,11513:2017,BIS,cr3,72083990,N,7.453,45580884,MATCHED
2000,R_HR_CO,Hot Rolled Black Coil,26ET0037R0,28.72,2001,2.2,1230,0011000082,TATA STEEL LTD,268247084,5000099441,4600000282,20,04-04-26,101,HRC,COIL,11513:2017,BIS,cr3,72083990,N,7.453,64585703,MATCHED
2000,R_HR_CO,Hot Rolled Black Coil,26ET0038R0,28.51,2001,2.2,1230,0011000082,TATA STEEL LTD,268247088,5000099442,4600000282,20,04-04-26,101,HRC,COIL,11513:2017,BIS,cr3,72083990,N,7.453,32665159,MATCHED
2000,R_HR_CO,Hot Rolled Black Coil,26ET0039R0,28.82,2001,2.2,1230,0011000082,TATA STEEL LTD,268237112,5000099443,4600000282,20,04-04-26,101,HRC,COIL,11513:2017,BIS,cr3,72083990,N,7.453,30321881,MATCHED
2000,R_HR_CO,Hot Rolled Black Coil,26ET0040R0,28.69,2001,2.2,1235,0011000082,TATA STEEL LTD,268247076,5000099444,4600000286,50,23-04-26,101,HRC,COIL,11513:2017,BIS,cr3,72083990,N,7.453,15959599,MATCHED
2000,R_HR_CO,Hot Rolled Black Coil,26ET0041R0,28.73,2001,2.2,1230,0011000082,TATA STEEL LTD,268247085,5000099445,4600000282,20,04-04-26,101,HRC,COIL,11513:2017,BIS,cr3,72083990,N,7.453,55608956,MATCHED
2000,R_HR_CO,Hot Rolled Black Coil,26ET0042R0,28.67,2001,2.2,1235,0011000082,TATA STEEL LTD,268247079,5000099446,4600000286,50,23-04-26,101,HRC,COIL,11513:2017,BIS,cr3,72083990,N,7.453,49872627,MATCHED
2000,R_HR_CO,Hot Rolled Black Coil,26ET0043R0,28.69,2001,2.2,1235,0011000082,TATA STEEL LTD,268247077,5000099447,4600000286,50,23-04-26,101,HRC,COIL,11513:2017,BIS,cr3,72083990,N,7.453,93829972,MATCHED
2000,R_HR_CO,Hot Rolled Black Coil,26ET0044R0,28.7,2001,2.5,1230,0011000082,TATA STEEL LTD,268244082,5000099448,4600000286,30,13-04-26,101,HRC,COIL,11513:2017,BIS,cr3,72083990,N,7.453,39665004,MATCHED
2000,R_HR_CO,Hot Rolled Black Coil,26ET0097R0,26.7,2001,2,1235,0011000082,TATA STEEL LTD,268281094,5000099519,4600000282,10,04-04-26,101,HRC,COIL,11513:2017,BIS,cr3,72083990,N,7.453,96619634,MATCHED
2000,R_HR_CO,Hot Rolled Black Coil,26ET0203R0,24.87,2001,2,1235,0011000082,TATA STEEL LTD,268271093,5000099769,4600000286,10,13-04-26,101,HRC,COIL,11513:2017,BIS,cr3,72083990,N,7.453,91714472,MATCHED
2000,R_HR_CO,Hot Rolled Black Coil,26ET0273R0,26.65,2001,2,1235,0011000082,TATA STEEL LTD,268310088,5000100092,4600000293,10,04-04-26,101,HRC,COIL,11513:2017,BIS,cr3,72083990,N,7.453,80884068,MATCHED
2000,R_HR_CO,Hot Rolled Black Coil,26ET0274R0,28.49,2001,2,1235,0011000082,TATA STEEL LTD,268301092,5000100093,4600000293,10,04-04-26,101,HRC,COIL,11513:2017,BIS,cr3,72083990,N,7.453,61711969,MATCHED
2000,R_HR_CO,Hot Rolled Black Coil,26ET0275R0,28.5,2001,2,1235,0011000082,TATA STEEL LTD,268301093,5000100094,4600000293,10,04-04-26,101,HRC,COIL,11513:2017,BIS,cr3,72083990,N,7.453,48402870,MATCHED
2000,R_HR_CO,Hot Rolled Black Coil,26ET0394R0,23.36,2001,2,1235,0011000082,TATA STEEL LTD,268310087A,5000100724,4600000293,10,04-04-26,101,HRC,COIL,11513:2017,BIS,cr3,72083990,N,7.453,24606774,MATCHED
2000,R_HR_CO,Hot Rolled Black Coil,26ET0529R0,23.95,2001,2,1235,0011000082,TATA STEEL LTD,268339100,5000100957,4600000293,10,04-04-26,101,HRC,COIL,11513:2017,BIS,cr3,72083990,N,7.453,88859075,MATCHED
2000,R_HR_CO,Hot Rolled Black Coil,26ET0530R0,23.89,2001,2,1235,0011000082,TATA STEEL LTD,268339099,5000100957,4600000293,10,04-04-26,101,HRC,COIL,11513:2017,BIS,cr3,72083990,N,7.453,88455991,MATCHED
2000,R_HR_CO,Hot Rolled Black Coil,26ET0604R0,28.59,2001,2,1235,0011000082,TATA STEEL LTD,268334094,5000101165,4600000293,10,04-04-26,101,HRC,COIL,11513:2017,BIS,cr3,72083990,N,7.453,72054955,MATCHED
2000,R_HR_CO,Hot Rolled Black Coil,26ET0651R0,28.14,2001,2.5,1230,0011000082,TATA STEEL LTD,268355074,5000101546,4600000293,30,02-05-26,101,HRC,COIL,11513:2017,BIS,cr3,72083990,N,7.453,87501220,MATCHED
2000,R_HR_CO,Hot Rolled Black Coil,26ET0652R0,28.09,2001,2.2,1230,0011000082,TATA STEEL LTD,268355078,5000101551,4600000293,20,02-05-26,101,HRC,COIL,11513:2017,BIS,cr3,72083990,N,7.453,13005197,MATCHED
2000,R_HR_CO,Hot Rolled Black Coil,26ET0653R0,28.14,2001,2,1235,0011000082,TATA STEEL LTD,268355080,5000101553,4600000293,10,04-04-26,101,HRC,COIL,11513:2017,BIS,cr3,72083990,N,7.453,82886782,MATCHED
2000,R_HR_CO,Hot Rolled Black Coil,26ET0654R0,28.12,2001,2,1235,0011000082,TATA STEEL LTD,268355087,5000101557,4600000293,10,04-04-26,101,HRC,COIL,11513:2017,BIS,cr3,72083990,N,7.453,38574906,MATCHED
2000,R_HR_CO,Hot Rolled Black Coil,26ET0655R0,28.79,2001,2.2,1230,0011000082,TATA STEEL LTD,268357088,5000101560,4600000293,20,02-05-26,101,HRC,COIL,11513:2017,BIS,cr3,72083990,N,7.453,25422330,MATCHED
2000,R_HR_CO,Hot Rolled Black Coil,26ET0656R0,28.1,2001,2.2,1230,0011000082,TATA STEEL LTD,268355076,5000101603,4600000293,20,02-05-26,101,HRC,COIL,11513:2017,BIS,cr3,72083990,N,7.453,67981832,MATCHED
2000,R_HR_CO,Hot Rolled Black Coil,26ET0657R0,26.44,2001,2.2,1230,0011000082,TATA STEEL LTD,268359068,5000101604,4600000293,20,02-05-26,101,HRC,COIL,11513:2017,BIS,cr3,72083990,N,7.453,62026338,MATCHED
2000,R_HR_CO,Hot Rolled Black Coil,26ET0658R0,28.08,2001,2.2,1230,0011000082,TATA STEEL LTD,268355105,5000101606,4600000293,20,02-05-26,101,HRC,COIL,11513:2017,BIS,cr3,72083990,N,7.453,86462497,MATCHED
2000,R_HR_CO,Hot Rolled Black Coil,26ET0659R0,27.54,2001,2.2,1230,0011000082,TATA STEEL LTD,268355095,5000101607,4600000293,20,02-05-26,101,HRC,COIL,11513:2017,BIS,cr3,72083990,N,7.453,66903890,MATCHED
2000,R_HR_CO,Hot Rolled Black Coil,26ET0660R0,23.88,2001,2,1235,0011000082,TATA STEEL LTD,268355088,5000101608,4600000293,10,04-04-26,101,HRC,COIL,11513:2017,BIS,cr3,72083990,N,7.453,34875972,MATCHED
2000,R_HR_CO,Hot Rolled Black Coil,26ET0661R0,28.16,2001,2,1235,0011000082,TATA STEEL LTD,268355085,5000101609,4600000293,10,04-04-26,101,HRC,COIL,11513:2017,BIS,cr3,72083990,N,7.453,81284302,MATCHED
2000,R_HR_CO,Hot Rolled Black Coil,26ET0662R0,28.09,2001,2,1235,0011000082,TATA STEEL LTD,268355079,5000101610,4600000293,10,04-04-26,101,HRC,COIL,11513:2017,BIS,cr3,72083990,N,7.453,53352291,MATCHED
2000,R_HR_CO,Hot Rolled Black Coil,26ET0663R0,28.2,2001,2.2,1230,0011000082,TATA STEEL LTD,268355075,5000101612,4600000293,20,02-05-26,101,HRC,COIL,11513:2017,BIS,cr3,72083990,N,7.453,46210981,MATCHED
2000,R_HR_CO,Hot Rolled Black Coil,26ET0664R0,23.68,2001,2.5,1230,0011000082,TATA STEEL LTD,268355092,5000101613,4600000293,30,02-05-26,101,HRC,COIL,11513:2017,BIS,cr3,72083990,N,7.453,65869981,MATCHED
2000,R_HR_CO,Hot Rolled Black Coil,26ET0665R0,28.22,2001,2,1235,0011000082,TATA STEEL LTD,268355099,5000101614,4600000293,10,04-04-26,101,HRC,COIL,11513:2017,BIS,cr3,72083990,N,7.453,18197428,MATCHED
2000,R_HR_CO,Hot Rolled Black Coil,26ET0666R0,28.13,2001,2,1235,0011000082,TATA STEEL LTD,268355086,5000101615,4600000293,10,04-04-26,101,HRC,COIL,11513:2017,BIS,cr3,72083990,N,7.453,58737803,MATCHED
2000,R_HR_CO,Hot Rolled Black Coil,26ET0667R0,26.76,2001,2.2,1230,0011000082,TATA STEEL LTD,268359054,5000101616,4600000293,20,02-05-26,101,HRC,COIL,11513:2017,BIS,cr3,72083990,N,7.453,70176667,MATCHED
2000,R_HR_CO,Hot Rolled Black Coil,26ET0668R0,28.6,2001,2.5,1230,0011000082,TATA STEEL LTD,268357082,5000101617,4600000293,30,02-05-26,101,HRC,COIL,11513:2017,BIS,cr3,72083990,N,7.453,17063775,MATCHED
2000,R_HR_CO,Hot Rolled Black Coil,26ET0669R0,28.42,2001,2,1235,0011000082,TATA STEEL LTD,268334095,5000101618,4600000293,10,04-04-26,101,HRC,COIL,11513:2017,BIS,cr3,72083990,N,7.453,48507112,MATCHED
2000,R_HR_CO,Hot Rolled Black Coil,26ET0670R0,28.71,2001,2.2,1230,0011000082,TATA STEEL LTD,268357066,5000101619,4600000293,20,02-05-26,101,HRC,COIL,11513:2017,BIS,cr3,72083990,N,7.453,41407586,MATCHED
2000,R_HR_CO,Hot Rolled Black Coil,26ET0671R0,26.87,2001,2.5,1230,0011000082,TATA STEEL LTD,268356067,5000101620,4600000293,30,02-05-26,101,HRC,COIL,11513:2017,BIS,cr3,72083990,N,7.453,16950699,MATCHED
2000,R_HR_CO,Hot Rolled Black Coil,26ET0672R0,26.1,2001,2.2,1230,0011000082,TATA STEEL LTD,268359076,5000101623,4600000293,20,02-05-26,101,HRC,COIL,11513:2017,BIS,cr3,72083990,N,7.453,42117256,MATCHED
2000,R_HR_CO,Hot Rolled Black Coil,26ET0673R0,26.61,2001,2.2,1230,0011000082,TATA STEEL LTD,268359067,5000101624,4600000293,20,02-05-26,101,HRC,COIL,11513:2017,BIS,cr3,72083990,N,7.453,34644890,MATCHED
2000,R_HR_CO,Hot Rolled Black Coil,26ET0674R0,23.54,2001,2,1235,0011000082,TATA STEEL LTD,268355101,5000101625,4600000293,10,04-04-26,101,HRC,COIL,11513:2017,BIS,cr3,72083990,N,7.453,17192435,MATCHED
2000,R_HR_CO,Hot Rolled Black Coil,26ET0675R0,26.61,2001,2.2,1230,0011000082,TATA STEEL LTD,268359066,5000101627,4600000293,20,02-05-26,101,HRC,COIL,11513:2017,BIS,cr3,72083990,N,7.453,68743539,MATCHED
2000,R_HR_CO,Hot Rolled Black Coil,26ET0676R0,26.64,2001,2.2,1230,0011000082,TATA STEEL LTD,268359060,5000101628,4600000293,20,02-05-26,101,HRC,COIL,11513:2017,BIS,cr3,72083990,N,7.453,36459042,MATCHED
2000,R_HR_CO,Hot Rolled Black Coil,26ET0677R0,28.05,2001,2.5,1230,0011000082,TATA STEEL LTD,268355091,5000101629,4600000293,30,02-05-26,101,HRC,COIL,11513:2017,BIS,cr3,72083990,N,7.453,29094224,MATCHED
2000,R_HR_CO,Hot Rolled Black Coil,26ET0678R0,28.17,2001,2.5,1230,0011000082,TATA STEEL LTD,268355090,5000101631,4600000293,30,02-05-26,101,HRC,COIL,11513:2017,BIS,cr3,72083990,N,7.453,49281545,MATCHED
2000,R_HR_CO,Hot Rolled Black Coil,26ET0679R0,28.17,2001,2.2,1230,0011000082,TATA STEEL LTD,268355077,5000101632,4600000293,20,02-05-26,101,HRC,COIL,11513:2017,BIS,cr3,72083990,N,7.453,95656963,MATCHED
2000,R_HR_CO,Hot Rolled Black Coil,26ET0680R0,28.37,2001,2.2,1230,0011000082,TATA STEEL LTD,268356046,5000101633,4600000293,20,02-05-26,101,HRC,COIL,11513:2017,BIS,cr3,72083990,N,7.453,43239681,MATCHED
2000,R_HR_CO,Hot Rolled Black Coil,26ET0681R0,28.49,2001,2.2,1230,0011000082,TATA STEEL LTD,268356049,5000101634,4600000293,20,02-05-26,101,HRC,COIL,11513:2017,BIS,cr3,72083990,N,7.453,29341653,MATCHED
2000,R_HR_CO,Hot Rolled Black Coil,26ET0682R0,28.62,2001,2.2,1230,0011000082,TATA STEEL LTD,268356047,5000101635,4600000293,20,02-05-26,101,HRC,COIL,11513:2017,BIS,cr3,72083990,N,7.453,58164656,MATCHED
2000,R_HR_CO,Hot Rolled Black Coil,26ET0683R0,26.65,2001,2.2,1230,0011000082,TATA STEEL LTD,268359070,5000101636,4600000293,20,02-05-26,101,HRC,COIL,11513:2017,BIS,cr3,72083990,N,7.453,63850057,MATCHED
2000,R_HR_CO,Hot Rolled Black Coil,26ET0684R0,28.41,2001,2.2,1230,0011000082,TATA STEEL LTD,268356045,5000101637,4600000293,20,02-05-26,101,HRC,COIL,11513:2017,BIS,cr3,72083990,N,7.453,30677972,MATCHED
2000,R_HR_CO,Hot Rolled Black Coil,26ET0685R0,28.53,2001,2.2,1230,0011000082,TATA STEEL LTD,268356048,5000101638,4600000293,20,02-05-26,101,HRC,COIL,11513:2017,BIS,cr3,72083990,N,7.453,99195829,MATCHED
2000,R_HR_CO,Hot Rolled Black Coil,26ET0686R0,28.63,2001,2.5,1230,0011000082,TATA STEEL LTD,268357080,5000101639,4600000293,30,02-05-26,101,HRC,COIL,11513:2017,BIS,cr3,72083990,N,7.453,16813886,MATCHED
2000,R_HR_CO,Hot Rolled Black Coil,26ET0687R0,28.49,2001,2.5,1230,0011000082,TATA STEEL LTD,268356043,5000101640,4600000293,30,02-05-26,101,HRC,COIL,11513:2017,BIS,cr3,72083990,N,7.453,98885857,MATCHED
2000,R_HR_CO,Hot Rolled Black Coil,26ET0688R0,23.54,2001,2,1235,0011000082,TATA STEEL LTD,268339103,5000101642,4600000293,10,04-04-26,101,HRC,COIL,11513:2017,BIS,cr3,72083990,N,7.453,37579474,MATCHED
2000,R_HR_CO,Hot Rolled Black Coil,26ET0689R0,25.98,2001,2.2,1230,0011000082,TATA STEEL LTD,268359077,5000101643,4600000293,20,02-05-26,101,HRC,COIL,11513:2017,BIS,cr3,72083990,N,7.453,37968880,MATCHED
2000,R_HR_CO,Hot Rolled Black Coil,26ET0690R0,28.08,2001,2,1235,0011000082,TATA STEEL LTD,268355082,5000101669,4600000293,10,04-04-26,101,HRC,COIL,11513:2017,BIS,cr3,72083990,N,7.453,76406493,MATCHED
2000,R_HR_CO,Hot Rolled Black Coil,26ET0691R0,28.76,2001,2.2,1230,0011000082,TATA STEEL LTD,268357085,5000101670,4600000293,20,02-05-26,101,HRC,COIL,11513:2017,BIS,cr3,72083990,N,7.453,84087830,MATCHED
2000,R_HR_CO,Hot Rolled Black Coil,26ET0692R0,26.86,2001,2,1235,0011000082,TATA STEEL LTD,268355104,5000101671,4600000293,10,04-04-26,101,HRC,COIL,11513:2017,BIS,cr3,72083990,N,7.453,43779971,MATCHED
2000,R_HR_CO,Hot Rolled Black Coil,26ET0693R0,26.62,2001,2.2,1230,0011000082,TATA STEEL LTD,268359069,5000101674,4600000293,20,02-05-26,101,HRC,COIL,11513:2017,BIS,cr3,72083990,N,7.453,10711427,MATCHED
2000,R_HR_CO,Hot Rolled Black Coil,26ET0694R0,28.8,2001,2.2,1230,0011000082,TATA STEEL LTD,268357083,5000101680,4600000293,20,02-05-26,101,HRC,COIL,11513:2017,BIS,cr3,72083990,N,7.453,54217145,MATCHED
2000,R_HR_CO,Hot Rolled Black Coil,26ET0695R0,28.27,2001,2.5,1230,0011000082,TATA STEEL LTD,268356044,5000101681,4600000293,30,02-05-26,101,HRC,COIL,11513:2017,BIS,cr3,72083990,N,7.453,74886756,MATCHED
2000,R_HR_CO,Hot Rolled Black Coil,26ET0696R0,27.9,2001,2.5,1230,0011000082,TATA STEEL LTD,268353081,5000101682,4600000293,30,02-05-26,101,HRC,COIL,11513:2017,BIS,cr3,72083990,N,7.453,44606562,MATCHED
2000,R_HR_CO,Hot Rolled Black Coil,26ET0697R0,28.15,2001,2,1235,0011000082,TATA STEEL LTD,268355083,5000101683,4600000293,10,04-04-26,101,HRC,COIL,11513:2017,BIS,cr3,72083990,N,7.453,69650894,MATCHED
2000,R_HR_CO,Hot Rolled Black Coil,26ET0698R0,28.67,2001,2,1235,0011000082,TATA STEEL LTD,268357095,5000101700,4600000293,10,04-04-26,101,HRC,COIL,11513:2017,BIS,cr3,72083990,N,7.453,23983145,MATCHED
2000,R_HR_CO,Hot Rolled Black Coil,26ET0699R0,28.63,2001,2.2,1230,0011000082,TATA STEEL LTD,268357089,5000101701,4600000293,20,02-05-26,101,HRC,COIL,11513:2017,BIS,cr3,72083990,N,7.453,75788307,MATCHED
2000,R_HR_CO,Hot Rolled Black Coil,26ET0700R0,28.06,2001,2,1235,0011000082,TATA STEEL LTD,268355103,5000101702,4600000293,10,04-04-26,101,HRC,COIL,11513:2017,BIS,cr3,72083990,N,7.453,68780166,MATCHED
2000,R_HR_CO,Hot Rolled Black Coil,26ET0701R0,26.64,2001,2.2,1230,0011000082,TATA STEEL LTD,268355096,5000101703,4600000293,20,02-05-26,101,HRC,COIL,11513:2017,BIS,cr3,72083990,N,7.453,52940613,MATCHED
2000,R_HR_CO,Hot Rolled Black Coil,26ET0702R0,28.69,2001,2.2,1230,0011000082,TATA STEEL LTD,268357072,5000101705,4600000293,20,02-05-26,101,HRC,COIL,11513:2017,BIS,cr3,72083990,N,7.453,34147093,MATCHED
2000,R_HR_CO,Hot Rolled Black Coil,26ET0703R0,26.59,2001,2.2,1230,0011000082,TATA STEEL LTD,268359052,5000101707,4600000293,20,02-05-26,101,HRC,COIL,11513:2017,BIS,cr3,72083990,N,7.453,73223822,MATCHED
2000,R_HR_CO,Hot Rolled Black Coil,26ET0704R0,28.42,2001,2.2,1230,0011000082,TATA STEEL LTD,268357065,5000101709,4600000293,20,02-05-26,101,HRC,COIL,11513:2017,BIS,cr3,72083990,N,7.453,14461557,MATCHED
2000,R_HR_CO,Hot Rolled Black Coil,26ET0705R0,26.36,2001,2.2,1230,0011000082,TATA STEEL LTD,268359062,5000101710,4600000293,20,02-05-26,101,HRC,COIL,11513:2017,BIS,cr3,72083990,N,7.453,50411185,MATCHED
2000,R_HR_CO,Hot Rolled Black Coil,26ET0706R0,26.33,2001,2.2,1230,0011000082,TATA STEEL LTD,268359061,5000101711,4600000293,20,02-05-26,101,HRC,COIL,11513:2017,BIS,cr3,72083990,N,7.453,38383915,MATCHED
2000,R_HR_CO,Hot Rolled Black Coil,26ET0707R0,27,2001,2.2,1230,0011000082,TATA STEEL LTD,268359055,5000101712,4600000293,20,02-05-26,101,HRC,COIL,11513:2017,BIS,cr3,72083990,N,7.453,41406519,MATCHED
2000,R_HR_CO,Hot Rolled Black Coil,26ET0708R0,28.63,2001,2.2,1230,0011000082,TATA STEEL LTD,268357070,5000101713,4600000293,20,02-05-26,101,HRC,COIL,11513:2017,BIS,cr3,72083990,N,7.453,13191512,MATCHED
2000,R_HR_CO,Hot Rolled Black Coil,26ET0709R0,28.07,2001,2.5,1230,0011000082,TATA STEEL LTD,268355073,5000101715,4600000293,30,02-05-26,101,HRC,COIL,11513:2017,BIS,cr3,72083990,N,7.453,79780981,MATCHED
2000,R_HR_CO,Hot Rolled Black Coil,26ET0710R0,28.67,2001,2,1235,0011000082,TATA STEEL LTD,268357097,5000101718,4600000293,10,04-04-26,101,HRC,COIL,11513:2017,BIS,cr3,72083990,N,7.453,32095890,MATCHED
2000,R_HR_CO,Hot Rolled Black Coil,26ET0711R0,28.76,2001,2,1235,0011000082,TATA STEEL LTD,268357093,5000101719,4600000293,10,04-04-26,101,HRC,COIL,11513:2017,BIS,cr3,72083990,N,7.453,80343162,MATCHED
2000,R_HR_CO,Hot Rolled Black Coil,26ET0712R0,28.07,2001,2.2,1230,0011000082,TATA STEEL LTD,268356065,5000101721,4600000293,20,02-05-26,101,HRC,COIL,11513:2017,BIS,cr3,72083990,N,7.453,45281661,MATCHED
2000,R_HR_CO,Hot Rolled Black Coil,26ET0713R0,28.43,2001,2.2,1230,0011000082,TATA STEEL LTD,268359053,5000101722,4600000293,20,02-05-26,101,HRC,COIL,11513:2017,BIS,cr3,72083990,N,7.453,47742638,MATCHED
2000,R_HR_CO,Hot Rolled Black Coil,26ET0714R0,28.62,2001,2.2,1230,0011000082,TATA STEEL LTD,268357071,5000101723,4600000293,20,02-05-26,101,HRC,COIL,11513:2017,BIS,cr3,72083990,N,7.453,89438056,MATCHED
2000,R_HR_CO,Hot Rolled Black Coil,26ET0715R0,26.7,2001,2.5,1230,0011000082,TATA STEEL LTD,268352076,5000101724,4600000293,30,02-05-26,101,HRC,COIL,11513:2017,BIS,cr3,72083990,N,7.453,31789885,MATCHED
2000,R_HR_CO,Hot Rolled Black Coil,26ET0716R0,28.81,2001,2.5,1230,0011000082,TATA STEEL LTD,268356060,5000101725,4600000293,30,02-05-26,101,HRC,COIL,11513:2017,BIS,cr3,72083990,N,7.453,45310959,MATCHED
2000,R_HR_CO,Hot Rolled Black Coil,26ET0717R0,28.63,2001,2,1235,0011000082,TATA STEEL LTD,268356054,5000101726,4600000293,10,04-04-26,101,HRC,COIL,11513:2017,BIS,cr3,72083990,N,7.453,50611076,MATCHED
2000,R_HR_CO,Hot Rolled Black Coil,26ET0718R0,28.64,2001,2,1235,0011000082,TATA STEEL LTD,268359043,5000101727,4600000293,10,04-04-26,101,HRC,COIL,11513:2017,BIS,cr3,72083990,N,7.453,62267451,MATCHED
2000,R_HR_CO,Hot Rolled Black Coil,26ET0719R0,28.94,2001,2,1235,0011000082,TATA STEEL LTD,268357094,5000101728,4600000293,10,04-04-26,101,HRC,COIL,11513:2017,BIS,cr3,72083990,N,7.453,29681876,MATCHED
2000,R_HR_CO,Hot Rolled Black Coil,26ET0720R0,28.72,2001,2,1235,0011000082,TATA STEEL LTD,268351073,5000101729,4600000293,10,04-04-26,101,HRC,COIL,11513:2017,BIS,cr3,72083990,N,7.453,23812346,MATCHED
2000,R_HR_CO,Hot Rolled Black Coil,26ET0721R0,28.1,2001,2.2,1230,0011000082,TATA STEEL LTD,268355093,5000101731,4600000293,20,02-05-26,101,HRC,COIL,11513:2017,BIS,cr3,72083990,N,7.453,68627256,MATCHED
2000,R_HR_CO,Hot Rolled Black Coil,26ET0722R0,28.23,2001,2.2,1230,0011000082,TATA STEEL LTD,268356064,5000101732,4600000293,20,02-05-26,101,HRC,COIL,11513:2017,BIS,cr3,72083990,N,7.453,71769614,MATCHED
2000,R_HR_CO,Hot Rolled Black Coil,26ET0723R0,28.73,2001,2.2,1230,0011000082,TATA STEEL LTD,268357068,5000101733,4600000293,20,02-05-26,101,HRC,COIL,11513:2017,BIS,cr3,72083990,N,7.453,87171248,MATCHED
2000,R_HR_CO,Hot Rolled Black Coil,26ET0724R0,27.71,2001,2.5,1230,0011000082,TATA STEEL LTD,268356061,5000101734,4600000293,30,02-05-26,101,HRC,COIL,11513:2017,BIS,cr3,72083990,N,7.453,95973818,MATCHED
2000,R_HR_CO,Hot Rolled Black Coil,26ET0725R0,28.82,2001,2.5,1230,0011000082,TATA STEEL LTD,268357081,5000101744,4600000293,30,02-05-26,101,HRC,COIL,11513:2017,BIS,cr3,72083990,N,7.453,22005035,MATCHED
2000,R_HR_CO,Hot Rolled Black Coil,26ET0726R0,28.12,2001,2,1235,0011000082,TATA STEEL LTD,268355081,5000101746,4600000293,10,04-04-26,101,HRC,COIL,11513:2017,BIS,cr3,72083990,N,7.453,95787017,MATCHED
2000,R_HR_CO,Hot Rolled Black Coil,26ET0727R0,26.75,2001,2.5,1230,0011000082,TATA STEEL LTD,268353079,5000101752,4600000293,30,02-05-26,101,HRC,COIL,11513:2017,BIS,cr3,72083990,N,7.453,73939619,MATCHED
2000,R_HR_CO,Hot Rolled Black Coil,26ET0728R0,28.67,2001,2.2,1230,0011000082,TATA STEEL LTD,268357069,5000101753,4600000293,20,02-05-26,101,HRC,COIL,11513:2017,BIS,cr3,72083990,N,7.453,64537562,MATCHED
2000,R_HR_CO,Hot Rolled Black Coil,26ET0729R0,28.63,2001,2.5,1230,0011000082,TATA STEEL LTD,268357064,5000101754,4600000293,30,02-05-26,101,HRC,COIL,11513:2017,BIS,cr3,72083990,N,7.453,28361811,MATCHED
2000,R_HR_CO,Hot Rolled Black Coil,26ET0730R0,28.68,2001,2.5,1230,0011000082,TATA STEEL LTD,268357063,5000101755,4600000293,30,02-05-26,101,HRC,COIL,11513:2017,BIS,cr3,72083990,N,7.453,47261731,MATCHED
2000,R_HR_CO,Hot Rolled Black Coil,26ET0731R0,28.69,2001,2.2,1230,0011000082,TATA STEEL LTD,268357067,5000101756,4600000293,20,02-05-26,101,HRC,COIL,11513:2017,BIS,cr3,72083990,N,7.453,56121110,MATCHED
2000,R_HR_CO,Hot Rolled Black Coil,26ET0732R0,28.51,2001,2,1235,0011000082,TATA STEEL LTD,268334096,5000101758,4600000293,10,04-04-26,101,HRC,COIL,11513:2017,BIS,cr3,72083990,N,7.453,39352038,MATCHED
2000,R_HR_CO,Hot Rolled Black Coil,26ET0733R0,28.66,2001,2,1235,0011000082,TATA STEEL LTD,268357096,5000101762,4600000293,10,04-04-26,101,HRC,COIL,11513:2017,BIS,cr3,72083990,N,7.453,29152809,MATCHED
2000,R_HR_CO,Hot Rolled Black Coil,26ET0734R0,26.69,2001,2.2,1230,0011000082,TATA STEEL LTD,268359056,5000101764,4600000293,20,02-05-26,101,HRC,COIL,11513:2017,BIS,cr3,72083990,N,7.453,40845252,MATCHED
2000,R_HR_CO,Hot Rolled Black Coil,26ET0735R0,28.79,2001,2.2,1230,0011000082,TATA STEEL LTD,268357086,5000101765,4600000293,20,02-05-26,101,HRC,COIL,11513:2017,BIS,cr3,72083990,N,7.453,58511748,MATCHED
2000,R_HR_CO,Hot Rolled Black Coil,26ET0736R0,28.62,2001,2,1235,0011000082,TATA STEEL LTD,268357092,5000101766,4600000293,10,04-04-26,101,HRC,COIL,11513:2017,BIS,cr3,72083990,N,7.453,97961318,MATCHED
2000,R_HR_CO,Hot Rolled Black Coil,26EW0396R0,20.9,2001,2.8,1235,0011000122,NMDC STEEL LIMITED,D202461203,5000100739,4600000294,20,12-05-26,101,HRC,COIL,11513:2017,BIS,cr3,72083990,N,7.453,68647632,MATCHED
2000,R_HR_CO,Hot Rolled Black Coil,26EW0397R0,20.79,2001,2.5,1230,0011000122,NMDC STEEL LIMITED,D202461206,5000100740,4600000294,10,05-05-26,101,HRC,COIL,11513:2017,BIS,cr3,72083990,N,7.453,75091685,MATCHED
2000,R_HR_CO,Hot Rolled Black Coil,26EW0398R0,20.91,2001,2.5,1230,0011000122,NMDC STEEL LIMITED,D102613103,5000100741,4600000294,10,05-05-26,101,HRC,COIL,11513:2017,BIS,cr3,72083990,N,7.453,29288116,MATCHED
2000,R_HR>3MM_CO,Hot Rolled Black Coil 3mm & Above,26EW0399R0,20.84,2001,3.2,1235,0011000122,NMDC STEEL LIMITED,D202461201,5000100742,4600000294,30,12-05-26,101,HRC,COIL,11513:2017,BIS,cr3,72083890,N,7.453,59640765,MATCHED
2000,R_HR_CO,Hot Rolled Black Coil,26EW0400R0,20.72,2001,2.5,1230,0011000122,NMDC STEEL LIMITED,D202464203,5000100743,4600000294,10,05-05-26,101,HRC,COIL,11513:2017,BIS,cr3,72083990,N,7.453,83623257,MATCHED
2000,R_HR>3MM_CO,Hot Rolled Black Coil 3mm & Above,26EW0401R0,20.88,2001,3.6,1265,0011000122,NMDC STEEL LIMITED,D202451104,5000100744,4600000294,70,02-05-26,101,HRC,COIL,11513:2017,BIS,cr3,72083890,N,7.453,89474840,MATCHED
2000,R_HR>3MM_CO,Hot Rolled Black Coil 3mm & Above,26EW0402R0,21.05,2001,3,1265,0011000122,NMDC STEEL LIMITED,D202450107,5000100745,4600000294,50,12-05-26,101,HRC,COIL,11513:2017,BIS,cr3,72083890,N,7.453,23448568,MATCHED
2000,R_HR_CO,Hot Rolled Black Coil,26EW0403R0,20.82,2001,2.5,1230,0011000122,NMDC STEEL LIMITED,D202463204,5000100746,4600000294,10,05-05-26,101,HRC,COIL,11513:2017,BIS,cr3,72083990,N,7.453,19610955,MATCHED
2000,R_HR_CO,Hot Rolled Black Coil,26EW0404R0,20.9,2001,2.5,1230,0011000122,NMDC STEEL LIMITED,D202462207,5000100747,4600000294,10,05-05-26,101,HRC,COIL,11513:2017,BIS,cr3,72083990,N,7.453,87083073,MATCHED
2000,R_HR_CO,Hot Rolled Black Coil,26EW0405R0,20.85,2001,2.8,1235,0011000122,NMDC STEEL LIMITED,D202461205,5000100748,4600000294,20,12-05-26,101,HRC,COIL,11513:2017,BIS,cr3,72083990,N,7.453,63592488,MATCHED
2000,R_HR_CO,Hot Rolled Black Coil,26EW0406R0,20.91,2001,2.5,1230,0011000122,NMDC STEEL LIMITED,D202462203,5000100749,4600000294,10,05-05-26,101,HRC,COIL,11513:2017,BIS,cr3,72083990,N,7.453,46643093,MATCHED
2000,R_HR>3MM_CO,Hot Rolled Black Coil 3mm & Above,26EW0407R0,21.04,2001,3,1265,0011000122,NMDC STEEL LIMITED,D102600202,5000100750,4600000294,50,12-05-26,101,HRC,COIL,11513:2017,BIS,cr3,72083890,N,7.453,29990448,MATCHED
2000,R_HR_CO,Hot Rolled Black Coil,26EW0408R0,20.82,2001,2.5,1230,0011000122,NMDC STEEL LIMITED,D202462202,5000100751,4600000294,10,05-05-26,101,HRC,COIL,11513:2017,BIS,cr3,72083990,N,7.453,32665349,MATCHED
2000,R_HR_CO,Hot Rolled Black Coil,26EW0409R0,20.83,2001,2.5,1230,0011000122,NMDC STEEL LIMITED,D202461208,5000100752,4600000294,10,05-05-26,101,HRC,COIL,11513:2017,BIS,cr3,72083990,N,7.453,63973146,MATCHED
2000,R_HR>3MM_CO,Hot Rolled Black Coil 3mm & Above,26EW0410R0,20.99,2001,3.6,1265,0011000122,NMDC STEEL LIMITED,D202452108,5000100753,4600000294,70,02-05-26,101,HRC,COIL,11513:2017,BIS,cr3,72083890,N,7.453,61501501,MATCHED
2000,R_HR_CO,Hot Rolled Black Coil,26EW0411R0,16.73,2001,2.5,1230,0011000122,NMDC STEEL LIMITED,D102615108,5000100754,4600000294,10,05-05-26,101,HRC,COIL,11513:2017,BIS,cr3,72083990,N,7.453,92578606,MATCHED
2000,R_HR>3MM_CO,Hot Rolled Black Coil 3mm & Above,26EW0412R0,20.85,2001,3.2,1235,0011000122,NMDC STEEL LIMITED,D102616206,5000100755,4600000294,30,12-05-26,101,HRC,COIL,11513:2017,BIS,cr3,72083890,N,7.453,34131806,MATCHED
2000,R_HR>3MM_CO,Hot Rolled Black Coil 3mm & Above,26EW0413R0,20.82,2001,3.6,1235,0011000122,NMDC STEEL LIMITED,D102616207,5000100756,4600000294,40,12-05-26,101,HRC,COIL,11513:2017,BIS,cr3,72083890,N,7.453,72691334,MATCHED
2000,R_HR_CO,Hot Rolled Black Coil,26EW0414R0,20.9,2001,2.5,1230,0011000122,NMDC STEEL LIMITED,D102616204,5000100757,4600000294,10,05-05-26,101,HRC,COIL,11513:2017,BIS,cr3,72083990,N,7.453,97242982,MATCHED
2000,R_HR_CO,Hot Rolled Black Coil,26EW0415R0,20.81,2001,2.5,1230,0011000122,NMDC STEEL LIMITED,D202464201,5000100758,4600000294,10,05-05-26,101,HRC,COIL,11513:2017,BIS,cr3,72083990,N,7.453,88212190,MATCHED
2000,R_HR_CO,Hot Rolled Black Coil,26EW0416R0,20.88,2001,2.5,1230,0011000122,NMDC STEEL LIMITED,D202464207,5000100759,4600000294,10,05-05-26,101,HRC,COIL,11513:2017,BIS,cr3,72083990,N,7.453,73092131,MATCHED
2000,R_HR_CO,Hot Rolled Black Coil,26EW0417R0,20.82,2001,2.5,1230,0011000122,NMDC STEEL LIMITED,D202463208,5000100760,4600000294,10,05-05-26,101,HRC,COIL,11513:2017,BIS,cr3,72083990,N,7.453,73141127,MATCHED
2000,R_HR>3MM_CO,Hot Rolled Black Coil 3mm & Above,26EW0418R0,21.06,2001,3,1265,0011000122,NMDC STEEL LIMITED,D102599207,5000100761,4600000294,50,12-05-26,101,HRC,COIL,11513:2017,BIS,cr3,72083890,N,7.453,24177087,MATCHED
2000,R_HR_CO,Hot Rolled Black Coil,26EW0419R0,20.91,2001,2.5,1230,0011000122,NMDC STEEL LIMITED,D102614105,5000100762,4600000294,10,05-05-26,101,HRC,COIL,11513:2017,BIS,cr3,72083990,N,7.453,17523309,MATCHED
2000,R_HR_CO,Hot Rolled Black Coil,26EW0420R0,20.89,2001,2.5,1230,0011000122,NMDC STEEL LIMITED,D102614106,5000100763,4600000294,10,05-05-26,101,HRC,COIL,11513:2017,BIS,cr3,72083990,N,7.453,50895732,MATCHED
2000,R_HR_CO,Hot Rolled Black Coil,26EW0421R0,20.96,2001,2.5,1230,0011000122,NMDC STEEL LIMITED,D102615105,5000100764,4600000294,10,05-05-26,101,HRC,COIL,11513:2017,BIS,cr3,72083990,N,7.453,58058502,MATCHED
2000,R_HR_CO,Hot Rolled Black Coil,26EW0422R0,20.9,2001,2.5,1230,0011000122,NMDC STEEL LIMITED,D102614107,5000100765,4600000294,10,05-05-26,101,HRC,COIL,11513:2017,BIS,cr3,72083990,N,7.453,78250576,MATCHED
2000,R_HR_CO,Hot Rolled Black Coil,26EW0423R0,20.87,2001,2.8,1235,0011000122,NMDC STEEL LIMITED,D102612102,5000100766,4600000294,20,12-05-26,101,HRC,COIL,11513:2017,BIS,cr3,72083990,N,7.453,97781719,MATCHED
2000,R_HR_CO,Hot Rolled Black Coil,26EW0424R0,20.88,2001,2.5,1230,0011000122,NMDC STEEL LIMITED,D102616205,5000100767,4600000294,10,05-05-26,101,HRC,COIL,11513:2017,BIS,cr3,72083990,N,7.453,51389719,MATCHED
2000,R_HR>3MM_CO,Hot Rolled Black Coil 3mm & Above,26EW0425R0,20.9,2001,3.2,1235,0011000122,NMDC STEEL LIMITED,D102612101,5000100768,4600000294,30,12-05-26,101,HRC,COIL,11513:2017,BIS,cr3,72083890,N,7.453,93251374,MATCHED
2000,R_HR>3MM_CO,Hot Rolled Black Coil 3mm & Above,26EW0426R0,20.97,2001,3,1265,0011000122,NMDC STEEL LIMITED,D102600204,5000100769,4600000294,50,12-05-26,101,HRC,COIL,11513:2017,BIS,cr3,72083890,N,7.453,27561148,MATCHED
2000,R_HR_CO,Hot Rolled Black Coil,26EW0427R0,20.83,2001,2.8,1235,0011000122,NMDC STEEL LIMITED,D202461204,5000100770,4600000294,20,12-05-26,101,HRC,COIL,11513:2017,BIS,cr3,72083990,N,7.453,37666284,MATCHED
2000,R_HR>3MM_CO,Hot Rolled Black Coil 3mm & Above,26EW0428R0,20.99,2001,3,1265,0011000122,NMDC STEEL LIMITED,D102598205,5000100771,4600000294,50,12-05-26,101,HRC,COIL,11513:2017,BIS,cr3,72083890,N,7.453,12833300,MATCHED
2000,R_HR>3MM_CO,Hot Rolled Black Coil 3mm & Above,26EW0429R0,21.04,2001,3.6,1265,0011000122,NMDC STEEL LIMITED,D10261203,5000100772,4600000294,70,02-05-26,101,HRC,COIL,11513:2017,BIS,cr3,72083890,N,7.453,21180024,MATCHED
2000,R_HR_CO,Hot Rolled Black Coil,26EW0430R0,20.88,2001,2.5,1230,0011000122,NMDC STEEL LIMITED,D202463202,5000100773,4600000294,10,05-05-26,101,HRC,COIL,11513:2017,BIS,cr3,72083990,N,7.453,91219058,MATCHED
2000,R_HR_CO,Hot Rolled Black Coil,26EW0431R0,20.9,2001,2.5,1230,0011000122,NMDC STEEL LIMITED,D102612106,5000100774,4600000294,10,05-05-26,101,HRC,COIL,11513:2017,BIS,cr3,72083990,N,7.453,44528575,MATCHED
2000,R_HR_CO,Hot Rolled Black Coil,26EW0432R0,20.76,2001,2.5,1230,0011000122,NMDC STEEL LIMITED,D202463205,5000100775,4600000294,10,05-05-26,101,HRC,COIL,11513:2017,BIS,cr3,72083990,N,7.453,52208389,MATCHED
2000,R_HR_CO,Hot Rolled Black Coil,26EW0433R0,20.84,2001,2.5,1230,0011000122,NMDC STEEL LIMITED,D102613107,5000100776,4600000294,10,05-05-26,101,HRC,COIL,11513:2017,BIS,cr3,72083990,N,7.453,30672895,MATCHED
2000,R_HR_CO,Hot Rolled Black Coil,26EW0434R0,20.81,2001,2.5,1230,0011000122,NMDC STEEL LIMITED,D202462201,5000100777,4600000294,10,05-05-26,101,HRC,COIL,11513:2017,BIS,cr3,72083990,N,7.453,93486631,MATCHED
2000,R_HR>3MM_CO,Hot Rolled Black Coil 3mm & Above,26EW0435R0,21.02,2001,3.6,1265,0011000122,NMDC STEEL LIMITED,D202452105,5000100778,4600000294,70,02-05-26,101,HRC,COIL,11513:2017,BIS,cr3,72083890,N,7.453,67430067,MATCHED
2000,R_HR>3MM_CO,Hot Rolled Black Coil 3mm & Above,26EW0436R0,21.05,2001,3,1265,0011000122,NMDC STEEL LIMITED,D102600203,5000100779,4600000294,50,12-05-26,101,HRC,COIL,11513:2017,BIS,cr3,72083890,N,7.453,26799066,MATCHED
2000,R_HR>3MM_CO,Hot Rolled Black Coil 3mm & Above,26EW0437R0,21,2001,3.6,1265,0011000122,NMDC STEEL LIMITED,D202452104,5000100780,4600000294,70,02-05-26,101,HRC,COIL,11513:2017,BIS,cr3,72083890,N,7.453,15907033,MATCHED
2000,R_HR>3MM_CO,Hot Rolled Black Coil 3mm & Above,26EW0438R0,20.99,2001,3,1265,0011000122,NMDC STEEL LIMITED,D102599204,5000100782,4600000294,50,12-05-26,101,HRC,COIL,11513:2017,BIS,cr3,72083890,N,7.453,79600260,MATCHED
2000,R_HR>3MM_CO,Hot Rolled Black Coil 3mm & Above,26EW0439R0,21.13,2001,3.6,1265,0011000122,NMDC STEEL LIMITED,D202451106,5000100783,4600000294,70,02-05-26,101,HRC,COIL,11513:2017,BIS,cr3,72083890,N,7.453,50475448,MATCHED
2000,R_HR>3MM_CO,Hot Rolled Black Coil 3mm & Above,26EW0440R0,20.98,2001,3.6,1265,0011000122,NMDC STEEL LIMITED,D102601202,5000100784,4600000294,70,02-05-26,101,HRC,COIL,11513:2017,BIS,cr3,72083890,N,7.453,91809194,MATCHED
2000,R_HR_CO,Hot Rolled Black Coil,26EW0441R0,20.88,2001,2.5,1230,0011000122,NMDC STEEL LIMITED,D102615101,5000100785,4600000294,10,05-05-26,101,HRC,COIL,11513:2017,BIS,cr3,72083990,N,7.453,96012673,MATCHED
2000,R_HR>3MM_CO,Hot Rolled Black Coil 3mm & Above,26EW0442R0,21.11,2001,3.6,1265,0011000122,NMDC STEEL LIMITED,D202451107,5000100786,4600000294,70,02-05-26,101,HRC,COIL,11513:2017,BIS,cr3,72083890,N,7.453,34541594,MATCHED
2000,R_HR>3MM_CO,Hot Rolled Black Coil 3mm & Above,26EW0444R0,16.76,2001,3.6,1235,0011000122,NMDC STEEL LIMITED,D102616208,5000100813,4600000294,40,12-05-26,101,HRC,COIL,11513:2017,BIS,cr3,72083890,N,7.453,79932318,MATCHED
2000,R_HR>3MM_CO,Hot Rolled Black Coil 3mm & Above,26EW0445R0,16.66,2001,3.6,1235,0011000122,NMDC STEEL LIMITED,D102615109,5000100813,4600000294,40,12-05-26,101,HRC,COIL,11513:2017,BIS,cr3,72083890,N,7.453,76405377,MATCHED
2000,R_HR>3MM_CO,Hot Rolled Black Coil 3mm & Above,26EW0446R0,21.04,2001,3,1265,0011000122,NMDC STEEL LIMITED,D202449104,5000100814,4600000294,50,12-05-26,101,HRC,COIL,11513:2017,BIS,cr3,72083890,N,7.453,20016555,MATCHED
2000,R_HR>3MM_CO,Hot Rolled Black Coil 3mm & Above,26EW0447R0,21.08,2001,3,1265,0011000122,NMDC STEEL LIMITED,D202450104,5000100816,4600000294,50,12-05-26,101,HRC,COIL,11513:2017,BIS,cr3,72083890,N,7.453,22350900,MATCHED
2000,R_HR>3MM_CO,Hot Rolled Black Coil 3mm & Above,26EW0448R0,21.02,2001,3.6,1265,0011000122,NMDC STEEL LIMITED,D102600208,5000100818,4600000294,70,02-05-26,101,HRC,COIL,11513:2017,BIS,cr3,72083890,N,7.453,42752805,MATCHED
2000,R_HR_CO,Hot Rolled Black Coil,26EW0449R0,20.88,2001,2.5,1230,0011000122,NMDC STEEL LIMITED,D202462206,5000100819,4600000294,10,05-05-26,101,HRC,COIL,11513:2017,BIS,cr3,72083990,N,7.453,85416188,MATCHED
2000,R_HR_CO,Hot Rolled Black Coil,26EW0450R0,20.84,2001,2.5,1230,0011000122,NMDC STEEL LIMITED,D102614103,5000100820,4600000294,10,05-05-26,101,HRC,COIL,11513:2017,BIS,cr3,72083990,N,7.453,22374637,MATCHED
2000,R_HR_CO,Hot Rolled Black Coil,26EW0451R0,20.89,2001,2.5,1230,0011000122,NMDC STEEL LIMITED,D102612104,5000100821,4600000294,10,05-05-26,101,HRC,COIL,11513:2017,BIS,cr3,72083990,N,7.453,72789969,MATCHED
2000,R_HR>3MM_CO,Hot Rolled Black Coil 3mm & Above,26EW0452R0,20.99,2001,3.6,1265,0011000122,NMDC STEEL LIMITED,D202452106,5000100822,4600000294,70,02-05-26,101,HRC,COIL,11513:2017,BIS,cr3,72083890,N,7.453,77604657,MATCHED
2000,R_HR_CO,Hot Rolled Black Coil,26EW0453R0,20.91,2001,2.5,1230,0011000122,NMDC STEEL LIMITED,D102613104,5000100823,4600000294,10,05-05-26,101,HRC,COIL,11513:2017,BIS,cr3,72083990,N,7.453,30743409,MATCHED
2000,R_HR_CO,Hot Rolled Black Coil,26EW0454R0,20.85,2001,2.5,1230,0011000122,NMDC STEEL LIMITED,D202463203,5000100826,4600000294,10,05-05-26,101,HRC,COIL,11513:2017,BIS,cr3,72083990,N,7.453,83854499,MATCHED
2000,R_HR_CO,Hot Rolled Black Coil,26EW0455R0,20.8,2001,2.5,1230,0011000122,NMDC STEEL LIMITED,D202462204,5000100827,4600000294,10,05-05-26,101,HRC,COIL,11513:2017,BIS,cr3,72083990,N,7.453,33837140,MATCHED
2000,R_HR_CO,Hot Rolled Black Coil,26EW0456R0,20.9,2001,2.5,1230,0011000122,NMDC STEEL LIMITED,D102616201,5000100831,4600000294,10,05-05-26,101,HRC,COIL,11513:2017,BIS,cr3,72083990,N,7.453,85706139,MATCHED
2000,R_HR>3MM_CO,Hot Rolled Black Coil 3mm & Above,26EW0457R0,21.05,2001,3,1265,0011000122,NMDC STEEL LIMITED,D102599205,5000100837,4600000294,50,12-05-26,101,HRC,COIL,11513:2017,BIS,cr3,72083890,N,7.453,69765675,MATCHED
2000,R_HR_CO,Hot Rolled Black Coil,26EW0458R0,20.89,2001,2.5,1230,0011000122,NMDC STEEL LIMITED,D202464205,5000100838,4600000294,60,02-05-26,101,HRC,COIL,11513:2017,BIS,cr3,72083990,N,7.453,36990118,MATCHED
2000,R_HR>3MM_CO,Hot Rolled Black Coil 3mm & Above,26EW0459R0,21.02,2001,3.6,1265,0011000122,NMDC STEEL LIMITED,D102601201,5000100840,4600000294,70,02-05-26,101,HRC,COIL,11513:2017,BIS,cr3,72083890,N,7.453,24507301,MATCHED
2000,R_HR>3MM_CO,Hot Rolled Black Coil 3mm & Above,26EW0460R0,21.19,2001,3,1265,0011000122,NMDC STEEL LIMITED,D202449108,5000100842,4600000294,50,12-05-26,101,HRC,COIL,11513:2017,BIS,cr3,72083890,N,7.453,58277486,MATCHED
2000,R_HR>3MM_CO,Hot Rolled Black Coil 3mm & Above,26EW0461R0,21.09,2001,3,1265,0011000122,NMDC STEEL LIMITED,D102599202,5000100843,4600000294,50,12-05-26,101,HRC,COIL,11513:2017,BIS,cr3,72083890,N,7.453,97774082,MATCHED
2000,R_HR>3MM_CO,Hot Rolled Black Coil 3mm & Above,26EW0462R0,21.08,2001,3.6,1265,0011000122,NMDC STEEL LIMITED,D202451108,5000100845,4600000294,70,02-05-26,101,HRC,COIL,11513:2017,BIS,cr3,72083890,N,7.453,69270777,MATCHED
2000,R_HR_CO,Hot Rolled Black Coil,26EW0463R0,20.91,2001,2.5,1230,0011000122,NMDC STEEL LIMITED,D202464206,5000100847,4600000294,10,05-05-26,101,HRC,COIL,11513:2017,BIS,cr3,72083990,N,7.453,67500087,MATCHED
2000,R_HR>3MM_CO,Hot Rolled Black Coil 3mm & Above,26EW0464R0,21.11,2001,3,1265,0011000122,NMDC STEEL LIMITED,D202450101,5000100848,4600000294,50,12-05-26,101,HRC,COIL,11513:2017,BIS,cr3,72083890,N,7.453,12729128,MATCHED
2000,R_HR_CO,Hot Rolled Black Coil,26EW0465R0,20.86,2001,2.5,1230,0011000122,NMDC STEEL LIMITED,D202464208,5000100853,4600000294,10,05-05-26,101,HRC,COIL,11513:2017,BIS,cr3,72083990,N,7.453,66002266,MATCHED
2000,R_HR_CO,Hot Rolled Black Coil,26EW0466R0,20.9,2001,2.5,1230,0011000122,NMDC STEEL LIMITED,D102612103,5000100855,4600000294,10,05-05-26,101,HRC,COIL,11513:2017,BIS,cr3,72083990,N,7.453,94655825,MATCHED
2000,R_HR_CO,Hot Rolled Black Coil,26EW0467R0,20.85,2001,2.5,1230,0011000122,NMDC STEEL LIMITED,D102613106,5000100856,4600000294,10,05-05-26,101,HRC,COIL,11513:2017,BIS,cr3,72083990,N,7.453,93054140,MATCHED
2000,R_HR>3MM_CO,Hot Rolled Black Coil 3mm & Above,26EW0468R0,21.1,2001,3,1265,0011000122,NMDC STEEL LIMITED,D102599203,5000100857,4600000294,50,12-05-26,101,HRC,COIL,11513:2017,BIS,cr3,72083890,N,7.453,78982397,MATCHED
2000,R_HR>3MM_CO,Hot Rolled Black Coil 3mm & Above,26EW0469R0,20.93,2001,3,1265,0011000122,NMDC STEEL LIMITED,D102598204,5000100858,4600000294,50,12-05-26,101,HRC,COIL,11513:2017,BIS,cr3,72083890,N,7.453,27583072,MATCHED
2000,R_HR_CO,Hot Rolled Black Coil,26EW0470R0,20.92,2001,2.5,1230,0011000122,NMDC STEEL LIMITED,D102615106,5000100859,4600000294,10,05-05-26,101,HRC,COIL,11513:2017,BIS,cr3,72083990,N,7.453,97613618,MATCHED
2000,R_HR>3MM_CO,Hot Rolled Black Coil 3mm & Above,26EW0471R0,21.14,2001,3,1265,0011000122,NMDC STEEL LIMITED,D202449109,5000100860,4600000294,50,12-05-26,101,HRC,COIL,11513:2017,BIS,cr3,72083890,N,7.453,94941805,MATCHED
2000,R_HR>3MM_CO,Hot Rolled Black Coil 3mm & Above,26EW0472R0,20.97,2001,3.6,1265,0011000122,NMDC STEEL LIMITED,D102601204,5000100861,4600000294,70,02-05-26,101,HRC,COIL,11513:2017,BIS,cr3,72083890,N,7.453,19533896,MATCHED
2000,R_HR>3MM_CO,Hot Rolled Black Coil 3mm & Above,26EW0473R0,20.96,2001,3,1265,0011000122,NMDC STEEL LIMITED,D102598206,5000100862,4600000294,50,12-05-26,101,HRC,COIL,11513:2017,BIS,cr3,72083890,N,7.453,99457935,MATCHED
2000,R_HR>3MM_CO,Hot Rolled Black Coil 3mm & Above,26EW0474R0,21.12,2001,3.6,1265,0011000122,NMDC STEEL LIMITED,D202451105,5000100863,4600000294,70,02-05-26,101,HRC,COIL,11513:2017,BIS,cr3,72083890,N,7.453,90583487,MATCHED
2000,R_HR>3MM_CO,Hot Rolled Black Coil 3mm & Above,26EW0475R0,20.93,2001,3.6,1265,0011000122,NMDC STEEL LIMITED,D102601209,5000100864,4600000294,70,02-05-26,101,HRC,COIL,11513:2017,BIS,cr3,72083890,N,7.453,97937513,MATCHED
2000,R_HR_CO,Hot Rolled Black Coil,26EW0476R0,20.84,2001,2.5,1230,0011000122,NMDC STEEL LIMITED,D102614101,5000100866,4600000294,10,05-05-26,101,HRC,COIL,11513:2017,BIS,cr3,72083990,N,7.453,24532436,MATCHED
2000,R_HR>3MM_CO,Hot Rolled Black Coil 3mm & Above,26EW0477R0,21.1,2001,3,1265,0011000122,NMDC STEEL LIMITED,D102598209,5000100869,4600000294,50,12-05-26,101,HRC,COIL,11513:2017,BIS,cr3,72083890,N,7.453,39730106,MATCHED
2000,R_HR_CO,Hot Rolled Black Coil,26EW0478R0,20.72,2001,2.5,1230,0011000122,NMDC STEEL LIMITED,D102612105,5000100870,4600000294,10,05-05-26,101,HRC,COIL,11513:2017,BIS,cr3,72083990,N,7.453,45956938,MATCHED
2000,R_HR>3MM_CO,Hot Rolled Black Coil 3mm & Above,26EW0479R0,20.99,2001,3,1265,0011000122,NMDC STEEL LIMITED,D102598207,5000100871,4600000294,50,12-05-26,101,HRC,COIL,11513:2017,BIS,cr3,72083890,N,7.453,71021234,MATCHED
2000,R_HR>3MM_CO,Hot Rolled Black Coil 3mm & Above,26EW0480R0,20.95,2001,3,1265,0011000122,NMDC STEEL LIMITED,D102598203,5000100872,4600000294,50,12-05-26,101,HRC,COIL,11513:2017,BIS,cr3,72083890,N,7.453,17916738,MATCHED
2000,R_HR_CO,Hot Rolled Black Coil,26EW0481R0,20.91,2001,2.5,1230,0011000122,NMDC STEEL LIMITED,D102613101,5000100873,4600000294,10,05-05-26,101,HRC,COIL,11513:2017,BIS,cr3,72083990,N,7.453,36744179,MATCHED
2000,R_HR>3MM_CO,Hot Rolled Black Coil 3mm & Above,26EW0482R0,21.11,2001,3,1265,0011000122,NMDC STEEL LIMITED,D202449103,5000100874,4600000294,50,12-05-26,101,HRC,COIL,11513:2017,BIS,cr3,72083890,N,7.453,90937997,MATCHED
2000,R_HR>3MM_CO,Hot Rolled Black Coil 3mm & Above,26EW0483R0,20.94,2001,3.6,1265,0011000122,NMDC STEEL LIMITED,D202452102,5000100875,4600000294,70,02-05-26,101,HRC,COIL,11513:2017,BIS,cr3,72083890,N,7.453,57294726,MATCHED
2000,R_HR_CO,Hot Rolled Black Coil,26EW0484R0,20.96,2001,2.5,1230,0011000122,NMDC STEEL LIMITED,D102615104,5000100876,4600000294,10,05-05-26,101,HRC,COIL,11513:2017,BIS,cr3,72083990,N,7.453,86592465,MATCHED
2000,R_HR>3MM_CO,Hot Rolled Black Coil 3mm & Above,26EW0485R0,20.96,2001,3,1265,0011000122,NMDC STEEL LIMITED,D202450106,5000100877,4600000294,50,12-05-26,101,HRC,COIL,11513:2017,BIS,cr3,72083890,N,7.453,80832255,MATCHED
2000,R_HR_CO,Hot Rolled Black Coil,26EW0486R0,20.87,2001,2.5,1230,0011000122,NMDC STEEL LIMITED,D202464204,5000100878,4600000294,10,05-05-26,101,HRC,COIL,11513:2017,BIS,cr3,72083990,N,7.453,50220764,MATCHED
2000,R_HR_CO,Hot Rolled Black Coil,26EW0487R0,20.89,2001,2.5,1230,0011000122,NMDC STEEL LIMITED,D102616203,5000100879,4600000294,10,05-05-26,101,HRC,COIL,11513:2017,BIS,cr3,72083990,N,7.453,53437980,MATCHED
2000,R_HR>3MM_CO,Hot Rolled Black Coil 3mm & Above,26EW0488R0,20.95,2001,3,1265,0011000122,NMDC STEEL LIMITED,D102598202,5000100880,4600000294,50,12-05-26,101,HRC,COIL,11513:2017,BIS,cr3,72083890,N,7.453,42814155,MATCHED
2000,R_HR>3MM_CO,Hot Rolled Black Coil 3mm & Above,26EW0489R0,20.99,2001,3,1265,0011000122,NMDC STEEL LIMITED,D202449105,5000100881,4600000294,50,12-05-26,101,HRC,COIL,11513:2017,BIS,cr3,72083890,N,7.453,75176849,MATCHED
2000,R_HR>3MM_CO,Hot Rolled Black Coil 3mm & Above,26EW0490R0,21.06,2001,3,1265,0011000122,NMDC STEEL LIMITED,D102599206,5000100882,4600000294,50,12-05-26,101,HRC,COIL,11513:2017,BIS,cr3,72083890,N,7.453,46179934,MATCHED
2000,R_HR>3MM_CO,Hot Rolled Black Coil 3mm & Above,26EW0491R0,21.14,2001,3,1265,0011000122,NMDC STEEL LIMITED,D202450103,5000100883,4600000294,50,12-05-26,101,HRC,COIL,11513:2017,BIS,cr3,72083890,N,7.453,44566556,MATCHED
2000,R_HR>3MM_CO,Hot Rolled Black Coil 3mm & Above,26EW0492R0,21.07,2001,3,1265,0011000122,NMDC STEEL LIMITED,D202450105,5000100890,4600000294,50,12-05-26,101,HRC,COIL,11513:2017,BIS,cr3,72083890,N,7.453,49131984,MATCHED
2000,R_HR_CO,Hot Rolled Black Coil,26EW0493R0,20.92,2001,2.5,1230,0011000122,NMDC STEEL LIMITED,D102615102,5000100892,4600000294,60,02-05-26,101,HRC,COIL,11513:2017,BIS,cr3,72083990,N,7.453,74711313,MATCHED
2000,R_HR_CO,Hot Rolled Black Coil,26EW0494R0,20.93,2001,2.5,1230,0011000122,NMDC STEEL LIMITED,D102615107,5000100893,4600000294,60,02-05-26,101,HRC,COIL,11513:2017,BIS,cr3,72083990,N,7.453,14496773,MATCHED
2000,R_HR>3MM_CO,Hot Rolled Black Coil 3mm & Above,26EW0495R0,21,2001,3,1265,0011000122,NMDC STEEL LIMITED,D202449101,5000100894,4600000294,50,12-05-26,101,HRC,COIL,11513:2017,BIS,cr3,72083890,N,7.453,73255175,MATCHED
2000,R_HR_CO,Hot Rolled Black Coil,26EW0496R0,20.91,2001,2.5,1230,0011000122,NMDC STEEL LIMITED,D202462208,5000100895,4600000294,60,02-05-26,101,HRC,COIL,11513:2017,BIS,cr3,72083990,N,7.453,89640378,MATCHED
2000,R_HR>3MM_CO,Hot Rolled Black Coil 3mm & Above,26EW0497R0,20.96,2001,3,1265,0011000122,NMDC STEEL LIMITED,D202449106,5000100896,4600000294,80,02-05-26,101,HRC,COIL,11513:2017,BIS,cr3,72083890,N,7.453,86550610,MATCHED
2000,R_HR>3MM_CO,Hot Rolled Black Coil 3mm & Above,26EW0498R0,20.97,2001,3.6,1265,0011000122,NMDC STEEL LIMITED,D102601205,5000100905,4600000294,70,02-05-26,101,HRC,COIL,11513:2017,BIS,cr3,72083890,N,7.453,29583471,MATCHED
2000,R_HR>3MM_CO,Hot Rolled Black Coil 3mm & Above,26EW0499R0,21.08,2001,3,1265,0011000122,NMDC STEEL LIMITED,D102599201,5000100906,4600000294,80,02-05-26,101,HRC,COIL,11513:2017,BIS,cr3,72083890,N,7.453,68746886,MATCHED
2000,R_HR>3MM_CO,Hot Rolled Black Coil 3mm & Above,26EW0500R0,20.95,2001,3.6,1265,0011000122,NMDC STEEL LIMITED,D102601208,5000100907,4600000294,70,02-05-26,101,HRC,COIL,11513:2017,BIS,cr3,72083890,N,7.453,39894646,MATCHED
2000,R_HR>3MM_CO,Hot Rolled Black Coil 3mm & Above,26EW0501R0,21.09,2001,3,1265,0011000122,NMDC STEEL LIMITED,D102598208,5000100910,4600000294,80,02-05-26,101,HRC,COIL,11513:2017,BIS,cr3,72083890,N,7.453,17632791,MATCHED
2000,R_HR_CO,Hot Rolled Black Coil,26EW0502R0,20.87,2001,2.5,1230,0011000122,NMDC STEEL LIMITED,D102614104,5000100912,4600000294,10,05-05-26,101,HRC,COIL,11513:2017,BIS,cr3,72083990,N,7.453,89096790,MATCHED
2000,R_HR>3MM_CO,Hot Rolled Black Coil 3mm & Above,26EW0503R0,21.04,2001,3,1265,0011000122,NMDC STEEL LIMITED,D202451101,5000100915,4600000294,80,02-05-26,101,HRC,COIL,11513:2017,BIS,cr3,72083890,N,7.453,80880328,MATCHED
2000,R_HR>3MM_CO,Hot Rolled Black Coil 3mm & Above,26EW0504R0,21.01,2001,3,1265,0011000122,NMDC STEEL LIMITED,D202449102,5000100916,4600000294,80,02-05-26,101,HRC,COIL,11513:2017,BIS,cr3,72083890,N,7.453,50275580,MATCHED
2000,R_HR>3MM_CO,Hot Rolled Black Coil 3mm & Above,26EW0505R0,21.06,2001,3,1265,0011000122,NMDC STEEL LIMITED,D202449107,5000100918,4600000294,80,02-05-26,101,HRC,COIL,11513:2017,BIS,cr3,72083890,N,7.453,74878324,MATCHED
2000,R_HR>3MM_CO,Hot Rolled Black Coil 3mm & Above,26EW0506R0,21.01,2001,3,1265,0011000122,NMDC STEEL LIMITED,D102600201,5000100919,4600000294,80,02-05-26,101,HRC,COIL,11513:2017,BIS,cr3,72083890,N,7.453,92496015,MATCHED
2000,R_HR_CO,Hot Rolled Black Coil,26EW0507R0,20.92,2001,2.5,1230,0011000122,NMDC STEEL LIMITED,D202463201,5000100920,4600000294,10,05-05-26,101,HRC,COIL,11513:2017,BIS,cr3,72083990,N,7.453,52264152,MATCHED
2000,R_HR_CO,Hot Rolled Black Coil,26EW0508R0,20.83,2001,2.5,1230,0011000122,NMDC STEEL LIMITED,D202463206,5000100921,4600000294,10,05-05-26,101,HRC,COIL,11513:2017,BIS,cr3,72083990,N,7.453,77238365,MATCHED
2000,R_HR>3MM_CO,Hot Rolled Black Coil 3mm & Above,26EW0509R0,20.79,2001,3.2,1235,0011000122,NMDC STEEL LIMITED,D202461202,5000100922,4600000294,30,12-05-26,101,HRC,COIL,11513:2017,BIS,cr3,72083890,N,7.453,50450262,MATCHED
2000,R_HR_CO,Hot Rolled Black Coil,26EW0510R0,20.81,2001,2.5,1230,0011000122,NMDC STEEL LIMITED,D102616202,5000100923,4600000294,10,05-05-26,101,HRC,COIL,11513:2017,BIS,cr3,72083990,N,7.453,98378430,MATCHED
2000,R_HR>3MM_CO,Hot Rolled Black Coil 3mm & Above,26EW0511R0,21.01,2001,3.6,1265,0011000122,NMDC STEEL LIMITED,D202452103,5000100924,4600000294,70,02-05-26,101,HRC,COIL,11513:2017,BIS,cr3,72083890,N,7.453,49882151,MATCHED
2000,R_HR_CO,Hot Rolled Black Coil,26EW0512R0,20.87,2001,2.5,1230,0011000122,NMDC STEEL LIMITED,D102615103,5000100925,4600000294,10,05-05-26,101,HRC,COIL,11513:2017,BIS,cr3,72083990,N,7.453,65106540,MATCHED
2000,R_HR_CO,Hot Rolled Black Coil,26EW0513R0,20.86,2001,2.5,1230,0011000122,NMDC STEEL LIMITED,D102613109,5000100926,4600000294,10,05-05-26,101,HRC,COIL,11513:2017,BIS,cr3,72083990,N,7.453,13507900,MATCHED
2000,R_HR_CO,Hot Rolled Black Coil,26EW0514R0,20.94,2001,2.5,1230,0011000122,NMDC STEEL LIMITED,D102612107,5000100927,4600000294,10,05-05-26,101,HRC,COIL,11513:2017,BIS,cr3,72083990,N,7.453,93699682,MATCHED
2000,R_HR_CO,Hot Rolled Black Coil,26EW0515R0,20.83,2001,2.5,1230,0011000122,NMDC STEEL LIMITED,D202461207,5000100928,4600000294,10,05-05-26,101,HRC,COIL,11513:2017,BIS,cr3,72083990,N,7.453,52660614,MATCHED
2000,R_HR_CO,Hot Rolled Black Coil,26EW0516R0,20.81,2001,2.5,1230,0011000122,NMDC STEEL LIMITED,D102614102,5000100929,4600000294,10,05-05-26,101,HRC,COIL,11513:2017,BIS,cr3,72083990,N,7.453,28617567,MATCHED
2000,R_HR>3MM_CO,Hot Rolled Black Coil 3mm & Above,26EW0517R0,21.01,RC01,3.6,1265,0011000122,NMDC STEEL LIMITED,D202452101,5000100930,4600000294,70,02-05-26,101,HRC,COIL,11513:2017,BIS,cr3,72083890,N,7.453,51341512,MATCHED
2000,R_HR>3MM_CO,Hot Rolled Black Coil 3mm & Above,26EW0518R0,21.13,2001,3,1265,0011000122,NMDC STEEL LIMITED,D202450102,5000100931,4600000294,80,02-05-26,101,HRC,COIL,11513:2017,BIS,cr3,72083890,N,7.453,61228171,MATCHED
2000,R_HR_CO,Hot Rolled Black Coil,26EW0519R0,20.81,2001,2.5,1230,0011000122,NMDC STEEL LIMITED,D202464202,5000100932,4600000294,10,05-05-26,101,HRC,COIL,11513:2017,BIS,cr3,72083990,N,7.453,10830931,MATCHED
2000,R_HR_CO,Hot Rolled Black Coil,26EW0521R0,20.83,2001,2.5,1230,0011000122,NMDC STEEL LIMITED,D102613108,5000100939,4600000294,10,05-05-26,101,HRC,COIL,11513:2017,BIS,cr3,72083990,N,7.453,89969083,MATCHED
2000,R_HR>3MM_CO,Hot Rolled Black Coil 3mm & Above,26EW0522R0,20.93,2001,3.6,1265,0011000122,NMDC STEEL LIMITED,D202452107,5000100941,4600000294,70,02-05-26,101,HRC,COIL,11513:2017,BIS,cr3,72083890,N,7.453,12010415,MATCHED
2000,R_HR_CO,Hot Rolled Black Coil,26EW0523R0,20.93,2001,2.5,1230,0011000122,NMDC STEEL LIMITED,D102613102,5000100944,4600000294,10,05-05-26,101,HRC,COIL,11513:2017,BIS,cr3,72083990,N,7.453,15327390,MATCHED
2000,R_HR>3MM_CO,Hot Rolled Black Coil 3mm & Above,26EW0524R0,20.95,2001,3.6,1265,0011000122,NMDC STEEL LIMITED,D102601206,5000100945,4600000294,70,02-05-26,101,HRC,COIL,11513:2017,BIS,cr3,72083890,N,7.453,79024704,MATCHED
2000,R_HR>3MM_CO,Hot Rolled Black Coil 3mm & Above,26EW0525R0,20.83,2001,3,1265,0011000122,NMDC STEEL LIMITED,D102598201,5000100947,4600000294,80,02-05-26,101,HRC,COIL,11513:2017,BIS,cr3,72083890,N,7.453,47210545,MATCHED
2000,R_HR_CO,Hot Rolled Black Coil,26EW0526R0,20.9,2001,2.5,1230,0011000122,NMDC STEEL LIMITED,D202462205,5000100948,4600000294,10,05-05-26,101,HRC,COIL,11513:2017,BIS,cr3,72083990,N,7.453,39337086,MATCHED
2000,R_HR>3MM_CO,Hot Rolled Black Coil 3mm & Above,26EW0527R0,20.98,2001,3.6,1265,0011000122,NMDC STEEL LIMITED,D102601207,5000100949,4600000294,70,02-05-26,101,HRC,COIL,11513:2017,BIS,cr3,72083890,N,7.453,65395550,MATCHED
2000,R_HR_CO,Hot Rolled Black Coil,26EW0528R0,20.86,2001,2.5,1230,0011000122,NMDC STEEL LIMITED,D202463207,5000100950,4600000294,10,05-05-26,101,HRC,COIL,11513:2017,BIS,cr3,72083990,N,7.453,41252125,MATCHED
2000,R_HR_CO,Hot Rolled Black Coil,26EW0531R0,20.92,2001,2.5,1230,0011000122,NMDC STEEL LIMITED,D102613105,5000100970,4600000294,10,05-05-26,101,HRC,COIL,11513:2017,BIS,cr3,72083990,N,7.453,77726899,MATCHED
2000,R_HR>3MM_CO,Hot Rolled Black Coil 3mm & Above,26EW0532R0,21.04,2001,3.6,1265,0011000122,NMDC STEEL LIMITED,D102600207,5000100972,4600000294,70,02-05-26,101,HRC,COIL,11513:2017,BIS,cr3,72083890,N,7.453,29065023,MATCHED
2000,R_HR_CO,Hot Rolled Black Coil,26EW0577R0,20.92,2001,2.5,1230,0011000122,NMDC STEEL LIMITED,D102612108,5000101060,4600000294,10,05-05-26,101,HRC,COIL,11513:2017,BIS,cr3,72083990,N,7.453,88918113,MATCHED
2000,R_HR>3MM_CO,Hot Rolled Black Coil 3mm & Above,26EW0578R0,21.03,2001,3,1265,0011000122,NMDC STEEL LIMITED,D202450108,5000101065,4600000294,80,02-05-26,101,HRC,COIL,11513:2017,BIS,cr3,72083890,N,7.453,71560549,MATCHED
2000,R_HR_CO,Hot Rolled Black Coil,26EW0737R0,20.9,2001,2.5,1230,0011000122,NMDC STEEL LIMITED,D102864206,5000101858,4600000296,10,02-05-26,101,HRC,COIL,11513:2017,BIS,cr3,72083990,N,7.453,63883313,MATCHED
2000,R_HR_CO,Hot Rolled Black Coil,26EW0738R0,20.9,2001,2.5,1230,0011000122,NMDC STEEL LIMITED,D202740207,5000101859,4600000296,10,02-05-26,101,HRC,COIL,11513:2017,BIS,cr3,72083990,N,7.453,91779385,MATCHED
2000,R_HR_CO,Hot Rolled Black Coil,26EW0739R0,21.08,2001,2.5,1230,0011000122,NMDC STEEL LIMITED,D102863208,5000101860,4600000296,10,02-05-26,101,HRC,COIL,11513:2017,BIS,cr3,72083990,N,7.453,52312305,MATCHED
2000,R_HR_CO,Hot Rolled Black Coil,26EW0740R0,21.2,2001,2.5,1230,0011000122,NMDC STEEL LIMITED,D202734105,5000101870,4600000296,10,02-05-26,101,HRC,COIL,11513:2017,BIS,cr3,72083990,N,7.453,48760247,MATCHED
2000,R_HR_CO,Hot Rolled Black Coil,26EW0741R0,20.99,2001,2.5,1230,0011000122,NMDC STEEL LIMITED,D202740209,5000101888,4600000296,10,02-05-26,101,HRC,COIL,11513:2017,BIS,cr3,72083990,N,7.453,78535496,MATCHED
2000,R_HR>3MM_CO,Hot Rolled Black Coil 3mm & Above,26EW0742R0,20.99,2001,3.6,1265,0011000122,NMDC STEEL LIMITED,D102860108,5000101890,4600000296,30,02-05-26,101,HRC,COIL,11513:2017,BIS,cr3,72083890,N,7.453,24313866,MATCHED
2000,R_HR>3MM_CO,Hot Rolled Black Coil 3mm & Above,26EW0743R0,21.06,2001,3.6,1265,0011000122,NMDC STEEL LIMITED,D202732107,5000101891,4600000296,30,02-05-26,101,HRC,COIL,11513:2017,BIS,cr3,72083890,N,7.453,37409842,MATCHED
2000,R_HR_CO,Hot Rolled Black Coil,26EW0744R0,21.11,2001,2.5,1230,0011000122,NMDC STEEL LIMITED,D202734104,5000101893,4600000296,10,02-05-26,101,HRC,COIL,11513:2017,BIS,cr3,72083990,N,7.453,14548859,MATCHED
2000,R_HR_CO,Hot Rolled Black Coil,26EW0745R0,21.32,2001,2.5,1230,0011000122,NMDC STEEL LIMITED,D102868202,5000101896,4600000296,10,02-05-26,101,HRC,COIL,11513:2017,BIS,cr3,72083990,N,7.453,59191469,MATCHED
2000,R_HR_CO,Hot Rolled Black Coil,26EW0746R0,21.21,2001,2.5,1230,0011000122,NMDC STEEL LIMITED,D102862207,5000101897,4600000296,10,02-05-26,101,HRC,COIL,11513:2017,BIS,cr3,72083990,N,7.453,98465420,MATCHED
2000,R_HR>3MM_CO,Hot Rolled Black Coil 3mm & Above,26EW0747R0,21.04,2001,3.6,1265,0011000122,NMDC STEEL LIMITED,D202733103,5000101898,4600000296,30,02-05-26,101,HRC,COIL,11513:2017,BIS,cr3,72083890,N,7.453,85319482,MATCHED
2000,R_HR>3MM_CO,Hot Rolled Black Coil 3mm & Above,26EW0748R0,21.13,2001,3.6,1265,0011000122,NMDC STEEL LIMITED,D102857103,5000101900,4600000296,30,02-05-26,101,HRC,COIL,11513:2017,BIS,cr3,72083890,N,7.453,14154757,MATCHED
2000,R_HR_CO,Hot Rolled Black Coil,26EW0749R0,20.89,RC01,2.5,1230,0011000122,NMDC STEEL LIMITED,D102863202,5000101903,4600000296,10,02-05-26,101,HRC,COIL,11513:2017,BIS,cr3,72083990,N,7.453,13014581,MATCHED
2000,R_HR>3MM_CO,Hot Rolled Black Coil 3mm & Above,26EW0750R0,21.03,2001,3.6,1265,0011000122,NMDC STEEL LIMITED,D202733107,5000101905,4600000296,30,02-05-26,101,HRC,COIL,11513:2017,BIS,cr3,72083890,N,7.453,97266360,MATCHED
2000,R_HR>3MM_CO,Hot Rolled Black Coil 3mm & Above,26EW0751R0,21.01,2001,3.6,1265,0011000122,NMDC STEEL LIMITED,D202733105,5000101907,4600000296,30,02-05-26,101,HRC,COIL,11513:2017,BIS,cr3,72083890,N,7.453,30358744,MATCHED
2000,R_HR>3MM_CO,Hot Rolled Black Coil 3mm & Above,26EW0752R0,20.87,2001,3.6,1265,0011000122,NMDC STEEL LIMITED,D102860103,5000101910,4600000296,30,02-05-26,101,HRC,COIL,11513:2017,BIS,cr3,72083890,N,7.453,58183760,MATCHED
2000,R_HR>3MM_CO,Hot Rolled Black Coil 3mm & Above,26EW0753R0,21.03,2001,3.6,1265,0011000122,NMDC STEEL LIMITED,D202731208,5000101911,4600000296,30,02-05-26,101,HRC,COIL,11513:2017,BIS,cr3,72083890,N,7.453,92028997,MATCHED
2000,R_HR>3MM_CO,Hot Rolled Black Coil 3mm & Above,26EW0754R0,21.02,2001,3,1265,0011000122,NMDC STEEL LIMITED,D202730107,5000101912,4600000296,20,02-05-26,101,HRC,COIL,11513:2017,BIS,cr3,72083890,N,7.453,24739826,MATCHED
2000,R_HR>3MM_CO,Hot Rolled Black Coil 3mm & Above,26EW0755R0,20.83,2001,3.6,1265,0011000122,NMDC STEEL LIMITED,D102859207,5000101914,4600000296,30,02-05-26,101,HRC,COIL,11513:2017,BIS,cr3,72083890,N,7.453,97833108,MATCHED
2000,R_HR>3MM_CO,Hot Rolled Black Coil 3mm & Above,26EW0756R0,20.92,2001,3.6,1265,0011000122,NMDC STEEL LIMITED,D102859209,5000101915,4600000296,30,02-05-26,101,HRC,COIL,11513:2017,BIS,cr3,72083890,N,7.453,31100574,MATCHED
2000,R_HR>3MM_CO,Hot Rolled Black Coil 3mm & Above,26EW0757R0,20.99,2001,3.6,1265,0011000122,NMDC STEEL LIMITED,D102860107,5000101916,4600000296,30,02-05-26,101,HRC,COIL,11513:2017,BIS,cr3,72083890,N,7.453,49895268,MATCHED
2000,R_HR>3MM_CO,Hot Rolled Black Coil 3mm & Above,26EW0758R0,20.94,2001,3.6,1265,0011000122,NMDC STEEL LIMITED,D102860102,5000101917,4600000296,30,02-05-26,101,HRC,COIL,11513:2017,BIS,cr3,72083890,N,7.453,97533048,MATCHED
2000,R_HR>3MM_CO,Hot Rolled Black Coil 3mm & Above,26EW0759R0,20.89,2001,3,1265,0011000122,NMDC STEEL LIMITED,D102858204,5000101918,4600000296,20,02-05-26,101,HRC,COIL,11513:2017,BIS,cr3,72083890,N,7.453,85959371,MATCHED
2000,R_HR>3MM_CO,Hot Rolled Black Coil 3mm & Above,26EW0760R0,21.07,2001,3.6,1265,0011000122,NMDC STEEL LIMITED,D202732109,5000101921,4600000296,30,02-05-26,101,HRC,COIL,11513:2017,BIS,cr3,72083890,N,7.453,69130924,MATCHED
2000,R_HR_CO,Hot Rolled Black Coil,26EW0761R0,21.19,2001,2.5,1230,0011000122,NMDC STEEL LIMITED,D102862205,5000101923,4600000296,10,02-05-26,101,HRC,COIL,11513:2017,BIS,cr3,72083990,N,7.453,47536965,MATCHED
2000,R_HR_CO,Hot Rolled Black Coil,26EW0762R0,21.2,2001,2.5,1230,0011000122,NMDC STEEL LIMITED,D202734106,5000101925,4600000296,10,02-05-26,101,HRC,COIL,11513:2017,BIS,cr3,72083990,N,7.453,71795577,MATCHED
2000,R_HR_CO,Hot Rolled Black Coil,26EW0763R0,20.88,2001,2.5,1230,0011000122,NMDC STEEL LIMITED,D202740206,5000101932,4600000296,10,02-05-26,101,HRC,COIL,11513:2017,BIS,cr3,72083990,N,7.453,45995820,MATCHED
2000,R_HR>3MM_CO,Hot Rolled Black Coil 3mm & Above,26EW0764R0,21.25,2001,3.6,1265,0011000122,NMDC STEEL LIMITED,D202729204,5000101934,4600000296,30,02-05-26,101,HRC,COIL,11513:2017,BIS,cr3,72083890,N,7.453,27721980,MATCHED
2000,R_HR_CO,Hot Rolled Black Coil,26EW0765R0,20.93,2001,2.5,1230,0011000122,NMDC STEEL LIMITED,D102864204,5000101936,4600000296,10,02-05-26,101,HRC,COIL,11513:2017,BIS,cr3,72083990,N,7.453,70670378,MATCHED
2000,R_HR_CO,Hot Rolled Black Coil,26EW0766R0,21.31,2001,2.5,1230,0011000122,NMDC STEEL LIMITED,D102868204,5000101937,4600000296,10,02-05-26,101,HRC,COIL,11513:2017,BIS,cr3,72083990,N,7.453,90100387,MATCHED
2000,R_HR_CO,Hot Rolled Black Coil,26EW0767R0,21.19,2001,2.5,1230,0011000122,NMDC STEEL LIMITED,D202734102,5000101938,4600000296,10,02-05-26,101,HRC,COIL,11513:2017,BIS,cr3,72083990,N,7.453,32816049,MATCHED
2000,R_HR>3MM_CO,Hot Rolled Black Coil 3mm & Above,26EW0768R0,21.36,2001,3.2,1235,0011000122,NMDC STEEL LIMITED,D102861201,5000101949,4600000296,90,25-05-26,101,HRC,COIL,11513:2017,BIS,cr3,72083890,N,7.453,92849959,MATCHED
2000,R_HR_CO,Hot Rolled Black Coil,26FJ0002R0,27.38,2001,2.2,1230,0011000144,JSW Vijayanagar Metallics Limited,26274990,5000101952,4600000300,50,27-05-26,101,HRC,COIL,11513:2017,BIS,cr3,72083990,N,7.453,89673963,MATCHED
2000,R_HR_CO,Hot Rolled Black Coil,26FJ0003R0,27.525,2001,2.2,1230,0011000144,JSW Vijayanagar Metallics Limited,26275437,5000101953,4600000300,50,27-05-26,101,HRC,COIL,11513:2017,BIS,cr3,72083990,N,7.453,42854783,MATCHED
2000,R_HR_CO,Hot Rolled Black Coil,26FJ0004R0,27.53,2001,2.2,1230,0011000144,JSW Vijayanagar Metallics Limited,26275113,5000101954,4600000300,50,27-05-26,101,HRC,COIL,11513:2017,BIS,cr3,72083990,N,7.453,38688054,MATCHED
2000,R_HR_CO,Hot Rolled Black Coil,26FJ0005R0,27.39,2001,2.2,1230,0011000144,JSW Vijayanagar Metallics Limited,26275005,5000101955,4600000300,50,27-05-26,101,HRC,COIL,11513:2017,BIS,cr3,72083990,N,7.453,39115182,MATCHED
2000,R_HR_CO,Hot Rolled Black Coil,26FJ0006R0,27.68,2001,2.5,1230,0011000144,JSW Vijayanagar Metallics Limited,26274987,5000101956,4600000300,60,27-05-26,101,HRC,COIL,11513:2017,BIS,cr3,72083990,N,7.453,59147532,MATCHED
2000,R_HR_CO,Hot Rolled Black Coil,26FJ0007R0,27.575,2001,2.2,1230,0011000144,JSW Vijayanagar Metallics Limited,26274992,5000101959,4600000300,50,27-05-26,101,HRC,COIL,11513:2017,BIS,cr3,72083990,N,7.453,34896459,MATCHED
2000,R_HR_CO,Hot Rolled Black Coil,26FJ0008R0,27.6,2001,2.2,1230,0011000144,JSW Vijayanagar Metallics Limited,26275023,5000101960,4600000300,50,27-05-26,101,HRC,COIL,11513:2017,BIS,cr3,72083990,N,7.453,74553583,MATCHED
2000,R_HR_CO,Hot Rolled Black Coil,26FJ0009R0,27.46,2001,2.5,1250,0011000144,JSW Vijayanagar Metallics Limited,26274846,5000101961,4600000300,110,27-05-26,101,HRC,COIL,11513:2017,BIS,HR2,72083990,N,7.453,58250810,MATCHED
2000,R_HR_CO,Hot Rolled Black Coil,26FJ0057R0,27.52,2001,2.2,1230,0011000144,JSW Vijayanagar Metallics Limited,26274989,5000102064,4600000300,50,27-05-26,101,HRC,COIL,11513:2017,BIS,cr3,72083990,N,7.453,11792817,MATCHED
2000,R_HR_CO,Hot Rolled Black Coil,26FJ0058R0,26.71,2001,2.2,1230,0011000144,JSW Vijayanagar Metallics Limited,26275428,5000102065,4600000300,50,27-05-26,101,HRC,COIL,11513:2017,BIS,cr3,72083990,N,7.453,52595342,MATCHED
2000,R_HR_CO,Hot Rolled Black Coil,26FJ0059R0,24.24,2001,2,1235,0011000144,JSW Vijayanagar Metallics Limited,26275112,5000102066,4600000300,40,27-05-26,101,HRC,COIL,11513:2017,BIS,cr3,72083990,N,7.453,76539078,MATCHED
2000,R_HR_CO,Hot Rolled Black Coil,26FJ0060R0,27.525,2001,2.2,1230,0011000144,JSW Vijayanagar Metallics Limited,26274993,5000102068,4600000300,50,27-05-26,101,HRC,COIL,11513:2017,BIS,cr3,72083990,N,7.453,31368208,MATCHED
2000,R_HR_CO,Hot Rolled Black Coil,26FJ0061R0,27.615,2001,2.5,1230,0011000144,JSW Vijayanagar Metallics Limited,26275015,5000102069,4600000300,60,27-05-26,101,HRC,COIL,11513:2017,BIS,cr3,72083990,N,7.453,45842228,MATCHED
2000,R_HR_CO,Hot Rolled Black Coil,26FJ0062R0,27.595,2001,2.2,1230,0011000144,JSW Vijayanagar Metallics Limited,26275000,5000102071,4600000300,50,27-05-26,101,HRC,COIL,11513:2017,BIS,cr3,72083990,N,7.453,96341572,MATCHED
2000,R_HR_CO,Hot Rolled Black Coil,26FJ0063R0,24.475,2001,2,1235,0011000144,JSW Vijayanagar Metallics Limited,26275118,5000102073,4600000300,40,27-05-26,101,HRC,COIL,11513:2017,BIS,cr3,72083990,N,7.453,27412974,MATCHED
2000,R_HR_CO,Hot Rolled Black Coil,26FJ0064R0,26.745,2001,2,1235,0011000144,JSW Vijayanagar Metallics Limited,26275230,5000102074,4600000300,40,27-05-26,101,HRC,COIL,11513:2017,BIS,cr3,72083990,N,7.453,59696724,MATCHED
2000,R_HR_CO,Hot Rolled Black Coil,26FJ0065R0,27.44,2001,2.5,1250,0011000144,JSW Vijayanagar Metallics Limited,26274841,5000102075,4600000300,110,27-05-26,101,HRC,COIL,11513:2017,BIS,HR2,72083990,N,7.453,91713192,MATCHED
2000,R_HR_CO,Hot Rolled Black Coil,26FJ0066R0,21.375,2001,1.6,1250,0011000144,JSW Vijayanagar Metallics Limited,26271817,5000102077,4600000300,90,27-05-26,101,HRC,COIL,11513:2017,BIS,HR2,72083990,N,7.453,82416974,MATCHED
2000,R_HR_CO,Hot Rolled Black Coil,26FJ0092R0,27.54,2001,2.2,1230,0011000144,JSW Vijayanagar Metallics Limited,26275427,5000102161,4600000300,50,27-05-26,101,HRC,COIL,11513:2017,BIS,cr3,72083990,N,7.453,72976314,MATCHED
2000,R_HR_CO,Hot Rolled Black Coil,26FJ0093R0,27.585,2001,2.2,1230,0011000144,JSW Vijayanagar Metallics Limited,26275426,5000102164,4600000300,50,27-05-26,101,HRC,COIL,11513:2017,BIS,cr3,72083990,N,7.453,34216687,MATCHED
2000,R_HR_CO,Hot Rolled Black Coil,26FJ0096R0,27.58,2001,2.2,1230,0011000144,JSW Vijayanagar Metallics Limited,26275429,5000102166,4600000300,50,27-05-26,101,HRC,COIL,11513:2017,BIS,cr3,72083990,N,7.453,44083617,MATCHED
2000,R_HR_CO,Hot Rolled Black Coil,26FJ0098R0,27.715,2001,2.2,1230,0011000144,JSW Vijayanagar Metallics Limited,26275104,5000102170,4600000300,50,27-05-26,101,HRC,COIL,11513:2017,BIS,cr3,72083990,N,7.453,82674250,MATCHED
2000,R_HR_CO,Hot Rolled Black Coil,26FJ0100R0,26.805,2001,2.2,1230,0011000144,JSW Vijayanagar Metallics Limited,26275213,5000102171,4600000300,50,27-05-26,101,HRC,COIL,11513:2017,BIS,cr3,72083990,N,7.453,78129995,MATCHED
2000,R_HR_CO,Hot Rolled Black Coil,26FJ0101R0,24.16,2001,2.2,1230,0011000144,JSW Vijayanagar Metallics Limited,26275107,5000102176,4600000300,50,27-05-26,101,HRC,COIL,11513:2017,BIS,cr3,72083990,N,7.453,82818734,MATCHED
2000,R_HR_CO,Hot Rolled Black Coil,26FJ0103R0,27.615,2001,2.2,1230,0011000144,JSW Vijayanagar Metallics Limited,26275210,5000102180,4600000300,50,27-05-26,101,HRC,COIL,11513:2017,BIS,cr3,72083990,N,7.453,31091478,MATCHED
2000,R_HR_CO,Hot Rolled Black Coil,26FJ0105R0,27.605,2001,2.2,1230,0011000144,JSW Vijayanagar Metallics Limited,26275436,5000102182,4600000300,50,27-05-26,101,HRC,COIL,11513:2017,BIS,cr3,72083990,N,7.453,19773797,MATCHED
2000,R_HR_CO,Hot Rolled Black Coil,26FJ0107R0,27.56,2001,2,1235,0011000144,JSW Vijayanagar Metallics Limited,26275228,5000102185,4600000300,40,27-05-26,101,HRC,COIL,11513:2017,BIS,cr3,72083990,N,7.453,62665514,MATCHED
2000,R_HR_CO,Hot Rolled Black Coil,26FJ0130R0,27.22,2001,2,1235,0011000144,JSW Vijayanagar Metallics Limited,26275438,5000102222,4600000300,40,27-05-26,101,HRC,COIL,11513:2017,BIS,cr3,72083990,N,7.453,62163083,MATCHED
2000,R_HR_CO,Hot Rolled Black Coil,26FJ0131R0,27.64,2001,2.2,1230,0011000144,JSW Vijayanagar Metallics Limited,26275433,5000102223,4600000300,50,27-05-26,101,HRC,COIL,11513:2017,BIS,cr3,72083990,N,7.453,36908542,MATCHED
2000,R_HR_CO,Hot Rolled Black Coil,26FJ0132R0,27.14,2001,2,1235,0011000144,JSW Vijayanagar Metallics Limited,26275439,5000102224,4600000300,40,27-05-26,101,HRC,COIL,11513:2017,BIS,cr3,72083990,N,7.453,59115961,MATCHED
2000,R_HR_CO,Hot Rolled Black Coil,26FJ0133R0,27.555,2001,2,1235,0011000144,JSW Vijayanagar Metallics Limited,26275234,5000102225,4600000300,40,27-05-26,101,HRC,COIL,11513:2017,BIS,cr3,72083990,N,7.453,19401448,MATCHED
2000,R_HR_CO,Hot Rolled Black Coil,26FJ0134R0,27.685,2001,2.2,1230,0011000144,JSW Vijayanagar Metallics Limited,26275103,5000102226,4600000300,50,27-05-26,101,HRC,COIL,11513:2017,BIS,cr3,72083990,N,7.453,24176196,MATCHED
2000,R_HR_CO,Hot Rolled Black Coil,26FJ0135R0,27.58,2001,2.2,1230,0011000144,JSW Vijayanagar Metallics Limited,26275106,5000102227,4600000300,50,27-05-26,101,HRC,COIL,11513:2017,BIS,cr3,72083990,N,7.453,53391541,MATCHED
2000,R_HR_CO,Hot Rolled Black Coil,26FJ0136R0,26.705,2001,2.2,1230,0011000144,JSW Vijayanagar Metallics Limited,26275214,5000102241,4600000300,50,27-05-26,101,HRC,COIL,11513:2017,BIS,cr3,72083990,N,7.453,51969264,MATCHED
2000,R_HR_CO,Hot Rolled Black Coil,26FJ0137R0,24.415,2001,2,1235,0011000144,JSW Vijayanagar Metallics Limited,26275117,5000102242,4600000300,40,27-05-26,101,HRC,COIL,11513:2017,BIS,cr3,72083990,N,7.453,67835444,MATCHED
2000,R_HR_CO,Hot Rolled Black Coil,26FJ0138R0,27.46,2001,2.2,1230,0011000144,JSW Vijayanagar Metallics Limited,26274988,5000102243,4600000300,50,27-05-26,101,HRC,COIL,11513:2017,BIS,cr3,72083990,N,7.453,70358556,MATCHED
2000,R_HR_CO,Hot Rolled Black Coil,26FJ0140R0,27.595,2001,2.2,1230,0011000144,JSW Vijayanagar Metallics Limited,26275211,5000102245,4600000300,50,27-05-26,101,HRC,COIL,11513:2017,BIS,cr3,72083990,N,7.453,42720368,MATCHED
2000,R_HR_CO,Hot Rolled Black Coil,26FJ0141R0,27.605,2001,2.2,1230,0011000144,JSW Vijayanagar Metallics Limited,26275212,5000102246,4600000300,50,27-05-26,101,HRC,COIL,11513:2017,BIS,cr3,72083990,N,7.453,42277643,MATCHED
2000,R_HR_CO,Hot Rolled Black Coil,26FJ0142R0,27.605,2001,2.5,1230,0011000144,JSW Vijayanagar Metallics Limited,26275016,5000102249,4600000300,60,27-05-26,101,HRC,COIL,11513:2017,BIS,cr3,72083990,N,7.453,94836564,MATCHED
2000,R_HR_CO,Hot Rolled Black Coil,26FJ0143R0,27.455,2001,2.2,1230,0011000144,JSW Vijayanagar Metallics Limited,26274991,5000102250,4600000300,50,27-05-26,101,HRC,COIL,11513:2017,BIS,cr3,72083990,N,7.453,47013233,MATCHED
2000,R_HR_CO,Hot Rolled Black Coil,26FJ0144R0,25.73,2001,2.2,1230,0011000144,JSW Vijayanagar Metallics Limited,26275431,5000102258,4600000300,50,27-05-26,101,HRC,COIL,11513:2017,BIS,cr3,72083990,N,7.453,20817861,MATCHED
2000,R_HR_CO,Hot Rolled Black Coil,26FJ0145R0,18.6,2001,2,1015,0011000139,JSW Steel Limited,26042252,5000102259,4600000299,10,27-05-26,101,HRC,COIL,11513:2017,BIS,cr3,72083990,N,7.453,56566822,MATCHED
2000,R_HR_CO,Hot Rolled Black Coil,26FJ0146R0,14.515,2001,2.5,915,0011000139,JSW Steel Limited,26042344,5000102260,4600000299,20,27-05-26,101,HRC,COIL,11513:2017,BIS,cr3,72083990,N,7.453,38066233,MATCHED
2000,R_HR_CO,Hot Rolled Black Coil,26FJ0147R0,18.505,2001,2,1015,0011000139,JSW Steel Limited,26042256,5000102262,4600000299,10,27-05-26,101,HRC,COIL,11513:2017,BIS,cr3,72083990,N,7.453,53246005,MATCHED
2000,R_HR_CO,Hot Rolled Black Coil,26FJ0149R0,16.8,2001,2.5,915,0011000139,JSW Steel Limited,26042347,5000102264,4600000299,20,27-05-26,101,HRC,COIL,11513:2017,BIS,cr3,72083990,N,7.453,62150000,MATCHED
2000,R_HR_CO,Hot Rolled Black Coil,26FJ0150R0,16.725,2001,2.5,915,0011000139,JSW Steel Limited,26042039,5000102267,4600000299,20,27-05-26,101,HRC,COIL,11513:2017,BIS,cr3,72083990,N,7.453,53023319,MATCHED
2000,R_HR_CO,Hot Rolled Black Coil,26FJ0151R0,16.395,2001,2.5,915,0011000139,JSW Steel Limited,26042038,5000102272,4600000299,20,27-05-26,101,HRC,COIL,11513:2017,BIS,cr3,72083990,N,7.453,16576381,MATCHED
2000,R_HR_CO,Hot Rolled Black Coil,26FJ0152R0,15.54,2001,2.5,915,0011000139,JSW Steel Limited,26042348,5000102274,4600000299,20,27-05-26,101,HRC,COIL,11513:2017,BIS,cr3,72083990,N,7.453,40819925,MATCHED
2000,R_HR_CO,Hot Rolled Black Coil,26FJ0153R0,18.28,2001,2,1015,0011000139,JSW Steel Limited,26042527,5000102276,4600000299,10,27-05-26,101,HRC,COIL,11513:2017,BIS,cr3,72083990,N,7.453,81185136,MATCHED
2000,R_HR_CO,Hot Rolled Black Coil,26FJ0154R0,27.425,2001,2.5,1250,0011000144,JSW Vijayanagar Metallics Limited,26274833,5000102277,4600000300,110,27-05-26,101,HRC,COIL,11513:2017,BIS,HR2,72083990,N,7.453,29976558,MATCHED
2000,R_HR_CO,Hot Rolled Black Coil,26FJ0155R0,27.425,2001,2.5,1250,0011000144,JSW Vijayanagar Metallics Limited,26274834,5000102278,4600000300,110,27-05-26,101,HRC,COIL,11513:2017,BIS,HR2,72083990,N,7.453,48968290,MATCHED
2000,R_HR>3MM_CO,Hot Rolled Black Coil 3mm & Above,26FJ0156R0,21.53,2001,3.6,1260,0011000144,JSW Vijayanagar Metallics Limited,26271741,5000102279,4600000300,20,27-05-26,101,HRC,COIL,11513:2017,BIS,cr3,72083890,N,7.453,56641530,MATCHED
2000,R_HR>3MM_CO,Hot Rolled Black Coil 3mm & Above,26FJ0157R0,21.555,2001,3.6,1260,0011000144,JSW Vijayanagar Metallics Limited,26271742,5000102280,4600000300,10,27-05-26,101,HRC,COIL,11513:2017,BIS,cr2,72083890,N,7.453,23486764,MATCHED
2000,R_HR_CO,Hot Rolled Black Coil,26FJ0158R0,27.52,2001,2.5,1250,0011000144,JSW Vijayanagar Metallics Limited,26274848,5000102281,4600000300,110,27-05-26,101,HRC,COIL,11513:2017,BIS,HR2,72083990,N,7.453,95466529,MATCHED
2000,R_HR_CO,Hot Rolled Black Coil,26FJ0159R0,21.18,2001,2,1250,0011000144,JSW Vijayanagar Metallics Limited,26272709,5000102282,4600000300,100,27-05-26,101,HRC,COIL,11513:2017,BIS,HR2,72083990,N,7.453,18514561,MATCHED
2000,R_HR_CO,Hot Rolled Black Coil,26FJ0160R0,24.26,2001,2,1235,0011000144,JSW Vijayanagar Metallics Limited,26275225,5000102294,4600000300,40,27-05-26,101,HRC,COIL,11513:2017,BIS,cr3,72083990,N,7.453,19211919,MATCHED
2000,R_HR_CO,Hot Rolled Black Coil,26FJ0161R0,27.66,2001,2,1235,0011000144,JSW Vijayanagar Metallics Limited,26275227,5000102295,4600000300,40,27-05-26,101,HRC,COIL,11513:2017,BIS,cr3,72083990,N,7.453,16776256,MATCHED
2000,R_HR_CO,Hot Rolled Black Coil,26FJ0162R0,25.645,2001,2.2,1230,0011000144,JSW Vijayanagar Metallics Limited,26275425,5000102296,4600000300,50,27-05-26,101,HRC,COIL,11513:2017,BIS,cr3,72083990,N,7.453,68237352,MATCHED
2000,R_HR_CO,Hot Rolled Black Coil,26FJ0163R0,27.47,2001,2.2,1230,0011000144,JSW Vijayanagar Metallics Limited,26275030,5000102297,4600000300,50,27-05-26,101,HRC,COIL,11513:2017,BIS,cr3,72083990,N,7.453,87962528,MATCHED
2000,R_HR_CO,Hot Rolled Black Coil,26FJ0164R0,27.575,2001,2.2,1230,0011000144,JSW Vijayanagar Metallics Limited,26274980,5000102298,4600000300,50,27-05-26,101,HRC,COIL,11513:2017,BIS,cr3,72083990,N,7.453,95203300,MATCHED
2000,R_HR_CO,Hot Rolled Black Coil,26FJ0165R0,21.42,2001,1.6,1250,0011000144,JSW Vijayanagar Metallics Limited,26271820,5000102299,4600000300,90,27-05-26,101,HRC,COIL,11513:2017,BIS,HR2,72083990,N,7.453,44875956,MATCHED
2000,R_HR_CO,Hot Rolled Black Coil,26FJ0166R0,27.56,2001,2.2,1230,0011000144,JSW Vijayanagar Metallics Limited,26275029,5000102301,4600000300,50,27-05-26,101,HRC,COIL,11513:2017,BIS,cr3,72083990,N,7.453,28109113,MATCHED
2000,R_HR_CO,Hot Rolled Black Coil,26FJ0167R0,27.535,2001,2.2,1230,0011000144,JSW Vijayanagar Metallics Limited,26274982,5000102302,4600000300,50,27-05-26,101,HRC,COIL,11513:2017,BIS,cr3,72083990,N,7.453,41141930,MATCHED
2000,R_HR_CO,Hot Rolled Black Coil,26FJ0168R0,27.47,2001,2.5,1260,0011000144,JSW Vijayanagar Metallics Limited,26274975,5000102303,4600000300,70,27-05-26,101,HRC,COIL,11513:2017,BIS,cr3,72083990,N,7.453,42816312,MATCHED
2000,R_HR_CO,Hot Rolled Black Coil,26FJ0169R0,27.67,2001,2,1235,0011000144,JSW Vijayanagar Metallics Limited,26275120,5000102305,4600000300,40,27-05-26,101,HRC,COIL,11513:2017,BIS,cr3,72083990,N,7.453,25829368,MATCHED
2000,R_HR_CO,Hot Rolled Black Coil,26FJ0170R0,18.31,2001,2,1015,0011000139,JSW Steel Limited,26042523,5000102306,4600000299,10,27-05-26,101,HRC,COIL,11513:2017,BIS,cr3,72083990,N,7.453,26601019,MATCHED
2000,R_HR_CO,Hot Rolled Black Coil,26FJ0171R0,18.58,2001,2,1015,0011000139,JSW Steel Limited,26042341,5000102307,4600000299,10,27-05-26,101,HRC,COIL,11513:2017,BIS,cr3,72083990,N,7.453,59654386,MATCHED
2000,R_HR_CO,Hot Rolled Black Coil,26FJ0172R0,25.55,2001,2.2,1230,0011000144,JSW Vijayanagar Metallics Limited,26275004,5000102308,4600000300,50,27-05-26,101,HRC,COIL,11513:2017,BIS,cr3,72083990,N,7.453,20625587,MATCHED
2000,R_HR_CO,Hot Rolled Black Coil,26FJ0173R0,18.45,2001,2,1015,0011000139,JSW Steel Limited,26042343,5000102309,4600000299,10,27-05-26,101,HRC,COIL,11513:2017,BIS,cr3,72083990,N,7.453,26291984,MATCHED
2000,R_HR_CO,Hot Rolled Black Coil,26FJ0174R0,18.42,2001,2,1015,0011000139,JSW Steel Limited,26042339,5000102310,4600000299,10,27-05-26,101,HRC,COIL,11513:2017,BIS,cr3,72083990,N,7.453,56268511,MATCHED
2000,R_HR_CO,Hot Rolled Black Coil,26FJ0175R0,24.34,2001,2,1235,0011000144,JSW Vijayanagar Metallics Limited,26275226,5000102312,4600000300,40,27-05-26,101,HRC,COIL,11513:2017,BIS,cr3,72083990,N,7.453,25564694,MATCHED
2000,R_HR_CO,Hot Rolled Black Coil,26FJ0176R0,27.425,2001,2.5,1250,0011000144,JSW Vijayanagar Metallics Limited,26274845,5000102315,4600000300,110,27-05-26,101,HRC,COIL,11513:2017,BIS,HR2,72083990,N,7.453,40589836,MATCHED
2000,R_HR_CO,Hot Rolled Black Coil,26FJ0177R0,18.12,2001,2,1015,0011000139,JSW Steel Limited,26042253,5000102316,4600000299,10,27-05-26,101,HRC,COIL,11513:2017,BIS,cr3,72083990,N,7.453,40765766,MATCHED
2000,R_HR_CO,Hot Rolled Black Coil,26FJ0178R0,18.41,2001,2,1015,0011000139,JSW Steel Limited,26042249,5000102318,4600000299,10,27-05-26,101,HRC,COIL,11513:2017,BIS,cr3,72083990,N,7.453,32283075,MATCHED
2000,R_HR_CO,Hot Rolled Black Coil,26FJ0179R0,18.4,2001,2,1015,0011000139,JSW Steel Limited,26042255,5000102319,4600000299,10,27-05-26,101,HRC,COIL,11513:2017,BIS,cr3,72083990,N,7.453,74483308,MATCHED
2000,R_HR_CO,Hot Rolled Black Coil,26FJ0180R0,27.64,2001,2.5,1230,0011000144,JSW Vijayanagar Metallics Limited,26274984,5000102320,4600000300,60,27-05-26,101,HRC,COIL,11513:2017,BIS,cr3,72083990,N,7.453,38771910,MATCHED
2000,R_HR_CO,Hot Rolled Black Coil,26FJ0181R0,16.63,2001,2.5,915,0011000139,JSW Steel Limited,26042042,5000102321,4600000299,20,27-05-26,101,HRC,COIL,11513:2017,BIS,cr3,72083990,N,7.453,41536591,MATCHED
2000,R_HR_CO,Hot Rolled Black Coil,26FJ0182R0,16.89,2001,2.5,915,0011000139,JSW Steel Limited,26042037,5000102322,4600000299,20,27-05-26,101,HRC,COIL,11513:2017,BIS,cr3,72083990,N,7.453,49748263,MATCHED
2000,R_HR_CO,Hot Rolled Black Coil,26FJ0183R0,27.595,2001,2.2,1230,0011000144,JSW Vijayanagar Metallics Limited,26275028,5000102323,4600000300,50,27-05-26,101,HRC,COIL,11513:2017,BIS,cr3,72083990,N,7.453,29368208,MATCHED
2000,R_HR_CO,Hot Rolled Black Coil,26FJ0184R0,27.44,2001,2,1250,0011000144,JSW Vijayanagar Metallics Limited,26274843,5000102325,4600000300,100,27-05-26,101,HRC,COIL,11513:2017,BIS,HR2,72083990,N,7.453,14425926,MATCHED
2000,R_HR_CO,Hot Rolled Black Coil,26FJ0185R0,16.9,2001,2.5,915,0011000139,JSW Steel Limited,26042041,5000102326,4600000299,20,27-05-26,101,HRC,COIL,11513:2017,BIS,cr3,72083990,N,7.453,10764868,MATCHED
2000,R_HR_CO,Hot Rolled Black Coil,26FJ0186R0,16.66,2001,2.5,915,0011000139,JSW Steel Limited,26042345,5000102327,4600000299,20,27-05-26,101,HRC,COIL,11513:2017,BIS,cr3,72083990,N,7.453,73184443,MATCHED
2000,R_HR_CO,Hot Rolled Black Coil,26FJ0216R0,27.515,2001,2.2,1230,0011000144,JSW Vijayanagar Metallics Limited,26274983,5000102420,4600000300,50,27-05-26,101,HRC,COIL,11513:2017,BIS,cr3,72083990,N,7.453,73177046,MATCHED
2000,R_HR_CO,Hot Rolled Black Coil,26FJ0217R0,27.705,2001,2.5,1230,0011000144,JSW Vijayanagar Metallics Limited,26274985,5000102421,4600000300,60,27-05-26,101,HRC,COIL,11513:2017,BIS,cr3,72083990,N,7.453,82870006,MATCHED
2000,R_HR_CO,Hot Rolled Black Coil,26FJ0218R0,27.475,2001,2.2,1230,0011000144,JSW Vijayanagar Metallics Limited,26275021,5000102422,4600000300,50,27-05-26,101,HRC,COIL,11513:2017,BIS,cr3,72083990,N,7.453,24696047,MATCHED
2000,R_HR_CO,Hot Rolled Black Coil,26FJ0219R0,27.705,2001,2.2,1230,0011000144,JSW Vijayanagar Metallics Limited,26275110,5000102423,4600000300,50,27-05-26,101,HRC,COIL,11513:2017,BIS,cr3,72083990,N,7.453,31018355,MATCHED
2000,R_HR_CO,Hot Rolled Black Coil,26FJ0220R0,25.905,2001,2.2,1230,0011000144,JSW Vijayanagar Metallics Limited,26275432,5000102424,4600000300,50,27-05-26,101,HRC,COIL,11513:2017,BIS,cr3,72083990,N,7.453,90036258,MATCHED
2000,R_HR_CO,Hot Rolled Black Coil,26FJ0267R0,27.275,2001,2.2,1230,0011000144,JSW Vijayanagar Metallics Limited,26275435,5000102547,4600000300,50,27-05-26,101,HRC,COIL,11513:2017,BIS,cr3,72083990,N,7.453,97896258,MATCHED
2000,R_HR_CO,Hot Rolled Black Coil,26FJ0268R0,27.57,2001,2.2,1230,0011000144,JSW Vijayanagar Metallics Limited,26274999,5000102548,4600000300,50,27-05-26,101,HRC,COIL,11513:2017,BIS,cr3,72083990,N,7.453,95073465,MATCHED
2000,R_HR_CO,Hot Rolled Black Coil,26FJ0269R0,27.605,2001,2,1235,0011000144,JSW Vijayanagar Metallics Limited,26275233,5000102549,4600000300,40,27-05-26,101,HRC,COIL,11513:2017,BIS,cr3,72083990,N,7.453,62241603,MATCHED
2000,R_HR_CO,Hot Rolled Black Coil,26FJ0270R0,27.495,2001,2,1235,0011000144,JSW Vijayanagar Metallics Limited,26275232,5000102550,4600000300,40,27-05-26,101,HRC,COIL,11513:2017,BIS,cr3,72083990,N,7.453,11670319,MATCHED
2000,R_HR_CO,Hot Rolled Black Coil,26FJ0271R0,18.605,2001,2,1015,0011000139,JSW Steel Limited,26042342,5000102551,4600000299,10,27-05-26,101,HRC,COIL,11513:2017,BIS,cr3,72083990,N,7.453,38265702,MATCHED
2000,R_HR_CO,Hot Rolled Black Coil,26FJ0272R0,24.505,2001,2,1235,0011000144,JSW Vijayanagar Metallics Limited,26275119,5000102552,4600000300,40,27-05-26,101,HRC,COIL,11513:2017,BIS,cr3,72083990,N,7.453,21818686,MATCHED
2000,R_HR_CO,Hot Rolled Black Coil,26FJ0273R0,26.26,2001,2.2,1230,0011000144,JSW Vijayanagar Metallics Limited,26268251,5000102553,4600000300,50,27-05-26,101,HRC,COIL,11513:2017,BIS,cr3,72083990,N,7.453,97668333,MATCHED
2000,R_HR_CO,Hot Rolled Black Coil,26FJ0274R0,27.635,2001,2,1235,0011000144,JSW Vijayanagar Metallics Limited,26275229,5000102554,4600000300,40,27-05-26,101,HRC,COIL,11513:2017,BIS,cr3,72083990,N,7.453,43792157,MATCHED
2000,R_HR_CO,Hot Rolled Black Coil,26FJ0275R0,18.22,2001,2,1015,0011000139,JSW Steel Limited,26042258,5000102556,4600000299,10,27-05-26,101,HRC,COIL,11513:2017,BIS,cr3,72083990,N,7.453,59918521,MATCHED
2000,R_HR_CO,Hot Rolled Black Coil,26FJ0276R0,18.29,2001,2,1015,0011000139,JSW Steel Limited,26042524,5000102557,4600000299,10,27-05-26,101,HRC,COIL,11513:2017,BIS,cr3,72083990,N,7.453,14542518,MATCHED
2000,R_HR_CO,Hot Rolled Black Coil,26FJ0277R0,18.29,2001,2,1015,0011000139,JSW Steel Limited,26042250,5000102558,4600000299,10,27-05-26,101,HRC,COIL,11513:2017,BIS,cr3,72083990,N,7.453,15903993,MATCHED
2000,R_HR_CO,Hot Rolled Black Coil,26FJ0278R0,18.565,2001,2,1015,0011000139,JSW Steel Limited,26042251,5000102559,4600000299,10,27-05-26,101,HRC,COIL,11513:2017,BIS,cr3,72083990,N,7.453,54304333,MATCHED
2000,R_HR_CO,Hot Rolled Black Coil,26FJ0279R0,18.285,2001,2,1015,0011000139,JSW Steel Limited,26042526,5000102561,4600000299,10,27-05-26,101,HRC,COIL,11513:2017,BIS,cr3,72083990,N,7.453,18380597,MATCHED
2000,R_HR_CO,Hot Rolled Black Coil,26FJ0280R0,18.59,2001,2,1015,0011000139,JSW Steel Limited,26042254,5000102562,4600000299,10,27-05-26,101,HRC,COIL,11513:2017,BIS,cr3,72083990,N,7.453,15432901,MATCHED
2000,R_HR_CO,Hot Rolled Black Coil,26FJ0281R0,18.32,2001,2,1015,0011000139,JSW Steel Limited,26042248,5000102563,4600000299,10,27-05-26,101,HRC,COIL,11513:2017,BIS,cr3,72083990,N,7.453,80071744,MATCHED
2000,R_HR_CO,Hot Rolled Black Coil,26FJ0282R0,18.115,2001,2,1015,0011000139,JSW Steel Limited,26042525,5000102565,4600000299,10,27-05-26,101,HRC,COIL,11513:2017,BIS,cr3,72083990,N,7.453,42926313,MATCHED
2000,R_HR_CO,Hot Rolled Black Coil,26FJ0283R0,21.43,2001,2.5,1250,0011000144,JSW Vijayanagar Metallics Limited,26271805,5000102566,4600000300,110,27-05-26,101,HRC,COIL,11513:2017,BIS,HR2,72083990,N,7.453,72104816,MATCHED
2000,R_HR_CO,Hot Rolled Black Coil,26FJ0284R0,27.255,2001,2.5,1250,0011000144,JSW Vijayanagar Metallics Limited,26274835,5000102567,4600000300,110,27-05-26,101,HRC,COIL,11513:2017,BIS,HR2,72083990,N,7.453,13058682,MATCHED
2000,R_HR_CO,Hot Rolled Black Coil,26FJ0294R0,18.66,2001,2,1015,0011000139,JSW Steel Limited,26042257,5000102583,4600000299,10,27-05-26,101,HRC,COIL,11513:2017,BIS,cr3,72083990,N,7.453,82810048,MATCHED
2000,R_HR_CO,Hot Rolled Black Coil,26FJ0295R0,27.52,2001,2.2,1230,0011000144,JSW Vijayanagar Metallics Limited,26275022,5000102584,4600000300,50,27-05-26,101,HRC,COIL,11513:2017,BIS,cr3,72083990,N,7.453,92863216,MATCHED
2000,R_HR_CO,Hot Rolled Black Coil,26FJ0299R0,27.475,2001,2.2,1230,0011000144,JSW Vijayanagar Metallics Limited,26275111,5000102589,4600000300,50,27-05-26,101,HRC,COIL,11513:2017,BIS,cr3,72083990,N,7.453,32520232,MATCHED
2000,R_HR_CO,Hot Rolled Black Coil,26FJ0301R0,27.16,2001,2.2,1230,0011000144,JSW Vijayanagar Metallics Limited,26275430,5000102591,4600000300,50,27-05-26,101,HRC,COIL,11513:2017,BIS,cr3,72083990,N,7.453,89614359,MATCHED
2000,R_HR_CO,Hot Rolled Black Coil,26FJ0302R0,18.29,2001,2,1015,0011000139,JSW Steel Limited,26042340,5000102592,4600000299,10,27-05-26,101,HRC,COIL,11513:2017,BIS,cr3,72083990,N,7.453,15987101,MATCHED
2000,R_HR_CO,Hot Rolled Black Coil,26FJ0303R0,16.77,2001,2.5,915,0011000139,JSW Steel Limited,26042040,5000102594,4600000299,20,27-05-26,101,HRC,COIL,11513:2017,BIS,cr3,72083990,N,7.453,21346050,MATCHED
2000,R_HR_CO,Hot Rolled Black Coil,26FJ0308R0,27.475,2001,2.5,1250,0011000144,JSW Vijayanagar Metallics Limited,26274836,5000102598,4600000300,110,27-05-26,101,HRC,COIL,11513:2017,BIS,HR2,72083990,N,7.453,52339899,MATCHED
2000,R_HR_CO,Hot Rolled Black Coil,26FJ0312R0,27.4,2001,2.5,1250,0011000144,JSW Vijayanagar Metallics Limited,26274844,5000102602,4600000300,110,27-05-26,101,HRC,COIL,11513:2017,BIS,HR2,72083990,N,7.453,26950987,MATCHED
2000,R_HR_CO,Hot Rolled Black Coil,26FJ0315R0,25.875,2001,2.2,1230,0011000144,JSW Vijayanagar Metallics Limited,26275434,5000102604,4600000300,50,27-05-26,101,HRC,COIL,11513:2017,BIS,cr3,72083990,N,7.453,77111564,MATCHED
2000,R_HR_CO,Hot Rolled Black Coil,26FJ0317R0,27.67,2001,2.2,1230,0011000144,JSW Vijayanagar Metallics Limited,26275109,5000102606,4600000300,50,27-05-26,101,HRC,COIL,11513:2017,BIS,cr3,72083990,N,7.453,55110552,MATCHED
2000,R_HR_CO,Hot Rolled Black Coil,26FJ0319R0,27.56,2001,2,1235,0011000144,JSW Vijayanagar Metallics Limited,26275231,5000102608,4600000300,40,27-05-26,101,HRC,COIL,11513:2017,BIS,cr3,72083990,N,7.453,63895510,MATCHED
2000,R_HR_CO,Hot Rolled Black Coil,26FJ0329R0,27.685,2001,2.5,1260,0011000144,JSW Vijayanagar Metallics Limited,26274974,5000102704,4600000300,70,27-05-26,101,HRC,COIL,11513:2017,BIS,cr3,72083990,N,7.453,73482000,MATCHED
2000,R_HR_CO,Hot Rolled Black Coil,26FJ0330R0,24.455,2001,2,1235,0011000144,JSW Vijayanagar Metallics Limited,26275121,5000102705,4600000300,40,27-05-26,101,HRC,COIL,11513:2017,BIS,cr3,72083990,N,7.453,42460788,MATCHED
2000,R_HR>3MM_CO,Hot Rolled Black Coil 3mm & Above,26FJ0331R0,25.83,2001,3.6,1260,0011000144,JSW Vijayanagar Metallics Limited,26271600,5000102707,4600000300,20,27-05-26,101,HRC,COIL,11513:2017,BIS,cr3,72083890,N,7.453,43734146,MATCHED
2000,R_HR_CO,Hot Rolled Black Coil,26FT0187R0,27.82,2001,2.2,1230,0011000082,TATA STEEL LTD,268366020,5000102331,4600000298,20,28-05-26,101,HRC,COIL,11513:2017,BIS,cr3,72083990,N,7.453,74179113,MATCHED
2000,R_HR_CO,Hot Rolled Black Coil,26FT0188R0,25.93,2001,2.2,1230,0011000082,TATA STEEL LTD,268366042A,5000102332,4600000298,20,28-05-26,101,HRC,COIL,11513:2017,BIS,cr3,72083990,N,7.453,18709051,MATCHED
2000,R_HR_CO,Hot Rolled Black Coil,26FT0189R0,28.76,2001,2,1235,0011000082,TATA STEEL LTD,268397101,5000102342,4600000298,10,28-05-26,101,HRC,COIL,11513:2017,BIS,cr3,72083990,N,7.453,80517500,MATCHED
2000,R_HR_CO,Hot Rolled Black Coil,26FT0190R0,28.54,2001,2.2,1230,0011000082,TATA STEEL LTD,268398047,5000102343,4600000298,20,28-05-26,101,HRC,COIL,11513:2017,BIS,cr3,72083990,N,7.453,53680422,MATCHED
2000,R_HR_CO,Hot Rolled Black Coil,26FT0191R0,28.61,2001,2,1235,0011000082,TATA STEEL LTD,268397103,5000102347,4600000298,10,28-05-26,101,HRC,COIL,11513:2017,BIS,cr3,72083990,N,7.453,76844283,MATCHED
2000,R_HR_CO,Hot Rolled Black Coil,26FT0192R0,28.58,2001,2.2,1230,0011000082,TATA STEEL LTD,268398057,5000102352,4600000298,20,28-05-26,101,HRC,COIL,11513:2017,BIS,cr3,72083990,N,7.453,39713259,MATCHED
2000,R_HR_CO,Hot Rolled Black Coil,26FT0193R0,28.64,2001,2.2,1230,0011000082,TATA STEEL LTD,268398048,5000102356,4600000298,20,28-05-26,101,HRC,COIL,11513:2017,BIS,cr3,72083990,N,7.453,73725867,MATCHED
2000,R_HR_CO,Hot Rolled Black Coil,26FT0194R0,28.69,2001,2,1235,0011000082,TATA STEEL LTD,268396094,5000102358,4600000298,10,28-05-26,101,HRC,COIL,11513:2017,BIS,cr3,72083990,N,7.453,31895900,MATCHED
2000,R_HR_CO,Hot Rolled Black Coil,26FT0195R0,28.63,2001,2.2,1230,0011000082,TATA STEEL LTD,268398056,5000102365,4600000298,20,28-05-26,101,HRC,COIL,11513:2017,BIS,cr3,72083990,N,7.453,14477815,MATCHED
2000,R_HR_CO,Hot Rolled Black Coil,26FT0196R0,28.68,2001,2.2,1230,0011000082,TATA STEEL LTD,268397073,5000102373,4600000298,20,28-05-26,101,HRC,COIL,11513:2017,BIS,cr3,72083990,N,7.453,82039426,MATCHED
2000,R_HR_CO,Hot Rolled Black Coil,26FT0197R0,28.75,2001,2.2,1230,0011000082,TATA STEEL LTD,268397074,5000102380,4600000298,20,28-05-26,101,HRC,COIL,11513:2017,BIS,cr3,72083990,N,7.453,96865552,MATCHED
2000,R_HR_CO,Hot Rolled Black Coil,26FT0198R0,28.59,2001,2.2,1230,0011000082,TATA STEEL LTD,268397093,5000102395,4600000298,20,28-05-26,101,HRC,COIL,11513:2017,BIS,cr3,72083990,N,7.453,66818468,MATCHED
2000,R_HR_CO,Hot Rolled Black Coil,26FT0199R0,28.79,2001,2.2,1230,0011000082,TATA STEEL LTD,268398059,5000102396,4600000298,20,28-05-26,101,HRC,COIL,11513:2017,BIS,cr3,72083990,N,7.453,49258403,MATCHED
2000,R_HR_CO,Hot Rolled Black Coil,26FT0200R0,28.02,2001,2.2,1230,0011000082,TATA STEEL LTD,268366041,5000102397,4600000298,20,28-05-26,101,HRC,COIL,11513:2017,BIS,cr3,72083990,N,7.453,53007842,MATCHED
2000,R_HR_CO,Hot Rolled Black Coil,26FT0201R0,28.66,2001,2.2,1230,0011000082,TATA STEEL LTD,268398100,5000102399,4600000298,20,28-05-26,101,HRC,COIL,11513:2017,BIS,cr3,72083990,N,7.453,50982679,MATCHED
2000,R_HR_CO,Hot Rolled Black Coil,26FT0202R0,28.87,2001,2.2,1230,0011000082,TATA STEEL LTD,268398092,5000102401,4600000298,20,28-05-26,101,HRC,COIL,11513:2017,BIS,cr3,72083990,N,7.453,90328454,MATCHED
2000,R_HR_CO,Hot Rolled Black Coil,26FT0203R0,28.53,2001,2.2,1230,0011000082,TATA STEEL LTD,268398099,5000102402,4600000298,20,28-05-26,101,HRC,COIL,11513:2017,BIS,cr3,72083990,N,7.453,81865062,MATCHED
2000,R_HR_CO,Hot Rolled Black Coil,26FT0204R0,28.86,2001,2.2,1230,0011000082,TATA STEEL LTD,268398091,5000102404,4600000298,20,28-05-26,101,HRC,COIL,11513:2017,BIS,cr3,72083990,N,7.453,94540774,MATCHED
2000,R_HR_CO,Hot Rolled Black Coil,26FT0205R0,28.71,2001,2.2,1230,0011000082,TATA STEEL LTD,268398093,5000102406,4600000298,20,28-05-26,101,HRC,COIL,11513:2017,BIS,cr3,72083990,N,7.453,99834485,MATCHED
2000,R_HR_CO,Hot Rolled Black Coil,26FT0206R0,28.65,2001,2,1235,0011000082,TATA STEEL LTD,268396073,5000102408,4600000298,10,28-05-26,101,HRC,COIL,11513:2017,BIS,cr3,72083990,N,7.453,77821036,MATCHED
2000,R_HR_CO,Hot Rolled Black Coil,26FT0207R0,28.66,2001,2,1235,0011000082,TATA STEEL LTD,268396074,5000102409,4600000298,10,28-05-26,101,HRC,COIL,11513:2017,BIS,cr3,72083990,N,7.453,95416349,MATCHED
2000,R_HR_CO,Hot Rolled Black Coil,26FT0208R0,28.76,2001,2.2,1230,0011000082,TATA STEEL LTD,268397072,5000102411,4600000298,20,28-05-26,101,HRC,COIL,11513:2017,BIS,cr3,72083990,N,7.453,96401245,MATCHED
2000,R_HR_CO,Hot Rolled Black Coil,26FT0209R0,28.65,2001,2,1235,0011000082,TATA STEEL LTD,268397077,5000102412,4600000298,10,28-05-26,101,HRC,COIL,11513:2017,BIS,cr3,72083990,N,7.453,70275089,MATCHED
2000,R_HR_CO,Hot Rolled Black Coil,26FT0210R0,28.72,2001,2,1235,0011000082,TATA STEEL LTD,268397075,5000102413,4600000298,10,28-05-26,101,HRC,COIL,11513:2017,BIS,cr3,72083990,N,7.453,96160760,MATCHED
2000,R_HR_CO,Hot Rolled Black Coil,26FT0211R0,28.74,2001,2,1235,0011000082,TATA STEEL LTD,268397080,5000102414,4600000298,10,28-05-26,101,HRC,COIL,11513:2017,BIS,cr3,72083990,N,7.453,54904338,MATCHED
2000,R_HR_CO,Hot Rolled Black Coil,26FT0212R0,28.63,2001,2,1235,0011000082,TATA STEEL LTD,268397081,5000102415,4600000298,10,28-05-26,101,HRC,COIL,11513:2017,BIS,cr3,72083990,N,7.453,53672388,MATCHED
2000,R_HR_CO,Hot Rolled Black Coil,26FT0213R0,28.61,2001,2.2,1230,0011000082,TATA STEEL LTD,268396068,5000102416,4600000298,20,28-05-26,101,HRC,COIL,11513:2017,BIS,cr3,72083990,N,7.453,51439555,MATCHED
2000,R_HR_CO,Hot Rolled Black Coil,26FT0214R0,28.72,2001,2.2,1230,0011000082,TATA STEEL LTD,268396067,5000102417,4600000298,20,28-05-26,101,HRC,COIL,11513:2017,BIS,cr3,72083990,N,7.453,33437891,MATCHED
2000,R_HR_CO,Hot Rolled Black Coil,26FT0215R0,28.74,2001,2.2,1230,0011000082,TATA STEEL LTD,268396065,5000102419,4600000298,20,28-05-26,101,HRC,COIL,11513:2017,BIS,cr3,72083990,N,7.453,29833696,MATCHED
2000,R_HR_CO,Hot Rolled Black Coil,26FT0221R0,28.6,2001,2.2,1230,0011000082,TATA STEEL LTD,268398086,5000102425,4600000298,20,28-05-26,101,HRC,COIL,11513:2017,BIS,cr3,72083990,N,7.453,29835860,MATCHED
2000,R_HR_CO,Hot Rolled Black Coil,26FT0222R0,28.64,2001,2.2,1230,0011000082,TATA STEEL LTD,268397094,5000102426,4600000298,20,28-05-26,101,HRC,COIL,11513:2017,BIS,cr3,72083990,N,7.453,60889409,MATCHED
2000,R_HR_CO,Hot Rolled Black Coil,26FT0223R0,28.65,2001,2.2,1230,0011000082,TATA STEEL LTD,268398090,5000102428,4600000298,20,28-05-26,101,HRC,COIL,11513:2017,BIS,cr3,72083990,N,7.453,14921772,MATCHED
2000,R_HR_CO,Hot Rolled Black Coil,26FT0224R0,28.44,2001,2.2,1230,0011000082,TATA STEEL LTD,268366021,5000102429,4600000298,20,28-05-26,101,HRC,COIL,11513:2017,BIS,cr3,72083990,N,7.453,62990197,MATCHED
2000,R_HR_CO,Hot Rolled Black Coil,26FT0225R0,28.55,2001,2.2,1230,0011000082,TATA STEEL LTD,268366018,5000102431,4600000298,20,28-05-26,101,HRC,COIL,11513:2017,BIS,cr3,72083990,N,7.453,97574119,MATCHED
2000,R_HR_CO,Hot Rolled Black Coil,26FT0226R0,28.66,2001,2.2,1230,0011000082,TATA STEEL LTD,268398097,5000102432,4600000298,20,28-05-26,101,HRC,COIL,11513:2017,BIS,cr3,72083990,N,7.453,62319767,MATCHED
2000,R_HR_CO,Hot Rolled Black Coil,26FT0227R0,28.68,2001,2.2,1230,0011000082,TATA STEEL LTD,268397095,5000102433,4600000298,20,28-05-26,101,HRC,COIL,11513:2017,BIS,cr3,72083990,N,7.453,54461728,MATCHED
2000,R_HR_CO,Hot Rolled Black Coil,26FT0228R0,28.42,2001,2.2,1230,0011000082,TATA STEEL LTD,268366025,5000102434,4600000298,20,28-05-26,101,HRC,COIL,11513:2017,BIS,cr3,72083990,N,7.453,20550829,MATCHED
2000,R_HR_CO,Hot Rolled Black Coil,26FT0229R0,28.64,2001,2.2,1230,0011000082,TATA STEEL LTD,268366022,5000102435,4600000298,20,28-05-26,101,HRC,COIL,11513:2017,BIS,cr3,72083990,N,7.453,68086458,MATCHED
2000,R_HR_CO,Hot Rolled Black Coil,26FT0230R0,28.05,2001,2.2,1230,0011000082,TATA STEEL LTD,268355098,5000102436,4600000298,20,28-05-26,101,HRC,COIL,11513:2017,BIS,cr3,72083990,N,7.453,85308864,MATCHED
2000,R_HR_CO,Hot Rolled Black Coil,26FT0231R0,28.64,2001,2.2,1230,0011000082,TATA STEEL LTD,268397091,5000102437,4600000298,20,28-05-26,101,HRC,COIL,11513:2017,BIS,cr3,72083990,N,7.453,42457916,MATCHED
2000,R_HR_CO,Hot Rolled Black Coil,26FT0232R0,28.65,2001,2.5,1230,0011000082,TATA STEEL LTD,268356083,5000102438,4600000298,30,28-05-26,101,HRC,COIL,11513:2017,BIS,cr3,72083990,N,7.453,81289752,MATCHED
2000,R_HR_CO,Hot Rolled Black Coil,26FT0233R0,28.79,2001,2.2,1230,0011000082,TATA STEEL LTD,268396088,5000102439,4600000298,20,28-05-26,101,HRC,COIL,11513:2017,BIS,cr3,72083990,N,7.453,55127743,MATCHED
2000,R_HR_CO,Hot Rolled Black Coil,26FT0234R0,28.64,2001,2.2,1230,0011000082,TATA STEEL LTD,268397092,5000102440,4600000298,20,28-05-26,101,HRC,COIL,11513:2017,BIS,cr3,72083990,N,7.453,74520207,MATCHED
2000,R_HR_CO,Hot Rolled Black Coil,26FT0235R0,28.62,2001,2.2,1230,0011000082,TATA STEEL LTD,268398052,5000102452,4600000298,20,28-05-26,101,HRC,COIL,11513:2017,BIS,cr3,72083990,N,7.453,65601848,MATCHED
2000,R_HR_CO,Hot Rolled Black Coil,26FT0236R0,28.73,2001,2.2,1230,0011000082,TATA STEEL LTD,268398088,5000102456,4600000298,20,28-05-26,101,HRC,COIL,11513:2017,BIS,cr3,72083990,N,7.453,91887258,MATCHED
2000,R_HR_CO,Hot Rolled Black Coil,26FT0237R0,28.62,2001,2.2,1230,0011000082,TATA STEEL LTD,268366019,5000102458,4600000298,20,28-05-26,101,HRC,COIL,11513:2017,BIS,cr3,72083990,N,7.453,84574242,MATCHED
2000,R_HR_CO,Hot Rolled Black Coil,26FT0238R0,28.66,2001,2.2,1230,0011000082,TATA STEEL LTD,268398096,5000102461,4600000298,20,28-05-26,101,HRC,COIL,11513:2017,BIS,cr3,72083990,N,7.453,18892418,MATCHED
2000,R_HR_CO,Hot Rolled Black Coil,26FT0239R0,26.32,2001,2.2,1230,0011000082,TATA STEEL LTD,268355097,5000102465,4600000298,20,28-05-26,101,HRC,COIL,11513:2017,BIS,cr3,72083990,N,7.453,51792486,MATCHED
2000,R_HR_CO,Hot Rolled Black Coil,26FT0240R0,28.74,2001,2.2,1230,0011000082,TATA STEEL LTD,268398089,5000102468,4600000298,20,28-05-26,101,HRC,COIL,11513:2017,BIS,cr3,72083990,N,7.453,27514579,MATCHED
2000,R_HR_CO,Hot Rolled Black Coil,26FT0241R0,28.51,2001,2.2,1230,0011000082,TATA STEEL LTD,268398058,5000102469,4600000298,20,28-05-26,101,HRC,COIL,11513:2017,BIS,cr3,72083990,N,7.453,99711711,MATCHED
2000,R_HR_CO,Hot Rolled Black Coil,26FT0242R0,28.59,2001,2.2,1230,0011000082,TATA STEEL LTD,268398055,5000102471,4600000298,20,28-05-26,101,HRC,COIL,11513:2017,BIS,cr3,72083990,N,7.453,63985826,MATCHED
2000,R_HR_CO,Hot Rolled Black Coil,26FT0243R0,28.6,2001,2.2,1230,0011000082,TATA STEEL LTD,268397096,5000102472,4600000298,20,28-05-26,101,HRC,COIL,11513:2017,BIS,cr3,72083990,N,7.453,14762879,MATCHED
2000,R_HR_CO,Hot Rolled Black Coil,26FT0244R0,26.54,2001,2.2,1230,0011000082,TATA STEEL LTD,268388092,5000102475,4600000302,10,03-06-26,101,HRC,COIL,11513:2017,BIS,cr3,72083990,N,7.453,20931287,MATCHED
2000,R_HR_CO,Hot Rolled Black Coil,26FT0245R0,28.71,2001,2.2,1230,0011000082,TATA STEEL LTD,268398053,5000102481,4600000302,10,03-06-26,101,HRC,COIL,11513:2017,BIS,cr3,72083990,N,7.453,23901256,MATCHED
2000,R_HR_CO,Hot Rolled Black Coil,26FT0246R0,28.61,2001,2.2,1230,0011000082,TATA STEEL LTD,268398054,5000102483,4600000302,10,03-06-26,101,HRC,COIL,11513:2017,BIS,cr3,72083990,N,7.453,89181423,MATCHED
2000,R_HR_CO,Hot Rolled Black Coil,26FT0247R0,28.53,2001,2.2,1230,0011000082,TATA STEEL LTD,268398095,5000102487,4600000302,10,03-06-26,101,HRC,COIL,11513:2017,BIS,cr3,72083990,N,7.453,38561764,MATCHED
2000,R_HR_CO,Hot Rolled Black Coil,26FT0248R0,28.67,2001,2.2,1230,0011000082,TATA STEEL LTD,268398087,5000102488,4600000302,10,03-06-26,101,HRC,COIL,11513:2017,BIS,cr3,72083990,N,7.453,35898144,MATCHED
2000,R_HR_CO,Hot Rolled Black Coil,26FT0249R0,28.74,2001,2,1235,0011000082,TATA STEEL LTD,268396079,5000102505,4600000298,10,28-05-26,101,HRC,COIL,11513:2017,BIS,cr3,72083990,N,7.453,91648007,MATCHED
2000,R_HR_CO,Hot Rolled Black Coil,26FT0250R0,28.58,2001,2,1235,0011000082,TATA STEEL LTD,268397102,5000102506,4600000298,10,28-05-26,101,HRC,COIL,11513:2017,BIS,cr3,72083990,N,7.453,37101584,MATCHED
2000,R_HR_CO,Hot Rolled Black Coil,26FT0251R0,28.64,2001,2,1235,0011000082,TATA STEEL LTD,268397076,5000102511,4600000298,10,28-05-26,101,HRC,COIL,11513:2017,BIS,cr3,72083990,N,7.453,17627259,MATCHED
2000,R_HR_CO,Hot Rolled Black Coil,26FT0252R0,28.81,2001,2,1235,0011000082,TATA STEEL LTD,268396078,5000102513,4600000298,10,28-05-26,101,HRC,COIL,11513:2017,BIS,cr3,72083990,N,7.453,85725710,MATCHED
2000,R_HR_CO,Hot Rolled Black Coil,26FT0253R0,28.76,2001,2,1235,0011000082,TATA STEEL LTD,268396080,5000102515,4600000298,10,28-05-26,101,HRC,COIL,11513:2017,BIS,cr3,72083990,N,7.453,41324898,MATCHED
2000,R_HR_CO,Hot Rolled Black Coil,26FT0254R0,28.74,2001,2,1235,0011000082,TATA STEEL LTD,268396091,5000102519,4600000298,10,28-05-26,101,HRC,COIL,11513:2017,BIS,cr3,72083990,N,7.453,77912291,MATCHED
2000,R_HR_CO,Hot Rolled Black Coil,26FT0255R0,28.68,2001,2,1235,0011000082,TATA STEEL LTD,268396072,5000102520,4600000298,10,28-05-26,101,HRC,COIL,11513:2017,BIS,cr3,72083990,N,7.453,27753686,MATCHED
2000,R_HR_CO,Hot Rolled Black Coil,26FT0256R0,28.76,2001,2,1235,0011000082,TATA STEEL LTD,268396077,5000102521,4600000298,10,28-05-26,101,HRC,COIL,11513:2017,BIS,cr3,72083990,N,7.453,91616188,MATCHED
2000,R_HR_CO,Hot Rolled Black Coil,26FT0257R0,28.67,2001,2,1235,0011000082,TATA STEEL LTD,268397083,5000102523,4600000298,10,28-05-26,101,HRC,COIL,11513:2017,BIS,cr3,72083990,N,7.453,48412715,MATCHED
2000,R_HR_CO,Hot Rolled Black Coil,26FT0258R0,28.77,2001,2,1235,0011000082,TATA STEEL LTD,268396092,5000102525,4600000298,10,28-05-26,101,HRC,COIL,11513:2017,BIS,cr3,72083990,N,7.453,56681072,MATCHED
2000,R_HR_CO,Hot Rolled Black Coil,26FT0259R0,28.77,2001,2,1235,0011000082,TATA STEEL LTD,268396075,5000102526,4600000298,10,28-05-26,101,HRC,COIL,11513:2017,BIS,cr3,72083990,N,7.453,75531635,MATCHED
2000,R_HR_CO,Hot Rolled Black Coil,26FT0260R0,28.63,2001,2.2,1230,0011000082,TATA STEEL LTD,268357084,5000102528,4600000302,10,03-06-26,101,HRC,COIL,11513:2017,BIS,cr3,72083990,N,7.453,93282362,MATCHED
2000,R_HR_CO,Hot Rolled Black Coil,26FT0261R0,21.66,2001,2,1235,0011000082,TATA STEEL LTD,268355084A,5000102540,4600000298,10,28-05-26,101,HRC,COIL,11513:2017,BIS,cr3,72083990,N,7.453,28766271,MATCHED
2000,R_HR_CO,Hot Rolled Black Coil,26FT0262R0,27.3,2001,2,1235,0011000082,TATA STEEL LTD,268235087B,5000102541,4600000298,10,28-05-26,101,HRC,COIL,11513:2017,BIS,cr3,72083990,N,7.453,66557603,MATCHED
2000,R_HR_CO,Hot Rolled Black Coil,26FT0263R0,28.69,2001,2.2,1230,0011000082,TATA STEEL LTD,268397070,5000102542,4600000302,10,03-06-26,101,HRC,COIL,11513:2017,BIS,cr3,72083990,N,7.453,28410485,MATCHED
2000,R_HR_CO,Hot Rolled Black Coil,26FT0264R0,28.58,2001,2.2,1230,0011000082,TATA STEEL LTD,268396070,5000102543,4600000302,10,03-06-26,101,HRC,COIL,11513:2017,BIS,cr3,72083990,N,7.453,33816768,MATCHED
2000,R_HR_CO,Hot Rolled Black Coil,26FT0265R0,28.72,2001,2.2,1230,0011000082,TATA STEEL LTD,268396090,5000102544,4600000302,10,03-06-26,101,HRC,COIL,11513:2017,BIS,cr3,72083990,N,7.453,79593747,MATCHED
2000,R_HR_CO,Hot Rolled Black Coil,26FT0266R0,28.77,2001,2.2,1230,0011000082,TATA STEEL LTD,268398060,5000102545,4600000302,10,03-06-26,101,HRC,COIL,11513:2017,BIS,cr3,72083990,N,7.453,79202506,MATCHED
2000,R_HR_CO,Hot Rolled Black Coil,26FT0285R0,28.63,2001,2.2,1230,0011000082,TATA STEEL LTD,268398049,5000102569,4600000302,10,03-06-26,101,HRC,COIL,11513:2017,BIS,cr3,72083990,N,7.453,36221512,MATCHED
2000,R_HR_CO,Hot Rolled Black Coil,26FT0286R0,28.64,2001,2,1235,0011000082,TATA STEEL LTD,268397100,5000102570,4600000302,20,03-06-26,101,HRC,COIL,11513:2017,BIS,cr3,72083990,N,7.453,14595468,MATCHED
2000,R_HR_CO,Hot Rolled Black Coil,26FT0287R0,28.69,2001,2,1235,0011000082,TATA STEEL LTD,268396099,5000102571,4600000302,20,03-06-26,101,HRC,COIL,11513:2017,BIS,cr3,72083990,N,7.453,62558251,MATCHED
2000,R_HR_CO,Hot Rolled Black Coil,26FT0288R0,28.71,2001,2.2,1230,0011000082,TATA STEEL LTD,268396086,5000102572,4600000302,10,03-06-26,101,HRC,COIL,11513:2017,BIS,cr3,72083990,N,7.453,32431352,MATCHED
2000,R_HR_CO,Hot Rolled Black Coil,26FT0289R0,28.61,2001,2.2,1230,0011000082,TATA STEEL LTD,268398094,5000102573,4600000302,10,03-06-26,101,HRC,COIL,11513:2017,BIS,cr3,72083990,N,7.453,74308215,MATCHED
2000,R_HR_CO,Hot Rolled Black Coil,26FT0290R0,28.73,2001,2,1235,0011000082,TATA STEEL LTD,268396096,5000102574,4600000302,20,03-06-26,101,HRC,COIL,11513:2017,BIS,cr3,72083990,N,7.453,94642318,MATCHED
2000,R_HR_CO,Hot Rolled Black Coil,26FT0291R0,28.66,2001,2.2,1230,0011000082,TATA STEEL LTD,268398050,5000102575,4600000302,10,03-06-26,101,HRC,COIL,11513:2017,BIS,cr3,72083990,N,7.453,87718876,MATCHED
2000,R_HR_CO,Hot Rolled Black Coil,26FT0292R0,25.15,2001,2.5,1230,0011000082,TATA STEEL LTD,268356066A,5000102580,4600000298,30,28-05-26,101,HRC,COIL,11513:2017,BIS,cr3,72083990,N,7.453,38172013,MATCHED
2000,R_HR_CO,Hot Rolled Black Coil,26FT0293R0,27.3,2001,2,1235,0011000082,TATA STEEL LTD,268355100A,5000102581,4600000298,10,28-05-26,101,HRC,COIL,11513:2017,BIS,cr3,72083990,N,7.453,11478727,MATCHED
2000,R_HR_CO,Hot Rolled Black Coil,26FT0294R0,26.52,2001,2.2,1230,0011000082,TATA STEEL LTD,268408078,5000102582,4600000302,10,03-06-26,101,HRC,COIL,11513:2017,BIS,cr3,72083990,N,7.453,31106382,MATCHED
2000,R_HR_CO,Hot Rolled Black Coil,26FT0296R0,26.87,2001,2.5,1230,0011000082,TATA STEEL LTD,268356080A,5000102585,4600000298,30,28-05-26,101,HRC,COIL,11513:2017,BIS,cr3,72083990,N,7.453,53018563,MATCHED
2000,R_HR_CO,Hot Rolled Black Coil,26FT0297R0,26.9,2001,2.5,1230,0011000082,TATA STEEL LTD,268356082A,5000102587,4600000298,30,28-05-26,101,HRC,COIL,11513:2017,BIS,cr3,72083990,N,7.453,35225681,MATCHED
2000,R_HR_CO,Hot Rolled Black Coil,26FT0298R0,28.2,2001,2.5,1230,0011000082,TATA STEEL LTD,268355072,5000102588,4600000298,30,28-05-26,101,HRC,COIL,11513:2017,BIS,cr3,72083990,N,7.453,54781395,MATCHED
2000,R_HR_CO,Hot Rolled Black Coil,26FT0300R0,28.58,2001,2.2,1230,0011000082,TATA STEEL LTD,268366023,5000102590,4600000302,10,03-06-26,101,HRC,COIL,11513:2017,BIS,cr3,72083990,N,7.453,63611414,MATCHED
2000,R_HR_CO,Hot Rolled Black Coil,26FT0304R0,28.53,2001,2.2,1230,0011000082,TATA STEEL LTD,268366024,5000102593,4600000302,10,03-06-26,101,HRC,COIL,11513:2017,BIS,cr3,72083990,N,7.453,87015322,MATCHED
2000,R_HR_CO,Hot Rolled Black Coil,26FT0305R0,28.76,2001,2,1235,0011000082,TATA STEEL LTD,268396095,5000102595,4600000298,10,28-05-26,101,HRC,COIL,11513:2017,BIS,cr3,72083990,N,7.453,51816771,MATCHED
2000,R_HR_CO,Hot Rolled Black Coil,26FT0306R0,28.66,2001,2,1235,0011000082,TATA STEEL LTD,268397105,5000102596,4600000298,10,28-05-26,101,HRC,COIL,11513:2017,BIS,cr3,72083990,N,7.453,63107734,MATCHED
2000,R_HR_CO,Hot Rolled Black Coil,26FT0307R0,28.74,2001,2.2,1230,0011000082,TATA STEEL LTD,268396087,5000102597,4600000302,10,03-06-26,101,HRC,COIL,11513:2017,BIS,cr3,72083990,N,7.453,91045792,MATCHED
2000,R_HR_CO,Hot Rolled Black Coil,26FT0309R0,28.74,2001,2.2,1230,0011000082,TATA STEEL LTD,268396089,5000102599,4600000302,10,03-06-26,101,HRC,COIL,11513:2017,BIS,cr3,72083990,N,7.453,65395231,MATCHED
2000,R_HR_CO,Hot Rolled Black Coil,26FT0310R0,28.53,2001,2,1235,0011000082,TATA STEEL LTD,268397099,5000102600,4600000298,10,28-05-26,101,HRC,COIL,11513:2017,BIS,cr3,72083990,N,7.453,66763427,MATCHED
2000,R_HR_CO,Hot Rolled Black Coil,26FT0311R0,28.58,2001,2,1235,0011000082,TATA STEEL LTD,268397098,5000102601,4600000298,10,28-05-26,101,HRC,COIL,11513:2017,BIS,cr3,72083990,N,7.453,10673917,MATCHED
2000,R_HR_CO,Hot Rolled Black Coil,26FT0314R0,28.59,2001,2.2,1230,0011000082,TATA STEEL LTD,268366040,5000102603,4600000302,10,03-06-26,101,HRC,COIL,11513:2017,BIS,cr3,72083990,N,7.453,87184754,MATCHED
2000,R_HR_CO,Hot Rolled Black Coil,26FT0316R0,28.74,2001,2,1235,0011000082,TATA STEEL LTD,268396076,5000102605,4600000298,10,28-05-26,101,HRC,COIL,11513:2017,BIS,cr3,72083990,N,7.453,32964376,MATCHED
2000,R_HR_CO,Hot Rolled Black Coil,26FT0318R0,28.66,2001,2.2,1230,0011000082,TATA STEEL LTD,268396064,5000102607,4600000302,10,03-06-26,101,HRC,COIL,11513:2017,BIS,cr3,72083990,N,7.453,15546664,MATCHED
2000,R_HR_CO,Hot Rolled Black Coil,26FT0320R0,28.8,2001,2,1235,0011000082,TATA STEEL LTD,268396093,5000102609,4600000298,10,28-05-26,101,HRC,COIL,11513:2017,BIS,cr3,72083990,N,7.453,22179206,MATCHED
2000,R_HR_CO,Hot Rolled Black Coil,26FT0321R0,28.6,2001,2.2,1230,0011000082,TATA STEEL LTD,268396069,5000102610,4600000302,10,03-06-26,101,HRC,COIL,11513:2017,BIS,cr3,72083990,N,7.453,91315684,MATCHED
2000,R_HR_CO,Hot Rolled Black Coil,26FT0322R0,28.67,2001,2.2,1230,0011000082,TATA STEEL LTD,268397071,5000102611,4600000302,10,03-06-26,101,HRC,COIL,11513:2017,BIS,cr3,72083990,N,7.453,91922418,MATCHED
2000,R_HR_CO,Hot Rolled Black Coil,26FT0323R0,28.69,2001,2,1235,0011000082,TATA STEEL LTD,268397082,5000102612,4600000298,10,28-05-26,101,HRC,COIL,11513:2017,BIS,cr3,72083990,N,7.453,41618981,MATCHED
2000,R_HR_CO,Hot Rolled Black Coil,26FT0324R0,28.64,2001,2,1235,0011000082,TATA STEEL LTD,268397079,5000102613,4600000298,10,28-05-26,101,HRC,COIL,11513:2017,BIS,cr3,72083990,N,7.453,98545576,MATCHED
2000,R_HR_CO,Hot Rolled Black Coil,26FT0325R0,28.1,2001,2.5,1230,0011000082,TATA STEEL LTD,268356063,5000102614,4600000298,30,28-05-26,101,HRC,COIL,11513:2017,BIS,cr3,72083990,N,7.453,71359588,MATCHED
2000,R_HR_CO,Hot Rolled Black Coil,26FT0326R0,27.81,2001,2.5,1230,0011000082,TATA STEEL LTD,268356081A,5000102615,4600000298,30,28-05-26,101,HRC,COIL,11513:2017,BIS,cr3,72083990,N,7.453,61776334,MATCHED
2000,R_HR_CO,Hot Rolled Black Coil,26FT0327R0,28.63,2001,2.2,1230,0011000082,TATA STEEL LTD,268398051,5000102616,4600000302,10,03-06-26,101,HRC,COIL,11513:2017,BIS,cr3,72083990,N,7.453,75343952,MATCHED
2000,R_HR_CO,Hot Rolled Black Coil,26FT0328R0,28.78,2001,2.2,1230,0011000082,TATA STEEL LTD,268386071,5000102699,4600000302,10,03-06-26,101,HRC,COIL,11513:2017,BIS,cr3,72083990,N,7.453,70954175,MATCHED
2000,R_HR_CO,Hot Rolled Black Coil,26FT0332R0,26.53,2001,2.2,1230,0011000082,TATA STEEL LTD,268408080,5000102788,4600000302,10,03-06-26,101,HRC,COIL,11513:2017,BIS,cr3,72083990,N,7.453,51127703,MATCHED
2000,R_HR_CO,Hot Rolled Black Coil,26FT0333R0,26.73,2001,2.2,1230,0011000082,TATA STEEL LTD,268408079,5000102826,4600000302,10,03-06-26,101,HRC,COIL,11513:2017,BIS,cr3,72083990,N,7.453,32571483,MATCHED
2000,R_HR_CO,Hot Rolled Black Coil,26FT0334R0,26.56,2001,2.2,1230,0011000082,TATA STEEL LTD,268408077,5000102841,4600000302,10,03-06-26,101,HRC,COIL,11513:2017,BIS,cr3,72083990,N,7.453,63601255,MATCHED
2000,R_HR_CO,Hot Rolled Black Coil,26FT0335R0,27.82,2001,2.2,1230,0011000082,TATA STEEL LTD,268396066B,5000102842,4600000302,10,03-06-26,101,HRC,COIL,11513:2017,BIS,cr3,72083990,N,7.453,19154353,MATCHED
2000,R_HR_CO,Hot Rolled Black Coil,26FT0336R0,27.24,2001,2,1235,0011000082,TATA STEEL LTD,268397104B,5000102877,4600000302,20,03-06-26,101,HRC,COIL,11513:2017,BIS,cr3,72083990,N,7.453,92704141,MATCHED
2000,R_HR_CO,Hot Rolled Black Coil,26FT0337R0,26.66,2001,2,1235,0011000082,TATA STEEL LTD,268412074,5000102928,4600000302,20,03-06-26,101,HRC,COIL,11513:2017,BIS,cr3,72083990,N,7.453,34399728,MATCHED
2000,R_HR_CO,Hot Rolled Black Coil,26FT0338R0,23.93,2001,2,1235,0011000082,TATA STEEL LTD,268438070,5000102980,4600000302,20,03-06-26,101,HRC,COIL,11513:2017,BIS,cr3,72083990,N,7.453,53000642,MATCHED
2000,R_HR_CO,Hot Rolled Black Coil,26FT0339R0,22.52,2001,2,1235,0011000082,TATA STEEL LTD,268397084B,5000102981,4600000302,20,03-06-26,101,HRC,COIL,11513:2017,BIS,cr3,72083990,N,7.453,96938832,MATCHED
2000,R_HR_CO,Hot Rolled Black Coil,26FT0340R0,23.51,2001,2,1235,0011000082,TATA STEEL LTD,268449072,5000103006,4600000302,20,03-06-26,101,HRC,COIL,11513:2017,BIS,cr3,72083990,N,7.453,35976649,MATCHED
2000,R_HR_CO,Hot Rolled Black Coil,26FT0341R0,23.42,2001,2,1235,0011000082,TATA STEEL LTD,268449074,5000103007,4600000302,20,03-06-26,101,HRC,COIL,11513:2017,BIS,cr3,72083990,N,7.453,53601362,MATCHED
2000,R_HR_CO,Hot Rolled Black Coil,26FT0452R0,28.64,2001,2.2,1230,0011000088,Tata Steel Limited,268357087,5000103656,4600000310,20,25-06-26,101,HRC,COIL,11513:2017,BIS,cr3,72083990,N,7.453,57673180,MATCHED
2000,R_HR_CO,Hot Rolled Black Coil,26FT0453R0,28.77,2001,2.2,1230,0011000088,Tata Steel Limited,268366044,5000103666,4600000310,20,25-06-26,101,HRC,COIL,11513:2017,BIS,cr3,72083990,N,7.453,95959405,MATCHED
2000,R_HR_CO,Hot Rolled Black Coil,26FT0454R0,22.02,2001,2.2,1230,0011000088,Tata Steel Limited,268364071A,5000103668,4600000310,20,25-06-26,101,HRC,COIL,11513:2017,BIS,cr3,72083990,N,7.453,12220827,MATCHED
2000,R_HR_CO,Hot Rolled Black Coil,26FT0455R0,28.63,2001,2.2,1230,0011000088,Tata Steel Limited,268366043,5000103669,4600000310,20,25-06-26,101,HRC,COIL,11513:2017,BIS,cr3,72083990,N,7.453,83421809,MATCHED
2000,R_HR_CO,Hot Rolled Black Coil,26FW0010R0,20.93,2001,2.5,1230,0011000122,NMDC STEEL LIMITED,D202736101,5000101964,4600000296,10,02-05-26,101,HRC,COIL,11513:2017,BIS,cr3,72083990,N,7.453,75851346,MATCHED
2000,R_HR>3MM_CO,Hot Rolled Black Coil 3mm & Above,26FW0011R0,20.91,2001,3,1265,0011000122,NMDC STEEL LIMITED,D102858209,5000101966,4600000296,20,02-05-26,101,HRC,COIL,11513:2017,BIS,cr3,72083890,N,7.453,79274869,MATCHED
2000,R_HR>3MM_CO,Hot Rolled Black Coil 3mm & Above,26FW0012R0,21.24,2001,3.2,1235,0011000122,NMDC STEEL LIMITED,D102861204,5000101968,4600000296,90,25-05-26,101,HRC,COIL,11513:2017,BIS,cr3,72083890,N,7.453,69009667,MATCHED
2000,R_HR>3MM_CO,Hot Rolled Black Coil 3mm & Above,26FW0013R0,21.29,2001,3.6,1265,0011000122,NMDC STEEL LIMITED,D202729202,5000101969,4600000296,30,02-05-26,101,HRC,COIL,11513:2017,BIS,cr3,72083890,N,7.453,32230721,MATCHED
2000,R_HR_CO,Hot Rolled Black Coil,26FW0014R0,20.95,2001,2.5,1230,0011000122,NMDC STEEL LIMITED,D102864203,5000101970,4600000296,10,02-05-26,101,HRC,COIL,11513:2017,BIS,cr3,72083990,N,7.453,31094545,MATCHED
2000,R_HR_CO,Hot Rolled Black Coil,26FW0015R0,21.02,2001,2.5,1230,0011000122,NMDC STEEL LIMITED,D202735109,5000101971,4600000296,10,02-05-26,101,HRC,COIL,11513:2017,BIS,cr3,72083990,N,7.453,16545870,MATCHED
2000,R_HR_CO,Hot Rolled Black Coil,26FW0016R0,20.93,2001,2.5,1230,0011000122,NMDC STEEL LIMITED,D102864205,5000101973,4600000296,10,02-05-26,101,HRC,COIL,11513:2017,BIS,cr3,72083990,N,7.453,90526986,MATCHED
2000,R_HR>3MM_CO,Hot Rolled Black Coil 3mm & Above,26FW0017R0,21.11,2001,3.6,1265,0011000122,NMDC STEEL LIMITED,D202733104,5000101976,4600000296,30,02-05-26,101,HRC,COIL,11513:2017,BIS,cr3,72083890,N,7.453,85582936,MATCHED
2000,R_HR>3MM_CO,Hot Rolled Black Coil 3mm & Above,26FW0018R0,21.25,2001,3.2,1235,0011000122,NMDC STEEL LIMITED,D102861202,5000101977,4600000296,90,25-05-26,101,HRC,COIL,11513:2017,BIS,cr3,72083890,N,7.453,35632713,MATCHED
2000,R_HR>3MM_CO,Hot Rolled Black Coil 3mm & Above,26FW0019R0,21.08,2001,3.6,1265,0011000122,NMDC STEEL LIMITED,D202729207,5000101978,4600000296,30,02-05-26,101,HRC,COIL,11513:2017,BIS,cr3,72083890,N,7.453,83831222,MATCHED
2000,R_HR>3MM_CO,Hot Rolled Black Coil 3mm & Above,26FW0020R0,21.28,2001,3.6,1265,0011000122,NMDC STEEL LIMITED,D202728208,5000101979,4600000296,30,02-05-26,101,HRC,COIL,11513:2017,BIS,cr3,72083890,N,7.453,33421106,MATCHED
2000,R_HR_CO,Hot Rolled Black Coil,26FW0021R0,21.08,2001,2.5,1230,0011000122,NMDC STEEL LIMITED,D102863203,5000101981,4600000296,10,02-05-26,101,HRC,COIL,11513:2017,BIS,cr3,72083990,N,7.453,30115501,MATCHED
2000,R_HR_CO,Hot Rolled Black Coil,26FW0022R0,20.99,2001,2.5,1230,0011000122,NMDC STEEL LIMITED,D202734108,5000101982,4600000296,10,02-05-26,101,HRC,COIL,11513:2017,BIS,cr3,72083990,N,7.453,70917740,MATCHED
2000,R_HR_CO,Hot Rolled Black Coil,26FW0023R0,21.11,2001,2.5,1230,0011000122,NMDC STEEL LIMITED,D102863205,5000101983,4600000296,10,02-05-26,101,HRC,COIL,11513:2017,BIS,cr3,72083990,N,7.453,27202080,MATCHED
2000,R_HR_CO,Hot Rolled Black Coil,26FW0024R0,21.11,2001,2.5,1230,0011000122,NMDC STEEL LIMITED,D102863207,5000101984,4600000296,10,02-05-26,101,HRC,COIL,11513:2017,BIS,cr3,72083990,N,7.453,57286288,MATCHED
2000,R_HR>3MM_CO,Hot Rolled Black Coil 3mm & Above,26FW0025R0,21.26,2001,3.6,1265,0011000122,NMDC STEEL LIMITED,D202729201,5000101985,4600000296,100,25-05-26,101,HRC,COIL,11513:2017,BIS,cr3,72083890,N,7.453,48547802,MATCHED
2000,R_HR_CO,Hot Rolled Black Coil,26FW0026R0,21.33,2001,2.5,1230,0011000122,NMDC STEEL LIMITED,D102862202,5000101986,4600000296,10,02-05-26,101,HRC,COIL,11513:2017,BIS,cr3,72083990,N,7.453,40878256,MATCHED
2000,R_HR_CO,Hot Rolled Black Coil,26FW0027R0,21.13,2001,2.5,1230,0011000122,NMDC STEEL LIMITED,D102868208,5000101987,4600000296,10,02-05-26,101,HRC,COIL,11513:2017,BIS,cr3,72083990,N,7.453,31069166,MATCHED
2000,R_HR_CO,Hot Rolled Black Coil,26FW0028R0,21.22,2001,2.5,1230,0011000122,NMDC STEEL LIMITED,D102862208,5000101990,4600000296,10,02-05-26,101,HRC,COIL,11513:2017,BIS,cr3,72083990,N,7.453,67632742,MATCHED
2000,R_HR_CO,Hot Rolled Black Coil,26FW0029R0,21.05,2001,2.5,1230,0011000122,NMDC STEEL LIMITED,D202735101,5000101994,4600000296,60,25-05-26,101,HRC,COIL,11513:2017,BIS,cr3,72083990,N,7.453,38792202,MATCHED
2000,R_HR>3MM_CO,Hot Rolled Black Coil 3mm & Above,26FW0030R0,21.04,2001,3.6,1265,0011000122,NMDC STEEL LIMITED,D202733106,5000101995,4600000296,100,25-05-26,101,HRC,COIL,11513:2017,BIS,cr3,72083890,N,7.453,87139005,MATCHED
2000,R_HR>3MM_CO,Hot Rolled Black Coil 3mm & Above,26FW0031R0,21.04,2001,3.6,1265,0011000122,NMDC STEEL LIMITED,D202732106,5000101996,4600000296,100,25-05-26,101,HRC,COIL,11513:2017,BIS,cr3,72083890,N,7.453,80133930,MATCHED
2000,R_HR>3MM_CO,Hot Rolled Black Coil 3mm & Above,26FW0032R0,20.97,2001,3,1265,0011000122,NMDC STEEL LIMITED,D202730108,5000101997,4600000296,20,02-05-26,101,HRC,COIL,11513:2017,BIS,cr3,72083890,N,7.453,91735094,MATCHED
2000,R_HR_CO,Hot Rolled Black Coil,26FW0033R0,21.04,2001,2.5,1230,0011000122,NMDC STEEL LIMITED,D202735105,5000101999,4600000296,60,25-05-26,101,HRC,COIL,11513:2017,BIS,cr3,72083990,N,7.453,96186753,MATCHED
2000,R_HR>3MM_CO,Hot Rolled Black Coil 3mm & Above,26FW0034R0,21.05,2001,3.6,1265,0011000122,NMDC STEEL LIMITED,D202733108,5000102003,4600000296,100,25-05-26,101,HRC,COIL,11513:2017,BIS,cr3,72083890,N,7.453,97085791,MATCHED
2000,R_HR_CO,Hot Rolled Black Coil,26FW0035R0,20.98,2001,2.5,1230,0011000122,NMDC STEEL LIMITED,D102862209,5000102005,4600000296,60,25-05-26,101,HRC,COIL,11513:2017,BIS,cr3,72083990,N,7.453,46275862,MATCHED
2000,R_HR_CO,Hot Rolled Black Coil,26FW0036R0,21.17,2001,2.5,1230,0011000122,NMDC STEEL LIMITED,D202734103,5000102006,4600000296,60,25-05-26,101,HRC,COIL,11513:2017,BIS,cr3,72083990,N,7.453,73108408,MATCHED
2000,R_HR>3MM_CO,Hot Rolled Black Coil 3mm & Above,26FW0037R0,21.06,2001,3.6,1265,0011000122,NMDC STEEL LIMITED,D202733101,5000102008,4600000296,100,25-05-26,101,HRC,COIL,11513:2017,BIS,cr3,72083890,N,7.453,99148814,MATCHED
2000,R_HR>3MM_CO,Hot Rolled Black Coil 3mm & Above,26FW0038R0,21.14,2001,3.6,1265,0011000122,NMDC STEEL LIMITED,D102857104,5000102009,4600000296,100,25-05-26,101,HRC,COIL,11513:2017,BIS,cr3,72083890,N,7.453,60048634,MATCHED
2000,R_HR>3MM_CO,Hot Rolled Black Coil 3mm & Above,26FW0039R0,21.33,2001,3.6,1265,0011000122,NMDC STEEL LIMITED,D202728206,5000102038,4600000296,100,25-05-26,101,HRC,COIL,11513:2017,BIS,cr3,72083890,N,7.453,90687741,MATCHED
2000,R_HR_CO,Hot Rolled Black Coil,26FW0040R0,21.32,2001,2.5,1230,0011000122,NMDC STEEL LIMITED,D102868206,5000102039,4600000296,60,25-05-26,101,HRC,COIL,11513:2017,BIS,cr3,72083990,N,7.453,98223772,MATCHED
2000,R_HR_CO,Hot Rolled Black Coil,26FW0041R0,21.1,2001,2.5,1230,0011000122,NMDC STEEL LIMITED,D102863206,5000102040,4600000296,60,25-05-26,101,HRC,COIL,11513:2017,BIS,cr3,72083990,N,7.453,49274498,MATCHED
2000,R_HR_CO,Hot Rolled Black Coil,26FW0042R0,20.92,2001,2.5,1230,0011000122,NMDC STEEL LIMITED,D202736104,5000102041,4600000296,60,25-05-26,101,HRC,COIL,11513:2017,BIS,cr3,72083990,N,7.453,67533766,MATCHED
2000,R_HR>3MM_CO,Hot Rolled Black Coil 3mm & Above,26FW0043R0,21.15,2001,3.6,1265,0011000122,NMDC STEEL LIMITED,D102857105,5000102042,4600000296,100,25-05-26,101,HRC,COIL,11513:2017,BIS,cr3,72083890,N,7.453,13621384,MATCHED
2000,R_HR_CO,Hot Rolled Black Coil,26FW0044R0,20.99,2001,2.5,1230,0011000122,NMDC STEEL LIMITED,D202735108,5000102043,4600000296,60,25-05-26,101,HRC,COIL,11513:2017,BIS,cr3,72083990,N,7.453,32578841,MATCHED
2000,R_HR>3MM_CO,Hot Rolled Black Coil 3mm & Above,26FW0045R0,21.33,2001,3.6,1265,0011000122,NMDC STEEL LIMITED,D202728205,5000102044,4600000296,100,25-05-26,101,HRC,COIL,11513:2017,BIS,cr3,72083890,N,7.453,77718997,MATCHED
2000,R_HR_CO,Hot Rolled Black Coil,26FW0046R0,20.88,2001,2.5,1230,0011000122,NMDC STEEL LIMITED,D202736103,5000102048,4600000296,60,25-05-26,101,HRC,COIL,11513:2017,BIS,cr3,72083990,N,7.453,91862689,MATCHED
2000,R_HR_CO,Hot Rolled Black Coil,26FW0047R0,21.32,2001,2.5,1230,0011000122,NMDC STEEL LIMITED,D102862201,5000102049,4600000296,60,25-05-26,101,HRC,COIL,11513:2017,BIS,cr3,72083990,N,7.453,90485660,MATCHED
2000,R_HR_CO,Hot Rolled Black Coil,26FW0048R0,21,2001,2.5,1230,0011000122,NMDC STEEL LIMITED,D202735107,5000102050,4600000296,60,25-05-26,101,HRC,COIL,11513:2017,BIS,cr3,72083990,N,7.453,52500804,MATCHED
2000,R_HR_CO,Hot Rolled Black Coil,26FW0049R0,21.06,2001,2.5,1230,0011000122,NMDC STEEL LIMITED,D202735104,5000102051,4600000296,60,25-05-26,101,HRC,COIL,11513:2017,BIS,cr3,72083990,N,7.453,55237272,MATCHED
2000,R_HR_CO,Hot Rolled Black Coil,26FW0050R0,21.19,2001,2.5,1230,0011000122,NMDC STEEL LIMITED,D102862206,5000102052,4600000296,60,25-05-26,101,HRC,COIL,11513:2017,BIS,cr3,72083990,N,7.453,11849057,MATCHED
2000,R_HR>3MM_CO,Hot Rolled Black Coil 3mm & Above,26FW0051R0,21.04,2001,3.6,1265,0011000122,NMDC STEEL LIMITED,D202733102,5000102053,4600000296,100,25-05-26,101,HRC,COIL,11513:2017,BIS,cr3,72083890,N,7.453,52428792,MATCHED
2000,R_HR>3MM_CO,Hot Rolled Black Coil 3mm & Above,26FW0052R0,21.47,2001,3.6,1265,0011000122,NMDC STEEL LIMITED,D202728203,5000102055,4600000296,100,25-05-26,101,HRC,COIL,11513:2017,BIS,cr3,72083890,N,7.453,31834257,MATCHED
2000,R_HR_CO,Hot Rolled Black Coil,26FW0053R0,21.22,2001,2.5,1230,0011000122,NMDC STEEL LIMITED,D102862204,5000102056,4600000296,60,25-05-26,101,HRC,COIL,11513:2017,BIS,cr3,72083990,N,7.453,18359068,MATCHED
2000,R_HR>3MM_CO,Hot Rolled Black Coil 3mm & Above,26FW0054R0,21.08,2001,3.6,1265,0011000122,NMDC STEEL LIMITED,D102857102,5000102057,4600000296,100,25-05-26,101,HRC,COIL,11513:2017,BIS,cr3,72083890,N,7.453,29502358,MATCHED
2000,R_HR>3MM_CO,Hot Rolled Black Coil 3mm & Above,26FW0055R0,21.36,2001,3.6,1265,0011000122,NMDC STEEL LIMITED,D202728207,5000102058,4600000296,100,25-05-26,101,HRC,COIL,11513:2017,BIS,cr3,72083890,N,7.453,94874021,MATCHED
2000,R_HR>3MM_CO,Hot Rolled Black Coil 3mm & Above,26FW0056R0,20.96,2001,3,1265,0011000122,NMDC STEEL LIMITED,D102857108,5000102059,4600000296,20,02-05-26,101,HRC,COIL,11513:2017,BIS,cr3,72083890,N,7.453,30190280,MATCHED
2000,R_HR>3MM_CO,Hot Rolled Black Coil 3mm & Above,26FW0067R0,20.94,2001,3.6,1265,0011000122,NMDC STEEL LIMITED,D202731204,5000102080,4600000296,100,25-05-26,101,HRC,COIL,11513:2017,BIS,cr3,72083890,N,7.453,85699908,MATCHED
2000,R_HR>3MM_CO,Hot Rolled Black Coil 3mm & Above,26FW0068R0,21.1,2001,3,1265,0011000122,NMDC STEEL LIMITED,D102857106,5000102082,4600000296,20,02-05-26,101,HRC,COIL,11513:2017,BIS,cr3,72083890,N,7.453,25550604,MATCHED
2000,R_HR>3MM_CO,Hot Rolled Black Coil 3mm & Above,26FW0069R0,21.02,2001,3.6,1265,0011000122,NMDC STEEL LIMITED,D202732103,5000102083,4600000296,100,25-05-26,101,HRC,COIL,11513:2017,BIS,cr3,72083890,N,7.453,10206320,MATCHED
2000,R_HR>3MM_CO,Hot Rolled Black Coil 3mm & Above,26FW0070R0,21.29,2001,3.2,1235,0011000122,NMDC STEEL LIMITED,D102861203,5000102085,4600000296,90,25-05-26,101,HRC,COIL,11513:2017,BIS,cr3,72083890,N,7.453,88595213,MATCHED
2000,R_HR>3MM_CO,Hot Rolled Black Coil 3mm & Above,26FW0071R0,20.84,2001,3,1265,0011000122,NMDC STEEL LIMITED,D102858207,5000102086,4600000296,20,02-05-26,101,HRC,COIL,11513:2017,BIS,cr3,72083890,N,7.453,91306120,MATCHED
2000,R_HR_CO,Hot Rolled Black Coil,26FW0072R0,21.31,2001,2.5,1230,0011000122,NMDC STEEL LIMITED,D102868205,5000102107,4600000296,60,25-05-26,101,HRC,COIL,11513:2017,BIS,cr3,72083990,N,7.453,23221663,MATCHED
2000,R_HR_CO,Hot Rolled Black Coil,26FW0073R0,20.93,2001,2.5,1230,0011000122,NMDC STEEL LIMITED,D102864202,5000102108,4600000296,60,25-05-26,101,HRC,COIL,11513:2017,BIS,cr3,72083990,N,7.453,99832644,MATCHED
2000,R_HR_CO,Hot Rolled Black Coil,26FW0074R0,21.04,2001,2.5,1230,0011000122,NMDC STEEL LIMITED,D202735102,5000102109,4600000296,60,25-05-26,101,HRC,COIL,11513:2017,BIS,cr3,72083990,N,7.453,20766142,MATCHED
2000,R_HR_CO,Hot Rolled Black Coil,26FW0075R0,21.28,2001,2.5,1230,0011000122,NMDC STEEL LIMITED,D102862203,5000102114,4600000296,60,25-05-26,101,HRC,COIL,11513:2017,BIS,cr3,72083990,N,7.453,20843547,MATCHED
2000,R_HR_CO,Hot Rolled Black Coil,26FW0076R0,21.31,2001,2.5,1230,0011000122,NMDC STEEL LIMITED,D102868201,5000102117,4600000296,60,25-05-26,101,HRC,COIL,11513:2017,BIS,cr3,72083990,N,7.453,22709622,MATCHED
2000,R_HR_CO,Hot Rolled Black Coil,26FW0077R0,21.03,2001,2.5,1230,0011000122,NMDC STEEL LIMITED,D202735106,5000102118,4600000296,60,25-05-26,101,HRC,COIL,11513:2017,BIS,cr3,72083990,N,7.453,24497019,MATCHED
2000,R_HR>3MM_CO,Hot Rolled Black Coil 3mm & Above,26FW0078R0,21.39,2001,3.6,1265,0011000122,NMDC STEEL LIMITED,D202728204,5000102119,4600000296,100,25-05-26,101,HRC,COIL,11513:2017,BIS,cr3,72083890,N,7.453,98053898,MATCHED
2000,R_HR>3MM_CO,Hot Rolled Black Coil 3mm & Above,26FW0079R0,21.23,2001,3.6,1265,0011000122,NMDC STEEL LIMITED,D202729205,5000102121,4600000296,100,25-05-26,101,HRC,COIL,11513:2017,BIS,cr3,72083890,N,7.453,66633988,MATCHED
2000,R_HR_CO,Hot Rolled Black Coil,26FW0080R0,20.8,2001,2.5,1230,0011000122,NMDC STEEL LIMITED,D202736102,5000102122,4600000296,60,25-05-26,101,HRC,COIL,11513:2017,BIS,cr3,72083990,N,7.453,15416711,MATCHED
2000,R_HR>3MM_CO,Hot Rolled Black Coil 3mm & Above,26FW0081R0,21.27,2001,3.6,1265,0011000122,NMDC STEEL LIMITED,D202729203,5000102123,4600000296,100,25-05-26,101,HRC,COIL,11513:2017,BIS,cr3,72083890,N,7.453,89223076,MATCHED
2000,R_HR_CO,Hot Rolled Black Coil,26FW0082R0,20.98,2001,2.5,1230,0011000122,NMDC STEEL LIMITED,D202735103,5000102124,4600000296,60,25-05-26,101,HRC,COIL,11513:2017,BIS,cr3,72083990,N,7.453,59385883,MATCHED
2000,R_HR_CO,Hot Rolled Black Coil,26FW0083R0,21.23,2001,2.5,1230,0011000122,NMDC STEEL LIMITED,D102868203,5000102125,4600000296,60,25-05-26,101,HRC,COIL,11513:2017,BIS,cr3,72083990,N,7.453,60868138,MATCHED
2000,R_HR_CO,Hot Rolled Black Coil,26FW0084R0,20.95,2001,2.5,1230,0011000122,NMDC STEEL LIMITED,D202740208,5000102127,4600000296,60,25-05-26,101,HRC,COIL,11513:2017,BIS,cr3,72083990,N,7.453,35592938,MATCHED
2000,R_HR_CO,Hot Rolled Black Coil,26FW0085R0,21.06,2001,2.5,1230,0011000122,NMDC STEEL LIMITED,D102864201,5000102128,4600000296,60,25-05-26,101,HRC,COIL,11513:2017,BIS,cr3,72083990,N,7.453,68442446,MATCHED
2000,R_HR>3MM_CO,Hot Rolled Black Coil 3mm & Above,26FW0086R0,20.97,2001,3.6,1265,0011000122,NMDC STEEL LIMITED,D202731205,5000102129,4600000296,100,25-05-26,101,HRC,COIL,11513:2017,BIS,cr3,72083890,N,7.453,17911226,MATCHED
2000,R_HR>3MM_CO,Hot Rolled Black Coil 3mm & Above,26FW0087R0,20.95,2001,3,1265,0011000122,NMDC STEEL LIMITED,D102860101,5000102130,4600000296,20,02-05-26,101,HRC,COIL,11513:2017,BIS,cr3,72083890,N,7.453,32089245,MATCHED
2000,R_HR>3MM_CO,Hot Rolled Black Coil 3mm & Above,26FW0088R0,20.96,2001,3.6,1265,0011000122,NMDC STEEL LIMITED,D102860104,5000102131,4600000296,100,25-05-26,101,HRC,COIL,11513:2017,BIS,cr3,72083890,N,7.453,78066196,MATCHED
2000,R_HR>3MM_CO,Hot Rolled Black Coil 3mm & Above,26FW0089R0,20.98,2001,3,1265,0011000122,NMDC STEEL LIMITED,D102858203,5000102153,4600000296,80,25-05-26,101,HRC,COIL,11513:2017,BIS,cr3,72083890,N,7.453,72120289,MATCHED
2000,R_HR_CO,Hot Rolled Black Coil,26FW0090R0,21.41,2001,2.8,1235,0011000122,NMDC STEEL LIMITED,D102861208,5000102156,4600000296,70,25-05-26,101,HRC,COIL,11513:2017,BIS,cr3,72083990,N,7.453,71618632,MATCHED
2000,R_HR>3MM_CO,Hot Rolled Black Coil 3mm & Above,26FW0091R0,21.01,2001,3.6,1265,0011000122,NMDC STEEL LIMITED,D202732101,5000102157,4600000296,100,25-05-26,101,HRC,COIL,11513:2017,BIS,cr3,72083890,N,7.453,89371666,MATCHED
2000,R_HR>3MM_CO,Hot Rolled Black Coil 3mm & Above,26FW0094R0,20.9,2001,3,1265,0011000122,NMDC STEEL LIMITED,D102859201,5000102163,4600000296,80,25-05-26,101,HRC,COIL,11513:2017,BIS,cr3,72083890,N,7.453,88433585,MATCHED
2000,R_HR>3MM_CO,Hot Rolled Black Coil 3mm & Above,26FW0095R0,21.01,2001,3.6,1265,0011000122,NMDC STEEL LIMITED,D202732105,5000102165,4600000296,100,25-05-26,101,HRC,COIL,11513:2017,BIS,cr3,72083890,N,7.453,76579291,MATCHED
2000,R_HR>3MM_CO,Hot Rolled Black Coil 3mm & Above,26FW0097R0,20.99,2001,3,1265,0011000122,NMDC STEEL LIMITED,D202730102,5000102167,4600000296,80,25-05-26,101,HRC,COIL,11513:2017,BIS,cr3,72083890,N,7.453,69463720,MATCHED
2000,R_HR>3MM_CO,Hot Rolled Black Coil 3mm & Above,26FW0099R0,20.92,2001,3.6,1265,0011000122,NMDC STEEL LIMITED,D202732104,5000102169,4600000296,100,25-05-26,101,HRC,COIL,11513:2017,BIS,cr3,72083890,N,7.453,71531925,MATCHED
2000,R_HR>3MM_CO,Hot Rolled Black Coil 3mm & Above,26FW0102R0,20.89,2001,3,1265,0011000122,NMDC STEEL LIMITED,D102858208,5000102177,4600000296,80,25-05-26,101,HRC,COIL,11513:2017,BIS,cr3,72083890,N,7.453,10735583,MATCHED
2000,R_HR>3MM_CO,Hot Rolled Black Coil 3mm & Above,26FW0104R0,20.77,2001,3,1265,0011000122,NMDC STEEL LIMITED,D102859202,5000102179,4600000296,80,25-05-26,101,HRC,COIL,11513:2017,BIS,cr3,72083890,N,7.453,80308282,MATCHED
2000,R_HR>3MM_CO,Hot Rolled Black Coil 3mm & Above,26FW0106R0,20.98,2001,3.6,1265,0011000122,NMDC STEEL LIMITED,D202731206,5000102181,4600000296,100,25-05-26,101,HRC,COIL,11513:2017,BIS,cr3,72083890,N,7.453,96502411,MATCHED
2000,R_HR>3MM_CO,Hot Rolled Black Coil 3mm & Above,26FW0108R0,20.88,2001,3,1265,0011000122,NMDC STEEL LIMITED,D102858202,5000102195,4600000296,80,25-05-26,101,HRC,COIL,11513:2017,BIS,cr3,72083890,N,7.453,70406711,MATCHED
2000,R_HR>3MM_CO,Hot Rolled Black Coil 3mm & Above,26FW0109R0,21.02,2001,3.6,1265,0011000122,NMDC STEEL LIMITED,D202732108,5000102196,4600000296,100,25-05-26,101,HRC,COIL,11513:2017,BIS,cr3,72083890,N,7.453,70074482,MATCHED
2000,R_HR>3MM_CO,Hot Rolled Black Coil 3mm & Above,26FW0110R0,20.86,2001,3.6,1265,0011000122,NMDC STEEL LIMITED,D102859206,5000102198,4600000296,100,25-05-26,101,HRC,COIL,11513:2017,BIS,cr3,72083890,N,7.453,56531580,MATCHED
2000,R_HR>3MM_CO,Hot Rolled Black Coil 3mm & Above,26FW0111R0,20.98,2001,3.6,1265,0011000122,NMDC STEEL LIMITED,D102860105,5000102199,4600000296,100,25-05-26,101,HRC,COIL,11513:2017,BIS,cr3,72083890,N,7.453,25805984,MATCHED
2000,R_HR>3MM_CO,Hot Rolled Black Coil 3mm & Above,26FW0112R0,20.93,2001,3.6,1265,0011000122,NMDC STEEL LIMITED,D202731203,5000102200,4600000296,100,25-05-26,101,HRC,COIL,11513:2017,BIS,cr3,72083890,N,7.453,21191187,MATCHED
2000,R_HR>3MM_CO,Hot Rolled Black Coil 3mm & Above,26FW0113R0,21,2001,3.6,1265,0011000122,NMDC STEEL LIMITED,D202729206,5000102201,4600000296,100,25-05-26,101,HRC,COIL,11513:2017,BIS,cr3,72083890,N,7.453,44534490,MATCHED
2000,R_HR>3MM_CO,Hot Rolled Black Coil 3mm & Above,26FW0114R0,20.96,2001,3,1265,0011000122,NMDC STEEL LIMITED,D102857107,5000102202,4600000296,20,02-05-26,101,HRC,COIL,11513:2017,BIS,cr3,72083890,N,7.453,23262734,MATCHED
2000,R_HR>3MM_CO,Hot Rolled Black Coil 3mm & Above,26FW0115R0,20.83,2001,3.6,1265,0011000122,NMDC STEEL LIMITED,D202731202,5000102205,4600000296,100,25-05-26,101,HRC,COIL,11513:2017,BIS,cr3,72083890,N,7.453,68116651,MATCHED
2000,R_HR>3MM_CO,Hot Rolled Black Coil 3mm & Above,26FW0116R0,21.06,2001,3,1265,0011000122,NMDC STEEL LIMITED,D202730106,5000102206,4600000296,20,02-05-26,101,HRC,COIL,11513:2017,BIS,cr3,72083890,N,7.453,35830172,MATCHED
2000,R_HR>3MM_CO,Hot Rolled Black Coil 3mm & Above,26FW0117R0,20.91,2001,3.6,1265,0011000122,NMDC STEEL LIMITED,D202731201,5000102207,4600000296,100,25-05-26,101,HRC,COIL,11513:2017,BIS,cr3,72083890,N,7.453,61117039,MATCHED
2000,R_HR>3MM_CO,Hot Rolled Black Coil 3mm & Above,26FW0118R0,20.85,2001,3.6,1265,0011000122,NMDC STEEL LIMITED,D102859205,5000102208,4600000296,100,25-05-26,101,HRC,COIL,11513:2017,BIS,cr3,72083890,N,7.453,55954479,MATCHED
2000,R_HR>3MM_CO,Hot Rolled Black Coil 3mm & Above,26FW0119R0,20.87,2001,3,1265,0011000122,NMDC STEEL LIMITED,D102858206,5000102209,4600000296,20,02-05-26,101,HRC,COIL,11513:2017,BIS,cr3,72083890,N,7.453,10452859,MATCHED
2000,R_HR>3MM_CO,Hot Rolled Black Coil 3mm & Above,26FW0120R0,21,2001,3,1265,0011000122,NMDC STEEL LIMITED,D102858201,5000102210,4600000296,20,02-05-26,101,HRC,COIL,11513:2017,BIS,cr3,72083890,N,7.453,65900616,MATCHED
2000,R_HR_CO,Hot Rolled Black Coil,26FW0121R0,21.27,2001,2.8,1235,0011000122,NMDC STEEL LIMITED,D102861206,5000102211,4600000296,70,25-05-26,101,HRC,COIL,11513:2017,BIS,cr3,72083990,N,7.453,56367335,MATCHED
2000,R_HR>3MM_CO,Hot Rolled Black Coil 3mm & Above,26FW0122R0,20.94,2001,3.6,1265,0011000122,NMDC STEEL LIMITED,D202731207,5000102212,4600000296,100,25-05-26,101,HRC,COIL,11513:2017,BIS,cr3,72083890,N,7.453,87250989,MATCHED
2000,R_HR>3MM_CO,Hot Rolled Black Coil 3mm & Above,26FW0123R0,20.84,RC01,3,1265,0011000122,NMDC STEEL LIMITED,D102859203,5000102213,4600000296,20,02-05-26,101,HRC,COIL,11513:2017,BIS,cr3,72083890,N,7.453,81814232,MATCHED
2000,R_HR>3MM_CO,Hot Rolled Black Coil 3mm & Above,26FW0124R0,21,2001,3,1265,0011000122,NMDC STEEL LIMITED,D202730101,5000102214,4600000296,20,02-05-26,101,HRC,COIL,11513:2017,BIS,cr3,72083890,N,7.453,21800052,MATCHED
2000,R_HR>3MM_CO,Hot Rolled Black Coil 3mm & Above,26FW0125R0,20.87,2001,3.6,1265,0011000122,NMDC STEEL LIMITED,D102859204,5000102215,4600000296,100,25-05-26,101,HRC,COIL,11513:2017,BIS,cr3,72083890,N,7.453,94132899,MATCHED
2000,R_HR_CO,Hot Rolled Black Coil,26FW0126R0,21.25,2001,2.8,1235,0011000122,NMDC STEEL LIMITED,D102861205,5000102216,4600000296,70,25-05-26,101,HRC,COIL,11513:2017,BIS,cr3,72083990,N,7.453,42291211,MATCHED
2000,R_HR_CO,Hot Rolled Black Coil,26FW0127R0,21.28,2001,2.8,1235,0011000122,NMDC STEEL LIMITED,D102861207,5000102219,4600000296,70,25-05-26,101,HRC,COIL,11513:2017,BIS,cr3,72083990,N,7.453,85030942,MATCHED
2000,R_HR>3MM_CO,Hot Rolled Black Coil 3mm & Above,26FW0128R0,21,2001,3.6,1265,0011000122,NMDC STEEL LIMITED,D102860106,5000102220,4600000296,100,25-05-26,101,HRC,COIL,11513:2017,BIS,cr3,72083890,N,7.453,59492748,MATCHED
2000,R_HR>3MM_CO,Hot Rolled Black Coil 3mm & Above,26FW0129R0,20.86,2001,3.6,1265,0011000122,NMDC STEEL LIMITED,D102859208,5000102221,4600000296,100,25-05-26,101,HRC,COIL,11513:2017,BIS,cr3,72083890,N,7.453,92605312,MATCHED
2000,R_HR_CO,Hot Rolled Black Coil,26FW0139R0,21.11,2001,2.5,1230,0011000122,NMDC STEEL LIMITED,D102868207,5000102244,4600000296,60,25-05-26,101,HRC,COIL,11513:2017,BIS,cr3,72083990,N,7.453,80507661,MATCHED
2000,R_HR>3MM_CO,Hot Rolled Black Coil 3mm & Above,26FW0148R0,20.91,2001,3,1265,0011000122,NMDC STEEL LIMITED,D102858205,5000102263,4600000296,80,25-05-26,101,HRC,COIL,11513:2017,BIS,cr3,72083890,N,7.453,99116752,MATCHED
2000,R_HR_CO,Hot Rolled Black Coil,26FW0342R0,21.03,2001,2.2,1230,0011000122,NMDC STEEL LIMITED,D203207108,5000103377,4600000307,20,16-06-26,101,HRC,COIL,11513:2017,BIS,cr3,72083990,N,7.453,74216269,MATCHED
2000,R_HR_CO,Hot Rolled Black Coil,26FW0343R0,20.89,2001,2.5,1230,0011000122,NMDC STEEL LIMITED,D203211107,5000103379,4600000307,30,16-06-26,101,HRC,COIL,11513:2017,BIS,cr3,72083990,N,7.453,99126999,MATCHED
2000,R_HR_CO,Hot Rolled Black Coil,26FW0344R0,21.07,2001,2.2,1230,0011000122,NMDC STEEL LIMITED,D203208103,5000103380,4600000307,20,16-06-26,101,HRC,COIL,11513:2017,BIS,cr3,72083990,N,7.453,98062934,MATCHED
2000,R_HR_CO,Hot Rolled Black Coil,26FW0345R0,20.92,2001,2.5,1230,0011000122,NMDC STEEL LIMITED,D203211104,5000103381,4600000307,30,16-06-26,101,HRC,COIL,11513:2017,BIS,cr3,72083990,N,7.453,25329814,MATCHED
2000,R_HR_CO,Hot Rolled Black Coil,26FW0346R0,20.88,2001,2.5,1230,0011000122,NMDC STEEL LIMITED,D203220104,5000103384,4600000307,30,16-06-26,101,HRC,COIL,11513:2017,BIS,cr3,72083990,N,7.453,71428192,MATCHED
2000,R_HR_CO,Hot Rolled Black Coil,26FW0347R0,21.06,2001,2.2,1230,0011000122,NMDC STEEL LIMITED,D103319208,5000103385,4600000307,20,16-06-26,101,HRC,COIL,11513:2017,BIS,cr3,72083990,N,7.453,37983089,MATCHED
2000,R_HR_CO,Hot Rolled Black Coil,26FW0348R0,20.97,2001,2.5,1230,0011000122,NMDC STEEL LIMITED,D203212202,5000103387,4600000307,30,16-06-26,101,HRC,COIL,11513:2017,BIS,cr3,72083990,N,7.453,14416059,MATCHED
2000,R_HR_CO,Hot Rolled Black Coil,26FW0349R0,21.02,2001,2.5,1230,0011000122,NMDC STEEL LIMITED,D203212205,5000103388,4600000307,30,16-06-26,101,HRC,COIL,11513:2017,BIS,cr3,72083990,N,7.453,94873566,MATCHED
2000,R_HR_CO,Hot Rolled Black Coil,26FW0350R0,21,2001,2.2,1230,0011000122,NMDC STEEL LIMITED,D203209103,5000103414,4600000307,20,16-06-26,101,HRC,COIL,11513:2017,BIS,cr3,72083990,N,7.453,87465365,MATCHED
2000,R_HR_CO,Hot Rolled Black Coil,26FW0351R0,21.14,2001,2.2,1230,0011000122,NMDC STEEL LIMITED,D103320205,5000103415,4600000307,20,16-06-26,101,HRC,COIL,11513:2017,BIS,cr3,72083990,N,7.453,28146584,MATCHED
2000,R_HR_CO,Hot Rolled Black Coil,26FW0352R0,21.1,2001,2.2,1230,0011000122,NMDC STEEL LIMITED,D103322205,5000103420,4600000307,20,16-06-26,101,HRC,COIL,11513:2017,BIS,cr3,72083990,N,7.453,62737354,MATCHED
2000,R_HR_CO,Hot Rolled Black Coil,26FW0353R0,21.02,2001,2.2,1230,0011000122,NMDC STEEL LIMITED,D203209104,5000103422,4600000307,20,16-06-26,101,HRC,COIL,11513:2017,BIS,cr3,72083990,N,7.453,48231414,MATCHED
2000,R_HR_CO,Hot Rolled Black Coil,26FW0354R0,20.96,2001,2.2,1230,0011000122,NMDC STEEL LIMITED,D203209101,5000103427,4600000307,20,16-06-26,101,HRC,COIL,11513:2017,BIS,cr3,72083990,N,7.453,35832774,MATCHED
2000,R_HR_CO,Hot Rolled Black Coil,26FW0355R0,21.09,2001,2.2,1230,0011000122,NMDC STEEL LIMITED,D103322204,5000103429,4600000307,20,16-06-26,101,HRC,COIL,11513:2017,BIS,cr3,72083990,N,7.453,45271955,MATCHED
2000,R_HR_CO,Hot Rolled Black Coil,26FW0356R0,20.96,2001,2.8,1235,0011000122,NMDC STEEL LIMITED,D103317203,5000103431,4600000307,40,16-06-26,101,HRC,COIL,11513:2017,BIS,cr3,72083990,N,7.453,93391710,MATCHED
2000,R_HR_CO,Hot Rolled Black Coil,26FW0357R0,21,2001,2.2,1230,0011000122,NMDC STEEL LIMITED,D203208108,5000103432,4600000307,20,16-06-26,101,HRC,COIL,11513:2017,BIS,cr3,72083990,N,7.453,82844694,MATCHED
2000,R_HR_CO,Hot Rolled Black Coil,26FW0358R0,20.97,2001,2.2,1230,0011000122,NMDC STEEL LIMITED,D203207102,5000103435,4600000307,20,16-06-26,101,HRC,COIL,11513:2017,BIS,cr3,72083990,N,7.453,91566270,MATCHED
2000,R_HR_CO,Hot Rolled Black Coil,26FW0359R0,21.02,2001,2.2,1230,0011000122,NMDC STEEL LIMITED,D203207106,5000103437,4600000307,20,16-06-26,101,HRC,COIL,11513:2017,BIS,cr3,72083990,N,7.453,35376658,MATCHED
2000,R_HR_CO,Hot Rolled Black Coil,26FW0360R0,20.97,2001,2.5,1230,0011000122,NMDC STEEL LIMITED,D103314207,5000103438,4600000307,30,16-06-26,101,HRC,COIL,11513:2017,BIS,cr3,72083990,N,7.453,79391576,MATCHED
2000,R_HR_CO,Hot Rolled Black Coil,26FW0361R0,20.96,2001,2.2,1230,0011000122,NMDC STEEL LIMITED,D203206109,5000103439,4600000307,20,16-06-26,101,HRC,COIL,11513:2017,BIS,cr3,72083990,N,7.453,70176268,MATCHED
2000,R_HR_CO,Hot Rolled Black Coil,26FW0362R0,21.08,2001,2.2,1230,0011000122,NMDC STEEL LIMITED,D103321201,5000103441,4600000307,20,16-06-26,101,HRC,COIL,11513:2017,BIS,cr3,72083990,N,7.453,84762242,MATCHED
2000,R_HR_CO,Hot Rolled Black Coil,26FW0363R0,20.99,2001,2.5,1230,0011000122,NMDC STEEL LIMITED,D203220106,5000103443,4600000307,30,16-06-26,101,HRC,COIL,11513:2017,BIS,cr3,72083990,N,7.453,87270661,MATCHED
2000,R_HR_CO,Hot Rolled Black Coil,26FW0364R0,21.1,2001,2,1235,0011000122,NMDC STEEL LIMITED,D103321209,5000103447,4600000307,10,16-06-26,101,HRC,COIL,11513:2017,BIS,cr3,72083990,N,7.453,75777447,MATCHED
2000,R_HR_CO,Hot Rolled Black Coil,26FW0365R0,20.97,2001,2.5,1230,0011000122,NMDC STEEL LIMITED,D203212203,5000103448,4600000307,30,16-06-26,101,HRC,COIL,11513:2017,BIS,cr3,72083990,N,7.453,29672513,MATCHED
2000,R_HR_CO,Hot Rolled Black Coil,26FW0366R0,20.97,2001,2.2,1230,0011000122,NMDC STEEL LIMITED,D203209108,5000103450,4600000307,20,16-06-26,101,HRC,COIL,11513:2017,BIS,cr3,72083990,N,7.453,36445528,MATCHED
2000,R_HR_CO,Hot Rolled Black Coil,26FW0367R0,21.04,2001,2.2,1230,0011000122,NMDC STEEL LIMITED,D103319203,5000103451,4600000307,20,16-06-26,101,HRC,COIL,11513:2017,BIS,cr3,72083990,N,7.453,35162241,MATCHED
2000,R_HR_CO,Hot Rolled Black Coil,26FW0368R0,21,2001,2.5,1230,0011000122,NMDC STEEL LIMITED,D103317206,5000103453,4600000307,30,16-06-26,101,HRC,COIL,11513:2017,BIS,cr3,72083990,N,7.453,61209229,MATCHED
2000,R_HR_CO,Hot Rolled Black Coil,26FW0369R0,21.06,2001,2,1235,0011000122,NMDC STEEL LIMITED,D103322203,5000103454,4600000307,10,16-06-26,101,HRC,COIL,11513:2017,BIS,cr3,72083990,N,7.453,12446344,MATCHED
2000,R_HR_CO,Hot Rolled Black Coil,26FW0370R0,20.88,2001,2.8,1235,0011000122,NMDC STEEL LIMITED,D103317202,5000103455,4600000307,40,16-06-26,101,HRC,COIL,11513:2017,BIS,cr3,72083990,N,7.453,36705722,MATCHED
2000,R_HR_CO,Hot Rolled Black Coil,26FW0371R0,21.14,2001,2.2,1230,0011000122,NMDC STEEL LIMITED,D103320208,5000103466,4600000307,20,16-06-26,101,HRC,COIL,11513:2017,BIS,cr3,72083990,N,7.453,42013395,MATCHED
2000,R_HR_CO,Hot Rolled Black Coil,26FW0372R0,20.96,2001,2.5,1230,0011000122,NMDC STEEL LIMITED,D103318205,5000103471,4600000307,30,16-06-26,101,HRC,COIL,11513:2017,BIS,cr3,72083990,N,7.453,50302417,MATCHED
2000,R_HR_CO,Hot Rolled Black Coil,26FW0373R0,21.1,2001,2.2,1230,0011000122,NMDC STEEL LIMITED,D103322206,5000103472,4600000307,20,16-06-26,101,HRC,COIL,11513:2017,BIS,cr3,72083990,N,7.453,49751302,MATCHED
2000,R_HR_CO,Hot Rolled Black Coil,26FW0374R0,20.86,2001,2.5,1230,0011000122,NMDC STEEL LIMITED,D203206101,5000103476,4600000307,30,16-06-26,101,HRC,COIL,11513:2017,BIS,cr3,72083990,N,7.453,34473580,MATCHED
2000,R_HR_CO,Hot Rolled Black Coil,26FW0375R0,20.93,2001,2.5,1230,0011000122,NMDC STEEL LIMITED,D103318206,5000103480,4600000307,30,16-06-26,101,HRC,COIL,11513:2017,BIS,cr3,72083990,N,7.453,21184019,MATCHED
2000,R_HR_CO,Hot Rolled Black Coil,26FW0376R0,15.98,2001,2.5,1230,0011000122,NMDC STEEL LIMITED,D203211108,5000103483,4600000307,30,16-06-26,101,HRC,COIL,11513:2017,BIS,cr3,72083990,N,7.453,27523621,MATCHED
2000,R_HR>3MM_CO,Hot Rolled Black Coil 3mm & Above,26FW0377R0,17.65,2001,3.6,1235,0011000122,NMDC STEEL LIMITED,D203212208,5000103484,4600000307,60,16-06-26,101,HRC,COIL,11513:2017,BIS,cr3,72083890,N,7.453,86983556,MATCHED
2000,R_HR_CO,Hot Rolled Black Coil,26FW0378R0,21.05,2001,2.2,1230,0011000122,NMDC STEEL LIMITED,D203210102,5000103485,4600000307,20,16-06-26,101,HRC,COIL,11513:2017,BIS,cr3,72083990,N,7.453,66417183,MATCHED
2000,R_HR_CO,Hot Rolled Black Coil,26FW0379R0,21.05,2001,2.2,1230,0011000122,NMDC STEEL LIMITED,D103319206,5000103488,4600000307,20,16-06-26,101,HRC,COIL,11513:2017,BIS,cr3,72083990,N,7.453,41313955,MATCHED
2000,R_HR_CO,Hot Rolled Black Coil,26FW0380R0,21.04,2001,2.2,1230,0011000122,NMDC STEEL LIMITED,D203209105,5000103489,4600000307,20,16-06-26,101,HRC,COIL,11513:2017,BIS,cr3,72083990,N,7.453,44296931,MATCHED
2000,R_HR_CO,Hot Rolled Black Coil,26FW0381R0,21,2001,2.2,1230,0011000122,NMDC STEEL LIMITED,D103318201,5000103490,4600000307,20,16-06-26,101,HRC,COIL,11513:2017,BIS,cr3,72083990,N,7.453,42400167,MATCHED
2000,R_HR_CO,Hot Rolled Black Coil,26FW0382R0,21.06,2001,2.2,1230,0011000122,NMDC STEEL LIMITED,D203210107,5000103491,4600000307,20,16-06-26,101,HRC,COIL,11513:2017,BIS,cr3,72083990,N,7.453,17981333,MATCHED
2000,R_HR_CO,Hot Rolled Black Coil,26FW0383R0,20.92,2001,2.5,1230,0011000122,NMDC STEEL LIMITED,D103323206,5000103492,4600000307,30,16-06-26,101,HRC,COIL,11513:2017,BIS,cr3,72083990,N,7.453,84657002,MATCHED
2000,R_HR_CO,Hot Rolled Black Coil,26FW0384R0,21.05,2001,2.2,1230,0011000122,NMDC STEEL LIMITED,D203210105,5000103494,4600000307,20,16-06-26,101,HRC,COIL,11513:2017,BIS,cr3,72083990,N,7.453,89960965,MATCHED
2000,R_HR_CO,Hot Rolled Black Coil,26FW0385R0,20.89,2001,2.8,1235,0011000122,NMDC STEEL LIMITED,D202639108,5000103495,4600000307,40,16-06-26,101,HRC,COIL,11513:2017,BIS,cr3,72083990,N,7.453,17864763,MATCHED
2000,R_HR>3MM_CO,Hot Rolled Black Coil 3mm & Above,26FW0386R0,20.73,2001,3.6,1235,0011000122,NMDC STEEL LIMITED,D203204104,5000103501,4600000307,60,16-06-26,101,HRC,COIL,11513:2017,BIS,cr3,72083890,N,7.453,30291872,MATCHED
2000,R_HR>3MM_CO,Hot Rolled Black Coil 3mm & Above,26FW0387R0,20.95,2001,3.2,1235,0011000122,NMDC STEEL LIMITED,D103317201,5000103502,4600000307,50,16-06-26,101,HRC,COIL,11513:2017,BIS,cr3,72083890,N,7.453,42189205,MATCHED
2000,R_HR_CO,Hot Rolled Black Coil,26FW0389R0,21,2001,2.5,1230,0011000122,NMDC STEEL LIMITED,D203212204,5000103509,4600000307,30,16-06-26,101,HRC,COIL,11513:2017,BIS,cr3,72083990,N,7.453,79438612,MATCHED
2000,R_HR_CO,Hot Rolled Black Coil,26FW0390R0,21,2001,2.2,1230,0011000122,NMDC STEEL LIMITED,D103315204,5000103510,4600000307,20,16-06-26,101,HRC,COIL,11513:2017,BIS,cr3,72083990,N,7.453,53640016,MATCHED
2000,R_HR_CO,Hot Rolled Black Coil,26FW0391R0,21.01,2001,2.2,1230,0011000122,NMDC STEEL LIMITED,D103319205,5000103511,4600000307,20,16-06-26,101,HRC,COIL,11513:2017,BIS,cr3,72083990,N,7.453,76357942,MATCHED
2000,R_HR_CO,Hot Rolled Black Coil,26FW0392R0,20.97,2001,2.2,1230,0011000122,NMDC STEEL LIMITED,D203209102,5000103513,4600000307,20,16-06-26,101,HRC,COIL,11513:2017,BIS,cr3,72083990,N,7.453,86917294,MATCHED
2000,R_HR_CO,Hot Rolled Black Coil,26FW0393R0,21.07,2001,2.2,1230,0011000122,NMDC STEEL LIMITED,D203208104,5000103517,4600000307,20,16-06-26,101,HRC,COIL,11513:2017,BIS,cr3,72083990,N,7.453,65957529,MATCHED
2000,R_HR_CO,Hot Rolled Black Coil,26FW0394R0,21.1,2001,2.2,1230,0011000122,NMDC STEEL LIMITED,D103320203,5000103520,4600000307,20,16-06-26,101,HRC,COIL,11513:2017,BIS,cr3,72083990,N,7.453,20843929,MATCHED
2000,R_HR_CO,Hot Rolled Black Coil,26FW0395R0,21.1,2001,2.5,1230,0011000122,NMDC STEEL LIMITED,D202740201,5000103523,4600000307,30,16-06-26,101,HRC,COIL,11513:2017,BIS,cr3,72083990,N,7.453,58860626,MATCHED
2000,R_HR_CO,Hot Rolled Black Coil,26FW0396R0,21.06,2001,2.2,1230,0011000122,NMDC STEEL LIMITED,D103322208,5000103524,4600000307,20,16-06-26,101,HRC,COIL,11513:2017,BIS,cr3,72083990,N,7.453,88622103,MATCHED
2000,R_HR_CO,Hot Rolled Black Coil,26FW0397R0,21.08,2001,2.2,1230,0011000122,NMDC STEEL LIMITED,D203210106,5000103528,4600000307,20,16-06-26,101,HRC,COIL,11513:2017,BIS,cr3,72083990,N,7.453,19760061,MATCHED
2000,R_HR_CO,Hot Rolled Black Coil,26FW0398R0,20.86,2001,2.5,1230,0011000122,NMDC STEEL LIMITED,D203205102,5000103529,4600000307,30,16-06-26,101,HRC,COIL,11513:2017,BIS,cr3,72083990,N,7.453,53308567,MATCHED
2000,R_HR_CO,Hot Rolled Black Coil,26FW0399R0,20.81,2001,2.2,1230,0011000122,NMDC STEEL LIMITED,D203206105,5000103530,4600000307,20,16-06-26,101,HRC,COIL,11513:2017,BIS,cr3,72083990,N,7.453,56499641,MATCHED
2000,R_HR_CO,Hot Rolled Black Coil,26FW0400R0,21.05,2001,2.2,1230,0011000122,NMDC STEEL LIMITED,D103319207,5000103531,4600000307,20,16-06-26,101,HRC,COIL,11513:2017,BIS,cr3,72083990,N,7.453,35738637,MATCHED
2000,R_HR_CO,Hot Rolled Black Coil,26FW0401R0,21.01,2001,2,1235,0011000122,NMDC STEEL LIMITED,D103321207,5000103532,4600000307,10,16-06-26,101,HRC,COIL,11513:2017,BIS,cr3,72083990,N,7.453,15380034,MATCHED
2000,R_HR_CO,Hot Rolled Black Coil,26FW0402R0,20.98,2001,2.2,1230,0011000122,NMDC STEEL LIMITED,D103319202,5000103533,4600000307,20,16-06-26,101,HRC,COIL,11513:2017,BIS,cr3,72083990,N,7.453,89877400,MATCHED
2000,R_HR_CO,Hot Rolled Black Coil,26FW0403R0,21.02,2001,2.5,1230,0011000122,NMDC STEEL LIMITED,D103317205,5000103534,4600000307,30,16-06-26,101,HRC,COIL,11513:2017,BIS,cr3,72083990,N,7.453,29006484,MATCHED
2000,R_HR_CO,Hot Rolled Black Coil,26FW0404R0,21,2001,2,1235,0011000122,NMDC STEEL LIMITED,D203208109,5000103535,4600000307,10,16-06-26,101,HRC,COIL,11513:2017,BIS,cr3,72083990,N,7.453,91521697,MATCHED
2000,R_HR_CO,Hot Rolled Black Coil,26FW0405R0,21.09,2001,2.2,1230,0011000122,NMDC STEEL LIMITED,D103321202,5000103537,4600000307,20,16-06-26,101,HRC,COIL,11513:2017,BIS,cr3,72083990,N,7.453,54077316,MATCHED
2000,R_HR_CO,Hot Rolled Black Coil,26FW0406R0,20.9,2001,2.2,1230,0011000122,NMDC STEEL LIMITED,D203202107,5000103538,4600000307,20,16-06-26,101,HRC,COIL,11513:2017,BIS,cr3,72083990,N,7.453,52458361,MATCHED
2000,R_HR_CO,Hot Rolled Black Coil,26FW0407R0,21.03,2001,2.2,1230,0011000122,NMDC STEEL LIMITED,D103317208,5000103539,4600000307,20,16-06-26,101,HRC,COIL,11513:2017,BIS,cr3,72083990,N,7.453,33163458,MATCHED
2000,R_HR_CO,Hot Rolled Black Coil,26FW0408R0,20.9,2001,2.5,1230,0011000122,NMDC STEEL LIMITED,D203220105,5000103540,4600000307,30,16-06-26,101,HRC,COIL,11513:2017,BIS,cr3,72083990,N,7.453,42649995,MATCHED
2000,R_HR_CO,Hot Rolled Black Coil,26FW0409R0,21.08,2001,2.2,1230,0011000122,NMDC STEEL LIMITED,D203210101,5000103541,4600000307,20,16-06-26,101,HRC,COIL,11513:2017,BIS,cr3,72083990,N,7.453,62086169,MATCHED
2000,R_HR_CO,Hot Rolled Black Coil,26FW0410R0,21.07,2001,2.2,1230,0011000122,NMDC STEEL LIMITED,D103321205,5000103547,4600000307,20,16-06-26,101,HRC,COIL,11513:2017,BIS,cr3,72083990,N,7.453,64579591,MATCHED
2000,R_HR_CO,Hot Rolled Black Coil,26FW0411R0,21.04,2001,2.2,1230,0011000122,NMDC STEEL LIMITED,D203210104,5000103548,4600000307,20,16-06-26,101,HRC,COIL,11513:2017,BIS,cr3,72083990,N,7.453,34720982,MATCHED
2000,R_HR_CO,Hot Rolled Black Coil,26FW0412R0,20.98,2001,2.2,1230,0011000122,NMDC STEEL LIMITED,D203207104,5000103553,4600000307,20,16-06-26,101,HRC,COIL,11513:2017,BIS,cr3,72083990,N,7.453,23618224,MATCHED
2000,R_HR_CO,Hot Rolled Black Coil,26FW0413R0,20.92,2001,2.2,1230,0011000122,NMDC STEEL LIMITED,D203205106,5000103554,4600000307,20,16-06-26,101,HRC,COIL,11513:2017,BIS,cr3,72083990,N,7.453,13562888,MATCHED
2000,R_HR_CO,Hot Rolled Black Coil,26FW0414R0,20.93,2001,2.2,1230,0011000122,NMDC STEEL LIMITED,D203210103,5000103555,4600000307,20,16-06-26,101,HRC,COIL,11513:2017,BIS,cr3,72083990,N,7.453,99023735,MATCHED
2000,R_HR_CO,Hot Rolled Black Coil,26FW0415R0,21.01,2001,2.5,1230,0011000122,NMDC STEEL LIMITED,D203220108,5000103556,4600000307,30,16-06-26,101,HRC,COIL,11513:2017,BIS,cr3,72083990,N,7.453,59535623,MATCHED
2000,R_HR_CO,Hot Rolled Black Coil,26FW0416R0,21,2001,2.2,1230,0011000122,NMDC STEEL LIMITED,D103323204,5000103557,4600000307,20,16-06-26,101,HRC,COIL,11513:2017,BIS,cr3,72083990,N,7.453,98754509,MATCHED
2000,R_HR>3MM_CO,Hot Rolled Black Coil 3mm & Above,26FW0417R0,20.95,2001,3.2,1235,0011000122,NMDC STEEL LIMITED,D103323205,5000103558,4600000307,50,16-06-26,101,HRC,COIL,11513:2017,BIS,cr3,72083890,N,7.453,35682069,MATCHED
2000,R_HR>3MM_CO,Hot Rolled Black Coil 3mm & Above,26FW0418R0,20.74,2001,3.2,1235,0011000122,NMDC STEEL LIMITED,D203204105,5000103559,4600000307,50,16-06-26,101,HRC,COIL,11513:2017,BIS,cr3,72083890,N,7.453,49034081,MATCHED
2000,R_HR_CO,Hot Rolled Black Coil,26FW0419R0,20.79,2001,2.5,1230,0011000122,NMDC STEEL LIMITED,D203211105,5000103574,4600000307,30,16-06-26,101,HRC,COIL,11513:2017,BIS,cr3,72083990,N,7.453,44502889,MATCHED
2000,R_HR_CO,Hot Rolled Black Coil,26FW0420R0,20.88,2001,2.5,1230,0011000122,NMDC STEEL LIMITED,D202740202,5000103575,4600000307,30,16-06-26,101,HRC,COIL,11513:2017,BIS,cr3,72083990,N,7.453,95036884,MATCHED
2000,R_HR_CO,Hot Rolled Black Coil,26FW0421R0,20.73,2001,2.5,1230,0011000122,NMDC STEEL LIMITED,D203220103,5000103576,4600000307,30,16-06-26,101,HRC,COIL,11513:2017,BIS,cr3,72083990,N,7.453,32769288,MATCHED
2000,R_HR_CO,Hot Rolled Black Coil,26FW0422R0,20.8,2001,2.5,1230,0011000122,NMDC STEEL LIMITED,D203205101,5000103577,4600000307,30,16-06-26,101,HRC,COIL,11513:2017,BIS,cr3,72083990,N,7.453,32335294,MATCHED
2000,R_HR_CO,Hot Rolled Black Coil,26FW0423R0,20.93,2001,2.2,1230,0011000122,NMDC STEEL LIMITED,D203206107,5000103579,4600000307,20,16-06-26,101,HRC,COIL,11513:2017,BIS,cr3,72083990,N,7.453,77021243,MATCHED
2000,R_HR_CO,Hot Rolled Black Coil,26FW0424R0,21.09,2001,2.2,1230,0011000122,NMDC STEEL LIMITED,D103321203,5000103580,4600000307,20,16-06-26,101,HRC,COIL,11513:2017,BIS,cr3,72083990,N,7.453,32272111,MATCHED
2000,R_HR_CO,Hot Rolled Black Coil,26FW0425R0,21.12,2001,2.2,1230,0011000122,NMDC STEEL LIMITED,D103322207,5000103582,4600000307,20,16-06-26,101,HRC,COIL,11513:2017,BIS,cr3,72083990,N,7.453,72438201,MATCHED
2000,R_HR_CO,Hot Rolled Black Coil,26FW0426R0,20.99,2001,2,1235,0011000122,NMDC STEEL LIMITED,D103322202,5000103583,4600000307,10,16-06-26,101,HRC,COIL,11513:2017,BIS,cr3,72083990,N,7.453,66994411,MATCHED
2000,R_HR_CO,Hot Rolled Black Coil,26FW0427R0,21.09,2001,2,1235,0011000122,NMDC STEEL LIMITED,D103321206,5000103584,4600000307,10,16-06-26,101,HRC,COIL,11513:2017,BIS,cr3,72083990,N,7.453,55058067,MATCHED
2000,R_HR_CO,Hot Rolled Black Coil,26FW0428R0,20.99,2001,2.8,1235,0011000122,NMDC STEEL LIMITED,D103318203,5000103585,4600000307,40,16-06-26,101,HRC,COIL,11513:2017,BIS,cr3,72083990,N,7.453,37568692,MATCHED
2000,R_HR_CO,Hot Rolled Black Coil,26FW0429R0,20.99,2001,2.5,1230,0011000122,NMDC STEEL LIMITED,D203202102,5000103589,4600000307,30,16-06-26,101,HRC,COIL,11513:2017,BIS,cr3,72083990,N,7.453,65565778,MATCHED
2000,R_HR_CO,Hot Rolled Black Coil,26FW0430R0,21.08,2001,2.2,1230,0011000122,NMDC STEEL LIMITED,D203207107,5000103590,4600000307,20,16-06-26,101,HRC,COIL,11513:2017,BIS,cr3,72083990,N,7.453,88278655,MATCHED
2000,R_HR_CO,Hot Rolled Black Coil,26FW0431R0,21.06,2001,2.2,1230,0011000122,NMDC STEEL LIMITED,D103321204,5000103591,4600000307,20,16-06-26,101,HRC,COIL,11513:2017,BIS,cr3,72083990,N,7.453,45643061,MATCHED
2000,R_HR_CO,Hot Rolled Black Coil,26FW0432R0,21.01,2001,2.2,1230,0011000122,NMDC STEEL LIMITED,D203208106,5000103595,4600000307,20,16-06-26,101,HRC,COIL,11513:2017,BIS,cr3,72083990,N,7.453,26934617,MATCHED
2000,R_HR_CO,Hot Rolled Black Coil,26FW0433R0,21.01,2001,2.2,1230,0011000122,NMDC STEEL LIMITED,D103319204,5000103600,4600000307,20,16-06-26,101,HRC,COIL,11513:2017,BIS,cr3,72083990,N,7.453,34120471,MATCHED
2000,R_HR_CO,Hot Rolled Black Coil,26FW0434R0,20.88,2001,2.5,1230,0011000122,NMDC STEEL LIMITED,D203202104,5000103602,4600000307,30,16-06-26,101,HRC,COIL,11513:2017,BIS,cr3,72083990,N,7.453,47561590,MATCHED
2000,R_HR_CO,Hot Rolled Black Coil,26FW0435R0,21.09,2001,2.2,1230,0011000122,NMDC STEEL LIMITED,D103320201,5000103608,4600000307,20,16-06-26,101,HRC,COIL,11513:2017,BIS,cr3,72083990,N,7.453,49495291,MATCHED
2000,R_HR_CO,Hot Rolled Black Coil,26FW0436R0,20.8,2001,2.2,1230,0011000122,NMDC STEEL LIMITED,D203209107,5000103612,4600000307,20,16-06-26,101,HRC,COIL,11513:2017,BIS,cr3,72083990,N,7.453,56181630,MATCHED
2000,R_HR_CO,Hot Rolled Black Coil,26FW0437R0,20.99,2001,2.2,1230,0011000122,NMDC STEEL LIMITED,D103319201,5000103637,4600000307,20,16-06-26,101,HRC,COIL,11513:2017,BIS,cr3,72083990,N,7.453,98057073,MATCHED
2000,R_HR_CO,Hot Rolled Black Coil,26FW0438R0,20.81,2001,2.5,1230,0011000122,NMDC STEEL LIMITED,D203206103,5000103638,4600000307,30,16-06-26,101,HRC,COIL,11513:2017,BIS,cr3,72083990,N,7.453,22709708,MATCHED
2000,R_HR_CO,Hot Rolled Black Coil,26FW0439R0,20.99,2001,2.2,1230,0011000122,NMDC STEEL LIMITED,D203207103,5000103639,4600000307,20,16-06-26,101,HRC,COIL,11513:2017,BIS,cr3,72083990,N,7.453,97180993,MATCHED
2000,R_HR_CO,Hot Rolled Black Coil,26FW0440R0,20.99,2001,2.2,1230,0011000122,NMDC STEEL LIMITED,D103317207,5000103640,4600000307,20,16-06-26,101,HRC,COIL,11513:2017,BIS,cr3,72083990,N,7.453,22555619,MATCHED
2000,R_HR_CO,Hot Rolled Black Coil,26FW0441R0,20.92,2001,2.5,1230,0011000122,NMDC STEEL LIMITED,D202740204,5000103641,4600000307,30,16-06-26,101,HRC,COIL,11513:2017,BIS,cr3,72083990,N,7.453,40584877,MATCHED
2000,R_HR_CO,Hot Rolled Black Coil,26FW0442R0,21.04,2001,2.2,1230,0011000122,NMDC STEEL LIMITED,D103320206,5000103642,4600000307,20,16-06-26,101,HRC,COIL,11513:2017,BIS,cr3,72083990,N,7.453,22230475,MATCHED
2000,R_HR_CO,Hot Rolled Black Coil,26FW0443R0,20.65,2001,2.2,1230,0011000122,NMDC STEEL LIMITED,D203202106,5000103643,4600000307,20,16-06-26,101,HRC,COIL,11513:2017,BIS,cr3,72083990,N,7.453,94378477,MATCHED
2000,R_HR_CO,Hot Rolled Black Coil,26FW0444R0,21.07,2001,2.2,1230,0011000122,NMDC STEEL LIMITED,D203208101,5000103644,4600000307,20,16-06-26,101,HRC,COIL,11513:2017,BIS,cr3,72083990,N,7.453,44449842,MATCHED
2000,R_HR_CO,Hot Rolled Black Coil,26FW0445R0,21.09,2001,2,1235,0011000122,NMDC STEEL LIMITED,D103321208,5000103645,4600000307,10,16-06-26,101,HRC,COIL,11513:2017,BIS,cr3,72083990,N,7.453,83052079,MATCHED
2000,R_HR_CO,Hot Rolled Black Coil,26FW0446R0,20.94,2001,2.2,1230,0011000122,NMDC STEEL LIMITED,D203206110,5000103646,4600000307,20,16-06-26,101,HRC,COIL,11513:2017,BIS,cr3,72083990,N,7.453,87832365,MATCHED
2000,R_HR_CO,Hot Rolled Black Coil,26FW0447R0,21.1,2001,2.2,1230,0011000122,NMDC STEEL LIMITED,D103320202,5000103647,4600000307,20,16-06-26,101,HRC,COIL,11513:2017,BIS,cr3,72083990,N,7.453,19190667,MATCHED
2000,R_HR_CO,Hot Rolled Black Coil,26FW0448R0,20.98,2001,2.5,1230,0011000122,NMDC STEEL LIMITED,D103317204,5000103648,4600000307,30,16-06-26,101,HRC,COIL,11513:2017,BIS,cr3,72083990,N,7.453,24025102,MATCHED
2000,R_HR_CO,Hot Rolled Black Coil,26FW0449R0,21.04,2001,2.5,1230,0011000122,NMDC STEEL LIMITED,D203212201,5000103649,4600000307,30,16-06-26,101,HRC,COIL,11513:2017,BIS,cr3,72083990,N,7.453,25655661,MATCHED
2000,R_HR_CO,Hot Rolled Black Coil,26FW0450R0,20.93,2001,2.5,1230,0011000122,NMDC STEEL LIMITED,D103323207,5000103650,4600000307,30,16-06-26,101,HRC,COIL,11513:2017,BIS,cr3,72083990,N,7.453,43071331,MATCHED
2000,R_HR_CO,Hot Rolled Black Coil,26FW0451R0,21.08,2001,2.2,1230,0011000122,NMDC STEEL LIMITED,D203208102,5000103655,4600000307,20,16-06-26,101,HRC,COIL,11513:2017,BIS,cr3,72083990,N,7.453,91558931,MATCHED
2000,R_HR_CO,Hot Rolled Black Coil,26FW0456R0,21.05,2001,2.2,1230,0011000122,NMDC STEEL LIMITED,D103322209,5000103672,4600000309,20,20-06-26,101,HRC,COIL,11513:2017,BIS,cr3,72083990,N,7.453,88777763,MATCHED
2000,R_HR_CO,Hot Rolled Black Coil,26FW0457R0,20.78,2001,2,1235,0011000122,NMDC STEEL LIMITED,D203327208,5000103673,4600000309,10,20-06-26,101,HRC,COIL,11513:2017,BIS,cr3,72083990,N,7.453,16350229,MATCHED
2000,R_HR_CO,Hot Rolled Black Coil,26FW0458R0,20.92,2001,2.2,1230,0011000122,NMDC STEEL LIMITED,D203331105,5000103676,4600000309,20,20-06-26,101,HRC,COIL,11513:2017,BIS,cr3,72083990,N,7.453,85713730,MATCHED
2000,R_HR_CO,Hot Rolled Black Coil,26FW0459R0,20.91,2001,2,1235,0011000122,NMDC STEEL LIMITED,D203328204,5000103677,4600000309,10,20-06-26,101,HRC,COIL,11513:2017,BIS,cr3,72083990,N,7.453,26573124,MATCHED
2000,R_HR_CO,Hot Rolled Black Coil,26FW0460R0,20.91,2001,2,1235,0011000122,NMDC STEEL LIMITED,D103447207,5000103688,4600000309,10,20-06-26,101,HRC,COIL,11513:2017,BIS,cr3,72083990,N,7.453,34940934,MATCHED
2000,R_HR_CO,Hot Rolled Black Coil,26FW0461R0,20.9,2001,2,1235,0011000122,NMDC STEEL LIMITED,D203330107,5000103692,4600000309,10,20-06-26,101,HRC,COIL,11513:2017,BIS,cr3,72083990,N,7.453,26099985,MATCHED
2000,R_HR_CO,Hot Rolled Black Coil,26FW0462R0,20.93,2001,2.2,1230,0011000122,NMDC STEEL LIMITED,D203331106,5000103694,4600000309,20,20-06-26,101,HRC,COIL,11513:2017,BIS,cr3,72083990,N,7.453,54126804,MATCHED
2000,R_HR_CO,Hot Rolled Black Coil,26FW0463R0,20.86,2001,2,1235,0011000122,NMDC STEEL LIMITED,D103450103,5000103697,4600000309,10,20-06-26,101,HRC,COIL,11513:2017,BIS,cr3,72083990,N,7.453,86308321,MATCHED
2000,R_HR_CO,Hot Rolled Black Coil,26FW0464R0,20.87,2001,2,1235,0011000122,NMDC STEEL LIMITED,D103447201,5000103698,4600000309,10,20-06-26,101,HRC,COIL,11513:2017,BIS,cr3,72083990,N,7.453,38034633,MATCHED
2000,R_HR_CO,Hot Rolled Black Coil,26FW0465R0,20.88,2001,2,1235,0011000122,NMDC STEEL LIMITED,D203330104,5000103700,4600000309,10,20-06-26,101,HRC,COIL,11513:2017,BIS,cr3,72083990,N,7.453,29778452,MATCHED
2000,R_HR_CO,Hot Rolled Black Coil,26FW0466R0,20.87,2001,2.2,1230,0011000122,NMDC STEEL LIMITED,D203330103,5000103705,4600000309,20,20-06-26,101,HRC,COIL,11513:2017,BIS,cr3,72083990,N,7.453,72192344,MATCHED
2000,R_HR_CO,Hot Rolled Black Coil,26FW0467R0,20.91,2001,2.2,1230,0011000122,NMDC STEEL LIMITED,D203330101,5000103707,4600000309,20,20-06-26,101,HRC,COIL,11513:2017,BIS,cr3,72083990,N,7.453,74617013,MATCHED
2000,R_HR_CO,Hot Rolled Black Coil,26FW0468R0,20.8,2001,2,1235,0011000122,NMDC STEEL LIMITED,D203328202,5000103708,4600000309,10,20-06-26,101,HRC,COIL,11513:2017,BIS,cr3,72083990,N,7.453,64718506,MATCHED
2000,R_HR_CO,Hot Rolled Black Coil,26FW0469R0,20.67,2001,2,1235,0011000122,NMDC STEEL LIMITED,D203328203,5000103709,4600000309,10,20-06-26,101,HRC,COIL,11513:2017,BIS,cr3,72083990,N,7.453,43074708,MATCHED
2000,R_HR_CO,Hot Rolled Black Coil,26FW0470R0,20.88,2001,2,1235,0011000122,NMDC STEEL LIMITED,D203330106,5000103711,4600000309,10,20-06-26,101,HRC,COIL,11513:2017,BIS,cr3,72083990,N,7.453,48204279,MATCHED
2000,R_HR_CO,Hot Rolled Black Coil,26FW0471R0,20.91,2001,2.2,1230,0011000122,NMDC STEEL LIMITED,D203331101,5000103713,4600000309,20,20-06-26,101,HRC,COIL,11513:2017,BIS,cr3,72083990,N,7.453,93264360,MATCHED
2000,R_HR_CO,Hot Rolled Black Coil,26FW0472R0,20.86,2001,2.5,1230,0011000122,NMDC STEEL LIMITED,D203334105,5000103714,4600000309,30,20-06-26,101,HRC,COIL,11513:2017,BIS,cr3,72083990,N,7.453,89079787,MATCHED
2000,R_HR>3MM_CO,Hot Rolled Black Coil 3mm & Above,26FW0473R0,21.17,2001,3.2,1235,0011000122,NMDC STEEL LIMITED,D203335107,5000103729,4600000309,50,20-06-26,101,HRC,COIL,11513:2017,BIS,cr3,72083890,N,7.453,60195210,MATCHED
2000,R_HR_CO,Hot Rolled Black Coil,26FW0474R0,21.02,2001,2.2,1230,0011000122,NMDC STEEL LIMITED,D103323201,5000103730,4600000309,20,20-06-26,101,HRC,COIL,11513:2017,BIS,cr3,72083990,N,7.453,79600694,MATCHED
2000,R_HR_CO,Hot Rolled Black Coil,26FW0475R0,20.88,2001,2,1235,0011000122,NMDC STEEL LIMITED,D203330108,5000103731,4600000309,10,20-06-26,101,HRC,COIL,11513:2017,BIS,cr3,72083990,N,7.453,82347631,MATCHED
2000,R_HR_CO,Hot Rolled Black Coil,26FW0476R0,20.93,2001,2.2,1230,0011000122,NMDC STEEL LIMITED,D203330102,5000103732,4600000309,20,20-06-26,101,HRC,COIL,11513:2017,BIS,cr3,72083990,N,7.453,43974589,MATCHED
2000,R_HR_CO,Hot Rolled Black Coil,26FW0477R0,20.81,2001,2.5,1230,0011000122,NMDC STEEL LIMITED,D103452104,5000103734,4600000309,30,20-06-26,101,HRC,COIL,11513:2017,BIS,cr3,72083990,N,7.453,58975168,MATCHED
2000,R_HR_CO,Hot Rolled Black Coil,26FW0478R0,21.11,2001,2.2,1230,0011000122,NMDC STEEL LIMITED,D103451103,5000103735,4600000309,20,20-06-26,101,HRC,COIL,11513:2017,BIS,cr3,72083990,N,7.453,82386481,MATCHED
2000,R_HR_CO,Hot Rolled Black Coil,26FW0479R0,21.12,2001,2.2,1230,0011000122,NMDC STEEL LIMITED,D203332108,5000103736,4600000309,20,20-06-26,101,HRC,COIL,11513:2017,BIS,cr3,72083990,N,7.453,49321114,MATCHED
2000,R_HR_CO,Hot Rolled Black Coil,26FW0480R0,21.03,2001,2.5,1230,0011000122,NMDC STEEL LIMITED,D203333107,5000103737,4600000309,30,20-06-26,101,HRC,COIL,11513:2017,BIS,cr3,72083990,N,7.453,54470136,MATCHED
2000,R_HR_CO,Hot Rolled Black Coil,26FW0481R0,20.85,2001,2,1235,0011000122,NMDC STEEL LIMITED,D103447202,5000103738,4600000309,10,20-06-26,101,HRC,COIL,11513:2017,BIS,cr3,72083990,N,7.453,94241988,MATCHED
2000,R_HR_CO,Hot Rolled Black Coil,26FW0482R0,20.91,2001,2,1235,0011000122,NMDC STEEL LIMITED,D103448201,5000103739,4600000309,10,20-06-26,101,HRC,COIL,11513:2017,BIS,cr3,72083990,N,7.453,19201809,MATCHED
2000,R_HR_CO,Hot Rolled Black Coil,26FW0483R0,20.96,2001,2,1235,0011000122,NMDC STEEL LIMITED,D103446208,5000103740,4600000309,10,20-06-26,101,HRC,COIL,11513:2017,BIS,cr3,72083990,N,7.453,28329741,MATCHED
2000,R_HR_CO,Hot Rolled Black Coil,26FW0484R0,21.03,2001,2.5,1230,0011000122,NMDC STEEL LIMITED,D203333108,5000103742,4600000309,30,20-06-26,101,HRC,COIL,11513:2017,BIS,cr3,72083990,N,7.453,17079186,MATCHED
2000,R_HR_CO,Hot Rolled Black Coil,26FW0485R0,20.78,2001,2.2,1230,0011000122,NMDC STEEL LIMITED,D203331103,5000103743,4600000309,20,20-06-26,101,HRC,COIL,11513:2017,BIS,cr3,72083990,N,7.453,48027220,MATCHED
2000,R_HR_CO,Hot Rolled Black Coil,26FW0486R0,21.05,2001,2.2,1230,0011000122,NMDC STEEL LIMITED,D203333102,5000103744,4600000309,20,20-06-26,101,HRC,COIL,11513:2017,BIS,cr3,72083990,N,7.453,37407566,MATCHED
2000,R_HR_CO,Hot Rolled Black Coil,26FW0487R0,21.07,2001,2.8,1235,0011000122,NMDC STEEL LIMITED,D203336103,5000103745,4600000309,40,20-06-26,101,HRC,COIL,11513:2017,BIS,cr3,72083990,N,7.453,86519938,MATCHED
2000,R_HR_CO,Hot Rolled Black Coil,26FW0488R0,20.97,2001,2.2,1230,0011000122,NMDC STEEL LIMITED,D103451102,5000103746,4600000309,20,20-06-26,101,HRC,COIL,11513:2017,BIS,cr3,72083990,N,7.453,96190911,MATCHED
2000,R_HR_CO,Hot Rolled Black Coil,26FW0489R0,20.89,2001,2.2,1230,0011000122,NMDC STEEL LIMITED,D203331102,5000103747,4600000309,20,20-06-26,101,HRC,COIL,11513:2017,BIS,cr3,72083990,N,7.453,35627097,MATCHED
2000,R_HR_CO,Hot Rolled Black Coil,26FW0490R0,20.77,2001,2.5,1230,0011000122,NMDC STEEL LIMITED,D203327201,5000103748,4600000309,30,20-06-26,101,HRC,COIL,11513:2017,BIS,cr3,72083990,N,7.453,94559939,MATCHED
2000,R_HR_CO,Hot Rolled Black Coil,26FW0491R0,21.07,2001,2.2,1230,0011000122,NMDC STEEL LIMITED,D203332107,5000103749,4600000309,20,20-06-26,101,HRC,COIL,11513:2017,BIS,cr3,72083990,N,7.453,95678910,MATCHED
2000,R_HR_CO,Hot Rolled Black Coil,26FW0492R0,20.91,2001,2,1235,0011000122,NMDC STEEL LIMITED,D103450102,5000103750,4600000309,10,20-06-26,101,HRC,COIL,11513:2017,BIS,cr3,72083990,N,7.453,95365132,MATCHED
2000,R_HR_CO,Hot Rolled Black Coil,26FW0493R0,20.95,2001,2,1235,0011000122,NMDC STEEL LIMITED,D203329204,5000103751,4600000309,10,20-06-26,101,HRC,COIL,11513:2017,BIS,cr3,72083990,N,7.453,33128261,MATCHED
2000,R_HR_CO,Hot Rolled Black Coil,26FW0494R0,20.92,2001,2,1235,0011000122,NMDC STEEL LIMITED,D103450105,5000103752,4600000309,10,20-06-26,101,HRC,COIL,11513:2017,BIS,cr3,72083990,N,7.453,41081486,MATCHED
2000,R_HR_CO,Hot Rolled Black Coil,26FW0495R0,20.91,2001,2.2,1230,0011000122,NMDC STEEL LIMITED,D103450108,5000103753,4600000309,20,20-06-26,101,HRC,COIL,11513:2017,BIS,cr3,72083990,N,7.453,40937208,MATCHED
2000,R_HR_CO,Hot Rolled Black Coil,26FW0496R0,20.94,2001,2,1235,0011000122,NMDC STEEL LIMITED,D103450104,5000103754,4600000309,10,20-06-26,101,HRC,COIL,11513:2017,BIS,cr3,72083990,N,7.453,39337324,MATCHED
2000,R_HR_CO,Hot Rolled Black Coil,26FW0497R0,20.9,2001,2.2,1230,0011000122,NMDC STEEL LIMITED,D203331104,5000103755,4600000309,20,20-06-26,101,HRC,COIL,11513:2017,BIS,cr3,72083990,N,7.453,76161949,MATCHED
2000,R_HR_CO,Hot Rolled Black Coil,26FW0498R0,20.93,2001,2.5,1230,0011000122,NMDC STEEL LIMITED,D203336106,5000103756,4600000309,30,20-06-26,101,HRC,COIL,11513:2017,BIS,cr3,72083990,N,7.453,52098848,MATCHED
2000,R_HR_CO,Hot Rolled Black Coil,26FW0499R0,20.83,2001,2.5,1230,0011000122,NMDC STEEL LIMITED,D203334106,5000103757,4600000309,30,20-06-26,101,HRC,COIL,11513:2017,BIS,cr3,72083990,N,7.453,21440206,MATCHED
2000,R_HR_CO,Hot Rolled Black Coil,26FW0500R0,20.92,2001,2,1235,0011000122,NMDC STEEL LIMITED,D103450106,5000103758,4600000309,10,20-06-26,101,HRC,COIL,11513:2017,BIS,cr3,72083990,N,7.453,32531012,MATCHED
2000,R_HR_CO,Hot Rolled Black Coil,26FW0501R0,21.15,2001,2.2,1230,0011000122,NMDC STEEL LIMITED,D203333105,5000103759,4600000309,20,20-06-26,101,HRC,COIL,11513:2017,BIS,cr3,72083990,N,7.453,47736334,MATCHED
2000,R_HR_CO,Hot Rolled Black Coil,26FW0502R0,20.9,2001,2,1235,0011000122,NMDC STEEL LIMITED,D103450101,5000103760,4600000309,10,20-06-26,101,HRC,COIL,11513:2017,BIS,cr3,72083990,N,7.453,45249666,MATCHED
2000,R_HR_CO,Hot Rolled Black Coil,26FW0503R0,20.76,2001,2.5,1230,0011000122,NMDC STEEL LIMITED,D103452106,5000103761,4600000309,30,20-06-26,101,HRC,COIL,11513:2017,BIS,cr3,72083990,N,7.453,41821409,MATCHED
2000,R_HR_CO,Hot Rolled Black Coil,26FW0504R0,20.9,2001,2,1235,0011000122,NMDC STEEL LIMITED,D103447206,5000103762,4600000309,10,20-06-26,101,HRC,COIL,11513:2017,BIS,cr3,72083990,N,7.453,10165167,MATCHED
2000,R_HR_CO,Hot Rolled Black Coil,26FW0505R0,20.91,2001,2.2,1230,0011000122,NMDC STEEL LIMITED,D103449107,5000103763,4600000309,20,20-06-26,101,HRC,COIL,11513:2017,BIS,cr3,72083990,N,7.453,14683411,MATCHED
2000,R_HR_CO,Hot Rolled Black Coil,26FW0506R0,20.95,2001,2.5,1230,0011000122,NMDC STEEL LIMITED,D203336107,5000103764,4600000309,30,20-06-26,101,HRC,COIL,11513:2017,BIS,cr3,72083990,N,7.453,98636373,MATCHED
2000,R_HR>3MM_CO,Hot Rolled Black Coil 3mm & Above,26FW0507R0,21.02,2001,3.6,1235,0011000122,NMDC STEEL LIMITED,D203335106,5000103765,4600000309,60,20-06-26,101,HRC,COIL,11513:2017,BIS,cr3,72083890,N,7.453,74089922,MATCHED
2000,R_HR>3MM_CO,Hot Rolled Black Coil 3mm & Above,26FW0508R0,20.96,2001,3.6,1235,0011000122,NMDC STEEL LIMITED,D103449101,5000103766,4600000309,60,20-06-26,101,HRC,COIL,11513:2017,BIS,cr3,72083890,N,7.453,79985904,MATCHED
2000,R_HR_CO,Hot Rolled Black Coil,26FW0509R0,20.92,2001,2.5,1230,0011000122,NMDC STEEL LIMITED,D203335101,5000103768,4600000309,30,20-06-26,101,HRC,COIL,11513:2017,BIS,cr3,72083990,N,7.453,70076711,MATCHED
2000,R_HR_CO,Hot Rolled Black Coil,26FW0510R0,21.12,2001,2.2,1230,0011000122,NMDC STEEL LIMITED,D203333104,5000103769,4600000309,20,20-06-26,101,HRC,COIL,11513:2017,BIS,cr3,72083990,N,7.453,39012104,MATCHED
2000,R_HR_CO,Hot Rolled Black Coil,26FW0511R0,21.11,2001,2.2,1230,0011000122,NMDC STEEL LIMITED,D203332104,5000103770,4600000309,20,20-06-26,101,HRC,COIL,11513:2017,BIS,cr3,72083990,N,7.453,94291496,MATCHED
2000,R_HR_CO,Hot Rolled Black Coil,26FW0512R0,20.92,2001,2.2,1230,0011000122,NMDC STEEL LIMITED,D103450109,5000103771,4600000309,20,20-06-26,101,HRC,COIL,11513:2017,BIS,cr3,72083990,N,7.453,80199421,MATCHED
2000,R_HR_CO,Hot Rolled Black Coil,26FW0513R0,20.85,2001,2.5,1230,0011000122,NMDC STEEL LIMITED,D203334109,5000103772,4600000309,30,20-06-26,101,HRC,COIL,11513:2017,BIS,cr3,72083990,N,7.453,24214133,MATCHED
2000,R_HR_CO,Hot Rolled Black Coil,26FW0514R0,20.95,2001,2,1235,0011000122,NMDC STEEL LIMITED,D203329202,5000103773,4600000309,10,20-06-26,101,HRC,COIL,11513:2017,BIS,cr3,72083990,N,7.453,47641674,MATCHED
2000,R_HR_CO,Hot Rolled Black Coil,26FW0515R0,20.98,2001,2.2,1230,0011000122,NMDC STEEL LIMITED,D103451107,5000103774,4600000309,20,20-06-26,101,HRC,COIL,11513:2017,BIS,cr3,72083990,N,7.453,35685592,MATCHED
2000,R_HR_CO,Hot Rolled Black Coil,26FW0516R0,20.86,2001,2.5,1230,0011000122,NMDC STEEL LIMITED,D203334108,5000103775,4600000309,30,20-06-26,101,HRC,COIL,11513:2017,BIS,cr3,72083990,N,7.453,34469325,MATCHED
2000,R_HR_CO,Hot Rolled Black Coil,26FW0517R0,20.91,2001,2,1235,0011000122,NMDC STEEL LIMITED,D103447205,5000103776,4600000309,10,20-06-26,101,HRC,COIL,11513:2017,BIS,cr3,72083990,N,7.453,17831778,MATCHED
2000,R_HR_CO,Hot Rolled Black Coil,26FW0518R0,20.9,2001,2,1235,0011000122,NMDC STEEL LIMITED,D103446209,5000103777,4600000309,10,20-06-26,101,HRC,COIL,11513:2017,BIS,cr3,72083990,N,7.453,24707234,MATCHED
2000,R_HR_CO,Hot Rolled Black Coil,26FW0519R0,21.09,2001,2.2,1230,0011000122,NMDC STEEL LIMITED,D103451104,5000103779,4600000309,20,20-06-26,101,HRC,COIL,11513:2017,BIS,cr3,72083990,N,7.453,67370530,MATCHED
2000,R_HR_CO,Hot Rolled Black Coil,26FW0520R0,20.83,2001,2,1235,0011000122,NMDC STEEL LIMITED,D103447204,5000103781,4600000309,10,20-06-26,101,HRC,COIL,11513:2017,BIS,cr3,72083990,N,7.453,23730445,MATCHED
2000,R_HR_CO,Hot Rolled Black Coil,26FW0521R0,21.14,2001,2.2,1230,0011000122,NMDC STEEL LIMITED,D203333103,5000103782,4600000309,20,20-06-26,101,HRC,COIL,11513:2017,BIS,cr3,72083990,N,7.453,31853528,MATCHED
2000,R_HR_CO,Hot Rolled Black Coil,26FW0522R0,21.12,2001,2.2,1230,0011000122,NMDC STEEL LIMITED,D203332103,5000103788,4600000309,20,20-06-26,101,HRC,COIL,11513:2017,BIS,cr3,72083990,N,7.453,55643139,MATCHED
2000,R_HR_CO,Hot Rolled Black Coil,26FW0523R0,20.74,2001,2.5,1230,0011000122,NMDC STEEL LIMITED,D203334102,5000103792,4600000309,30,20-06-26,101,HRC,COIL,11513:2017,BIS,cr3,72083990,N,7.453,19597908,MATCHED
2000,R_HR_CO,Hot Rolled Black Coil,26FW0524R0,20.88,2001,2.2,1230,0011000122,NMDC STEEL LIMITED,D203331108,5000103793,4600000309,20,20-06-26,101,HRC,COIL,11513:2017,BIS,cr3,72083990,N,7.453,82338281,MATCHED
2000,R_HR_CO,Hot Rolled Black Coil,26FW0525R0,20.93,2001,2.2,1230,0011000122,NMDC STEEL LIMITED,D103450107,5000103795,4600000309,20,20-06-26,101,HRC,COIL,11513:2017,BIS,cr3,72083990,N,7.453,86449503,MATCHED
2000,R_HR_CO,Hot Rolled Black Coil,26FW0526R0,20.88,2001,2.5,1230,0011000122,NMDC STEEL LIMITED,D103446202,5000103796,4600000309,30,20-06-26,101,HRC,COIL,11513:2017,BIS,cr3,72083990,N,7.453,49603608,MATCHED
2000,R_HR>3MM_CO,Hot Rolled Black Coil 3mm & Above,26FW0527R0,20.93,2001,3.6,1235,0011000122,NMDC STEEL LIMITED,D103316209,5000103806,4600000307,60,16-06-26,101,HRC,COIL,11513:2017,BIS,cr3,72083890,N,7.453,14651507,MATCHED
2000,R_HR>3MM_CO,Hot Rolled Black Coil 3mm & Above,26FW0528R0,21.07,2001,3.6,1235,0011000122,NMDC STEEL LIMITED,D203212207,5000103807,4600000307,60,16-06-26,101,HRC,COIL,11513:2017,BIS,cr3,72083890,N,7.453,89633031,MATCHED
2000,R_HR_CO,Hot Rolled Black Coil,26FW0529R0,21.14,2001,2.2,1230,0011000122,NMDC STEEL LIMITED,D103320207,5000103808,4600000307,20,16-06-26,101,HRC,COIL,11513:2017,BIS,cr3,72083990,N,7.453,71394822,MATCHED
2000,R_HR_CO,Hot Rolled Black Coil,26FW0530R0,20.99,2001,2.5,1230,0011000122,NMDC STEEL LIMITED,D103323208,5000103809,4600000307,30,16-06-26,101,HRC,COIL,11513:2017,BIS,cr3,72083990,N,7.453,76369546,MATCHED
2000,R_HR_CO,Hot Rolled Black Coil,26FW0531R0,20.92,2001,2.5,1230,0011000122,NMDC STEEL LIMITED,D203202101,5000103810,4600000307,30,16-06-26,101,HRC,COIL,11513:2017,BIS,cr3,72083990,N,7.453,84004223,MATCHED
2000,R_HR_CO,Hot Rolled Black Coil,26FW0532R0,20.84,2001,2.2,1230,0011000122,NMDC STEEL LIMITED,D203205105,5000103812,4600000307,20,16-06-26,101,HRC,COIL,11513:2017,BIS,cr3,72083990,N,7.453,68885084,MATCHED
2000,R_HR_CO,Hot Rolled Black Coil,26FW0533R0,20.94,2001,2.5,1230,0011000122,NMDC STEEL LIMITED,D203211106,5000103814,4600000307,30,16-06-26,101,HRC,COIL,11513:2017,BIS,cr3,72083990,N,7.453,38710654,MATCHED
2000,R_HR_CO,Hot Rolled Black Coil,26FW0534R0,21.08,2001,2.2,1230,0011000122,NMDC STEEL LIMITED,D203210108,5000103815,4600000307,20,16-06-26,101,HRC,COIL,11513:2017,BIS,cr3,72083990,N,7.453,10695177,MATCHED
2000,R_HR_CO,Hot Rolled Black Coil,26FW0535R0,20.91,2001,2.2,1230,0011000122,NMDC STEEL LIMITED,D103318208,5000103817,4600000307,20,16-06-26,101,HRC,COIL,11513:2017,BIS,cr3,72083990,N,7.453,40035535,MATCHED
2000,R_HR_CO,Hot Rolled Black Coil,26FW0536R0,20.78,2001,2.2,1230,0011000122,NMDC STEEL LIMITED,D203206104,5000103818,4600000307,20,16-06-26,101,HRC,COIL,11513:2017,BIS,cr3,72083990,N,7.453,10385067,MATCHED
2000,R_HR_CO,Hot Rolled Black Coil,26FW0537R0,20.87,2001,2.2,1230,0011000122,NMDC STEEL LIMITED,D103318207,5000103844,4600000307,20,16-06-26,101,HRC,COIL,11513:2017,BIS,cr3,72083990,N,7.453,45005370,MATCHED
2000,R_HR_CO,Hot Rolled Black Coil,26FW0538R0,21.1,2001,2,1235,0011000122,NMDC STEEL LIMITED,D103322201,5000103846,4600000307,10,16-06-26,101,HRC,COIL,11513:2017,BIS,cr3,72083990,N,7.453,18655053,MATCHED
2000,R_HR_CO,Hot Rolled Black Coil,26FW0539R0,20.98,2001,2.5,1230,0011000122,NMDC STEEL LIMITED,D203220107,5000103847,4600000307,30,16-06-26,101,HRC,COIL,11513:2017,BIS,cr3,72083990,N,7.453,84986406,MATCHED
2000,R_HR_CO,Hot Rolled Black Coil,26FW0540R0,20.97,2001,2.5,1230,0011000122,NMDC STEEL LIMITED,D203202105,5000103867,4600000307,30,16-06-26,101,HRC,COIL,11513:2017,BIS,cr3,72083990,N,7.453,72740094,MATCHED
2000,R_HR_CO,Hot Rolled Black Coil,26FW0541R0,20.96,2001,2.5,1230,0011000122,NMDC STEEL LIMITED,D203205103,5000103868,4600000307,30,16-06-26,101,HRC,COIL,11513:2017,BIS,cr3,72083990,N,7.453,56159115,MATCHED
2000,R_HR_CO,Hot Rolled Black Coil,26FW0542R0,20.97,2001,2.5,1230,0011000122,NMDC STEEL LIMITED,D103314208,5000103869,4600000307,30,16-06-26,101,HRC,COIL,11513:2017,BIS,cr3,72083990,N,7.453,91460784,MATCHED
2000,R_HR_CO,Hot Rolled Black Coil,26FW0543R0,21.03,2001,2.2,1230,0011000122,NMDC STEEL LIMITED,D203206108,5000103870,4600000307,20,16-06-26,101,HRC,COIL,11513:2017,BIS,cr3,72083990,N,7.453,41881248,MATCHED
2000,R_HR_CO,Hot Rolled Black Coil,26FW0544R0,20.9,2001,2.8,1235,0011000122,NMDC STEEL LIMITED,D203205108,5000103871,4600000307,40,16-06-26,101,HRC,COIL,11513:2017,BIS,cr3,72083990,N,7.453,41247465,MATCHED
2000,R_HR_CO,Hot Rolled Black Coil,26FW0545R0,20.95,2001,2.5,1230,0011000122,NMDC STEEL LIMITED,D202740203,5000103872,4600000307,30,16-06-26,101,HRC,COIL,11513:2017,BIS,cr3,72083990,N,7.453,93817029,MATCHED
2000,R_HR_CO,Hot Rolled Black Coil,26FW0546R0,21.02,2001,2.2,1230,0011000122,NMDC STEEL LIMITED,D203209106,5000103875,4600000307,20,16-06-26,101,HRC,COIL,11513:2017,BIS,cr3,72083990,N,7.453,46659670,MATCHED
2000,R_HR_CO,Hot Rolled Black Coil,26FW0547R0,21.08,2001,2.2,1230,0011000122,NMDC STEEL LIMITED,D203208105,5000103876,4600000307,20,16-06-26,101,HRC,COIL,11513:2017,BIS,cr3,72083990,N,7.453,50095057,MATCHED
2000,R_HR>3MM_CO,Hot Rolled Black Coil 3mm & Above,26FW0548R0,21.16,2001,3.6,1235,0011000122,NMDC STEEL LIMITED,D202633201,5000103877,4600000307,60,16-06-26,101,HRC,COIL,11513:2017,BIS,cr3,72083890,N,7.453,74269449,MATCHED
2000,R_HR_CO,Hot Rolled Black Coil,26FW0549R0,21.11,2001,2.2,1230,0011000122,NMDC STEEL LIMITED,D103320204,5000103878,4600000307,20,16-06-26,101,HRC,COIL,11513:2017,BIS,cr3,72083990,N,7.453,60644885,MATCHED
2000,R_HR_CO,Hot Rolled Black Coil,26FW0550R0,20.91,2001,2.2,1230,0011000122,NMDC STEEL LIMITED,D203205104,5000103879,4600000307,20,16-06-26,101,HRC,COIL,11513:2017,BIS,cr3,72083990,N,7.453,64701590,MATCHED
2000,R_HR_CO,Hot Rolled Black Coil,26FW0551R0,20.97,2001,2.2,1230,0011000122,NMDC STEEL LIMITED,D103315205,5000103881,4600000307,20,16-06-26,101,HRC,COIL,11513:2017,BIS,cr3,72083990,N,7.453,42754111,MATCHED
2000,R_HR_CO,Hot Rolled Black Coil,26FW0552R0,21.03,2001,2.2,1230,0011000122,NMDC STEEL LIMITED,D203208107,5000103882,4600000307,20,16-06-26,101,HRC,COIL,11513:2017,BIS,cr3,72083990,N,7.453,80622127,MATCHED
2000,R_HR_CO,Hot Rolled Black Coil,26FW0553R0,20.92,2001,2.2,1230,0011000122,NMDC STEEL LIMITED,D103323202,5000103889,4600000309,20,20-06-26,101,HRC,COIL,11513:2017,BIS,cr3,72083990,N,7.453,71028318,MATCHED
2000,R_HR_CO,Hot Rolled Black Coil,26FW0554R0,20.99,2001,2.2,1230,0011000122,NMDC STEEL LIMITED,D203332102,5000103890,4600000309,20,20-06-26,101,HRC,COIL,11513:2017,BIS,cr3,72083990,N,7.453,17500587,MATCHED
2000,R_HR_CO,Hot Rolled Black Coil,26FW0555R0,20.91,2001,2.5,1230,0011000122,NMDC STEEL LIMITED,D203334104,5000103891,4600000309,30,20-06-26,101,HRC,COIL,11513:2017,BIS,cr3,72083990,N,7.453,89883703,MATCHED
2000,R_HR_CO,Hot Rolled Black Coil,26FW0556R0,20.77,2001,2.5,1230,0011000122,NMDC STEEL LIMITED,D103452107,5000103893,4600000309,30,20-06-26,101,HRC,COIL,11513:2017,BIS,cr3,72083990,N,7.453,71647020,MATCHED
2000,R_HR_CO,Hot Rolled Black Coil,26FW0557R0,20.74,2001,2.5,1230,0011000122,NMDC STEEL LIMITED,D103452108,5000103894,4600000309,30,20-06-26,101,HRC,COIL,11513:2017,BIS,cr3,72083990,N,7.453,31170990,MATCHED
2000,R_HR_CO,Hot Rolled Black Coil,26FW0558R0,20.78,2001,2,1235,0011000122,NMDC STEEL LIMITED,D203327205,5000103895,4600000309,10,20-06-26,101,HRC,COIL,11513:2017,BIS,cr3,72083990,N,7.453,36462603,MATCHED
2000,R_HR_CO,Hot Rolled Black Coil,26FW0559R0,20.93,2001,2,1235,0011000122,NMDC STEEL LIMITED,D103447208,5000103896,4600000309,10,20-06-26,101,HRC,COIL,11513:2017,BIS,cr3,72083990,N,7.453,97033733,MATCHED
2000,R_HR_CO,Hot Rolled Black Coil,26FW0560R0,21.03,2001,2.2,1230,0011000122,NMDC STEEL LIMITED,D103451108,5000103897,4600000309,20,20-06-26,101,HRC,COIL,11513:2017,BIS,cr3,72083990,N,7.453,42744813,MATCHED
2000,R_HR_CO,Hot Rolled Black Coil,26FW0561R0,20.92,2001,2.2,1230,0011000122,NMDC STEEL LIMITED,D103451101,5000103898,4600000309,20,20-06-26,101,HRC,COIL,11513:2017,BIS,cr3,72083990,N,7.453,39608803,MATCHED
2000,R_HR_CO,Hot Rolled Black Coil,26FW0562R0,20.99,2001,2.2,1230,0011000122,NMDC STEEL LIMITED,D103451106,5000103899,4600000309,20,20-06-26,101,HRC,COIL,11513:2017,BIS,cr3,72083990,N,7.453,39167458,MATCHED
2000,R_HR_CO,Hot Rolled Black Coil,26FW0563R0,20.97,2001,2,1235,0011000122,NMDC STEEL LIMITED,D203329205,5000103900,4600000309,10,20-06-26,101,HRC,COIL,11513:2017,BIS,cr3,72083990,N,7.453,84813657,MATCHED
2000,R_HR_CO,Hot Rolled Black Coil,26FW0564R0,21.05,2001,2.2,1230,0011000122,NMDC STEEL LIMITED,D203332101,5000103901,4600000309,20,20-06-26,101,HRC,COIL,11513:2017,BIS,cr3,72083990,N,7.453,35778768,MATCHED
2000,R_HR>3MM_CO,Hot Rolled Black Coil 3mm & Above,26FW0565R0,20.94,2001,3.2,1235,0011000122,NMDC STEEL LIMITED,D103449102,5000103902,4600000309,50,20-06-26,101,HRC,COIL,11513:2017,BIS,cr3,72083890,N,7.453,94183007,MATCHED
2000,R_HR_CO,Hot Rolled Black Coil,26FW0566R0,20.86,2001,2.5,1230,0011000122,NMDC STEEL LIMITED,D203334103,5000103904,4600000309,30,20-06-26,101,HRC,COIL,11513:2017,BIS,cr3,72083990,N,7.453,89432282,MATCHED
2000,R_HR_CO,Hot Rolled Black Coil,26FW0567R0,20.92,2001,2.2,1230,0011000122,NMDC STEEL LIMITED,D203331107,5000103905,4600000309,20,20-06-26,101,HRC,COIL,11513:2017,BIS,cr3,72083990,N,7.453,20858031,MATCHED
2000,R_HR_CO,Hot Rolled Black Coil,26FW0568R0,20.84,2001,2.2,1230,0011000122,NMDC STEEL LIMITED,D203207101,5000103906,4600000309,20,20-06-26,101,HRC,COIL,11513:2017,BIS,cr3,72083990,N,7.453,26843929,MATCHED
2000,R_HR_CO,Hot Rolled Black Coil,26FW0569R0,20.79,2001,2.5,1230,0011000122,NMDC STEEL LIMITED,D203334101,5000103912,4600000309,30,20-06-26,101,HRC,COIL,11513:2017,BIS,cr3,72083990,N,7.453,34872408,MATCHED
2000,R_HR_CO,Hot Rolled Black Coil,26FW0570R0,21,2001,2.2,1230,0011000122,NMDC STEEL LIMITED,D103451105,5000103913,4600000309,20,20-06-26,101,HRC,COIL,11513:2017,BIS,cr3,72083990,N,7.453,94936227,MATCHED
2000,R_HR_CO,Hot Rolled Black Coil,26FW0571R0,20.88,2001,2,1235,0011000122,NMDC STEEL LIMITED,D103447203,5000103914,4600000309,10,20-06-26,101,HRC,COIL,11513:2017,BIS,cr3,72083990,N,7.453,44170115,MATCHED
2000,R_HR_CO,Hot Rolled Black Coil,26FW0572R0,20.7,2001,2.2,1230,0011000122,NMDC STEEL LIMITED,D203327202,5000103915,4600000309,20,20-06-26,101,HRC,COIL,11513:2017,BIS,cr3,72083990,N,7.453,89079645,MATCHED
2000,R_HR_CO,Hot Rolled Black Coil,26FW0573R0,20.74,2001,2,1235,0011000122,NMDC STEEL LIMITED,D203327206,5000103916,4600000309,10,20-06-26,101,HRC,COIL,11513:2017,BIS,cr3,72083990,N,7.453,78216165,MATCHED
2000,R_HR_CO,Hot Rolled Black Coil,26FW0574R0,21.15,2001,2.2,1230,0011000122,NMDC STEEL LIMITED,D203333101,5000103917,4600000309,20,20-06-26,101,HRC,COIL,11513:2017,BIS,cr3,72083990,N,7.453,54757100,MATCHED
2000,R_HR_CO,Hot Rolled Black Coil,26FW0575R0,20.94,2001,2.5,1230,0011000122,NMDC STEEL LIMITED,D103452102,5000103918,4600000309,30,20-06-26,101,HRC,COIL,11513:2017,BIS,cr3,72083990,N,7.453,43289789,MATCHED
2000,R_HR_CO,Hot Rolled Black Coil,26FW0576R0,20.98,2001,2.2,1230,0011000122,NMDC STEEL LIMITED,D103323203,5000103919,4600000309,20,20-06-26,101,HRC,COIL,11513:2017,BIS,cr3,72083990,N,7.453,88784253,MATCHED
2000,R_HR_CO,Hot Rolled Black Coil,26FW0577R0,20.76,2001,2.5,1230,0011000122,NMDC STEEL LIMITED,D103452105,5000103920,4600000309,30,20-06-26,101,HRC,COIL,11513:2017,BIS,cr3,72083990,N,7.453,44560795,MATCHED
2000,R_HR_CO,Hot Rolled Black Coil,26FW0578R0,20.64,2001,2.2,1230,0011000122,NMDC STEEL LIMITED,D203207105,5000103921,4600000309,20,20-06-26,101,HRC,COIL,11513:2017,BIS,cr3,72083990,N,7.453,39153058,MATCHED
2000,R_HR_CO,Hot Rolled Black Coil,26FW0579R0,21.15,2001,2.2,1230,0011000122,NMDC STEEL LIMITED,D203332109,5000103922,4600000309,20,20-06-26,101,HRC,COIL,11513:2017,BIS,cr3,72083990,N,7.453,73523361,MATCHED
2000,R_HR_CO,Hot Rolled Black Coil,26FW0580R0,20.89,2001,2,1235,0011000122,NMDC STEEL LIMITED,D203328206,5000103923,4600000309,10,20-06-26,101,HRC,COIL,11513:2017,BIS,cr3,72083990,N,7.453,16974796,MATCHED
2000,R_HR_CO,Hot Rolled Black Coil,26FW0581R0,21.06,2001,2.5,1230,0011000122,NMDC STEEL LIMITED,D203333106,5000103924,4600000309,30,20-06-26,101,HRC,COIL,11513:2017,BIS,cr3,72083990,N,7.453,51950987,MATCHED
2000,R_HR_CO,Hot Rolled Black Coil,26FW0582R0,20.76,2001,2,1235,0011000122,NMDC STEEL LIMITED,D203327204,5000103925,4600000309,10,20-06-26,101,HRC,COIL,11513:2017,BIS,cr3,72083990,N,7.453,74166716,MATCHED
2000,R_HR_CO,Hot Rolled Black Coil,26FW0583R0,20.81,2001,2.2,1230,0011000122,NMDC STEEL LIMITED,D203327203,5000103926,4600000309,20,20-06-26,101,HRC,COIL,11513:2017,BIS,cr3,72083990,N,7.453,98442415,MATCHED
2000,R_HR_CO,Hot Rolled Black Coil,26FW0584R0,20.92,2001,2.5,1230,0011000122,NMDC STEEL LIMITED,D103446203,5000103927,4600000309,30,20-06-26,101,HRC,COIL,11513:2017,BIS,cr3,72083990,N,7.453,82587403,MATCHED
2000,R_HR_CO,Hot Rolled Black Coil,26FW0585R0,20.91,2001,2,1235,0011000122,NMDC STEEL LIMITED,D203328205,5000103933,4600000309,10,20-06-26,101,HRC,COIL,11513:2017,BIS,cr3,72083990,N,7.453,43343124,MATCHED
2000,R_HR_CO,Hot Rolled Black Coil,26FW0586R0,20.96,2001,2.5,1230,0011000122,NMDC STEEL LIMITED,D203336108,5000103938,4600000309,30,20-06-26,101,HRC,COIL,11513:2017,BIS,cr3,72083990,N,7.453,67941712,MATCHED
2000,R_HR_CO,Hot Rolled Black Coil,26FW0587R0,20.88,2001,2.5,1230,0011000122,NMDC STEEL LIMITED,D103452103,5000103939,4600000309,30,20-06-26,101,HRC,COIL,11513:2017,BIS,cr3,72083990,N,7.453,23479295,MATCHED
2000,R_HR_CO,Hot Rolled Black Coil,26FW0588R0,20.94,2001,2,1235,0011000122,NMDC STEEL LIMITED,D203329201,5000103940,4600000309,10,20-06-26,101,HRC,COIL,11513:2017,BIS,cr3,72083990,N,7.453,15464677,MATCHED
2000,R_HR>3MM_CO,Hot Rolled Black Coil 3mm & Above,26FW0589R0,20.96,2001,3.6,1235,0011000122,NMDC STEEL LIMITED,D203335105,5000103941,4600000309,60,20-06-26,101,HRC,COIL,11513:2017,BIS,cr3,72083890,N,7.453,92008646,MATCHED
2000,R_HR_CO,Hot Rolled Black Coil,26FW0590R0,20.93,2001,2.5,1230,0011000122,NMDC STEEL LIMITED,D203336105,5000103944,4600000309,30,20-06-26,101,HRC,COIL,11513:2017,BIS,cr3,72083990,N,7.453,72577898,MATCHED
2000,R_HR_CO,Hot Rolled Black Coil,26FW0591R0,20.99,2001,2.5,1230,0011000122,NMDC STEEL LIMITED,D103452101,5000103946,4600000309,30,20-06-26,101,HRC,COIL,11513:2017,BIS,cr3,72083990,N,7.453,95750484,MATCHED
2000,R_HR_CO,Hot Rolled Black Coil,26FW0592R0,20.77,2001,2,1235,0011000122,NMDC STEEL LIMITED,D203327207,5000103947,4600000309,10,20-06-26,101,HRC,COIL,11513:2017,BIS,cr3,72083990,N,7.453,47742548,MATCHED
2000,R_HR_CO,Hot Rolled Black Coil,26FW0593R0,20.94,2001,2.8,1235,0011000122,NMDC STEEL LIMITED,D203336104,5000103948,4600000309,40,20-06-26,101,HRC,COIL,11513:2017,BIS,cr3,72083990,N,7.453,10063193,MATCHED
2000,R_HR_CO,Hot Rolled Black Coil,26FW0594R0,20.88,2001,2,1235,0011000122,NMDC STEEL LIMITED,D203330105,5000103949,4600000309,10,20-06-26,101,HRC,COIL,11513:2017,BIS,cr3,72083990,N,7.453,82569114,MATCHED
2000,R_HR_CO,Hot Rolled Black Coil,26FW0595R0,20.9,2001,2,1235,0011000122,NMDC STEEL LIMITED,D203329203,5000103950,4600000309,10,20-06-26,101,HRC,COIL,11513:2017,BIS,cr3,72083990,N,7.453,99158278,MATCHED
2000,R_HR_CO,Hot Rolled Black Coil,26FW0596R0,20.82,2001,2.5,1230,0011000122,NMDC STEEL LIMITED,D203334107,5000103951,4600000309,30,20-06-26,101,HRC,COIL,11513:2017,BIS,cr3,72083990,N,7.453,23733930,MATCHED
2000,R_HR_CO,Hot Rolled Black Coil,26FW0597R0,20.99,2001,2.2,1230,0011000122,NMDC STEEL LIMITED,D103446204,5000104067,4600000309,70,29-06-26,101,HRC,COIL,11513:2017,BIS,cr3,72083990,N,7.453,47979091,MATCHED
2000,R_HR_CO,Hot Rolled Black Coil,26GJ0001R0,25.405,2001,2.5,1230,0011000144,JSW Vijayanagar Metallics Limited,26292649,5000104107,4600000312,30,29-06-26,101,HRC,COIL,11513:2017,BIS,cr3,72083990,N,7.453,98549161,MATCHED
2000,R_HR_CO,Hot Rolled Black Coil,26GJ0002R0,27.255,2001,2.2,1230,0011000144,JSW Vijayanagar Metallics Limited,26292544,5000104108,4600000312,10,29-06-26,101,HRC,COIL,11513:2017,BIS,cr3,72083990,N,7.453,83446686,MATCHED
2000,R_HR_CO,Hot Rolled Black Coil,26GJ0003R0,27.255,2001,2.5,1230,0011000144,JSW Vijayanagar Metallics Limited,26292525,5000104112,4600000312,30,29-06-26,101,HRC,COIL,11513:2017,BIS,cr3,72083990,N,7.453,92931414,MATCHED
2000,R_HR_CO,Hot Rolled Black Coil,26GJ0004R0,25.3,2001,2.5,1230,0011000144,JSW Vijayanagar Metallics Limited,26292614,5000104113,4600000312,30,29-06-26,101,HRC,COIL,11513:2017,BIS,cr3,72083990,N,7.453,92810979,MATCHED
2000,R_HR_CO,Hot Rolled Black Coil,26GJ0005R0,24.52,2001,2.5,1230,0011000144,JSW Vijayanagar Metallics Limited,26292652,5000104114,4600000312,30,29-06-26,101,HRC,COIL,11513:2017,BIS,cr3,72083990,N,7.453,64412321,MATCHED
2000,R_HR_CO,Hot Rolled Black Coil,26GJ0006R0,27.34,2001,2.2,1230,0011000144,JSW Vijayanagar Metallics Limited,26292547,5000104115,4600000312,10,29-06-26,101,HRC,COIL,11513:2017,BIS,cr3,72083990,N,7.453,55905758,MATCHED
2000,R_HR>3MM_CO,Hot Rolled Black Coil 3mm & Above,26GJ0007R0,27.325,2001,3.6,1260,0011000144,JSW Vijayanagar Metallics Limited,26292638,5000104116,4600000312,80,29-06-26,101,HRC,COIL,11513:2017,BIS,cr2,72083890,N,7.453,43421499,MATCHED
2000,R_HR>3MM_CO,Hot Rolled Black Coil 3mm & Above,26GJ0008R0,27.21,2001,3.6,1230,0011000144,JSW Vijayanagar Metallics Limited,26292495,5000104117,4600000312,60,29-06-26,101,HRC,COIL,11513:2017,BIS,cr2,72083890,N,7.453,76679557,MATCHED
2000,R_HR>3MM_CO,Hot Rolled Black Coil 3mm & Above,26GJ0009R0,27.645,2001,3.6,1260,0011000144,JSW Vijayanagar Metallics Limited,26292636,5000104118,4600000312,80,29-06-26,101,HRC,COIL,11513:2017,BIS,cr2,72083890,N,7.453,43757585,MATCHED
2000,R_HR_CO,Hot Rolled Black Coil,26GJ0010R0,27.4,2001,2.2,1230,0011000144,JSW Vijayanagar Metallics Limited,26292541,5000104119,4600000312,10,29-06-26,101,HRC,COIL,11513:2017,BIS,cr3,72083990,N,7.453,23527792,MATCHED
2000,R_HR_CO,Hot Rolled Black Coil,26GJ0011R0,27.21,2001,2.5,1230,0011000144,JSW Vijayanagar Metallics Limited,26292521,5000104120,4600000312,30,29-06-26,101,HRC,COIL,11513:2017,BIS,cr3,72083990,N,7.453,38898827,MATCHED
2000,R_HR>3MM_CO,Hot Rolled Black Coil 3mm & Above,26GJ0012R0,27.32,2001,3.6,1230,0011000144,JSW Vijayanagar Metallics Limited,26292461,5000104121,4600000312,60,29-06-26,101,HRC,COIL,11513:2017,BIS,cr2,72083890,N,7.453,99999520,MATCHED
2000,R_HR>3MM_CO,Hot Rolled Black Coil 3mm & Above,26GJ0013R0,27.2,2001,3.6,1260,0011000144,JSW Vijayanagar Metallics Limited,26292490,5000104122,4600000312,80,29-06-26,101,HRC,COIL,11513:2017,BIS,cr2,72083890,N,7.453,17914552,MATCHED
2000,R_HR_CO,Hot Rolled Black Coil,26GJ0014R0,27.385,2001,2.5,1230,0011000144,JSW Vijayanagar Metallics Limited,26292617,5000104123,4600000312,30,29-06-26,101,HRC,COIL,11513:2017,BIS,cr3,72083990,N,7.453,64476765,MATCHED
2000,R_HR>3MM_CO,Hot Rolled Black Coil 3mm & Above,26GJ0015R0,27.17,2001,3.6,1230,0011000144,JSW Vijayanagar Metallics Limited,26292459,5000104124,4600000312,60,29-06-26,101,HRC,COIL,11513:2017,BIS,cr2,72083890,N,7.453,83405056,MATCHED
2000,R_HR_CO,Hot Rolled Black Coil,26GJ0016R0,27.26,2001,2.2,1230,0011000144,JSW Vijayanagar Metallics Limited,26292673,5000104125,4600000312,10,29-06-26,101,HRC,COIL,11513:2017,BIS,cr3,72083990,N,7.453,56566489,MATCHED
2000,R_HR_CO,Hot Rolled Black Coil,26GJ0017R0,27.28,2001,2.5,1230,0011000144,JSW Vijayanagar Metallics Limited,26292648,5000104126,4600000312,30,29-06-26,101,HRC,COIL,11513:2017,BIS,cr3,72083990,N,7.453,75686167,MATCHED
2000,R_HR>3MM_CO,Hot Rolled Black Coil 3mm & Above,26GJ0018R0,27.36,2001,3.6,1260,0011000144,JSW Vijayanagar Metallics Limited,26292564,5000104127,4600000312,80,29-06-26,101,HRC,COIL,11513:2017,BIS,cr2,72083890,N,7.453,16603520,MATCHED
2000,R_HR>3MM_CO,Hot Rolled Black Coil 3mm & Above,26GJ0019R0,27.55,2001,3,1260,0011000144,JSW Vijayanagar Metallics Limited,26292389,5000104128,4600000312,90,29-06-26,101,HRC,COIL,11513:2017,BIS,cr2,72083890,N,7.453,19012242,MATCHED
2000,R_HR>3MM_CO,Hot Rolled Black Coil 3mm & Above,26GJ0020R0,25.095,2001,3.6,1230,0011000144,JSW Vijayanagar Metallics Limited,26276448,5000104129,4600000312,60,29-06-26,101,HRC,COIL,11513:2017,BIS,cr2,72083890,N,7.453,18178274,MATCHED
2000,R_HR>3MM_CO,Hot Rolled Black Coil 3mm & Above,26GJ0021R0,27.185,2001,3.6,1230,0011000144,JSW Vijayanagar Metallics Limited,26292493,5000104130,4600000312,60,29-06-26,101,HRC,COIL,11513:2017,BIS,cr2,72083890,N,7.453,36401944,MATCHED
2000,R_HR_CO,Hot Rolled Black Coil,26GJ0022R0,27.355,2001,2.5,1230,0011000144,JSW Vijayanagar Metallics Limited,26292527,5000104131,4600000312,30,29-06-26,101,HRC,COIL,11513:2017,BIS,cr3,72083990,N,7.453,36327996,MATCHED
2000,R_HR_CO,Hot Rolled Black Coil,26GJ0023R0,27.235,2001,2.2,1260,0011000144,JSW Vijayanagar Metallics Limited,26292713,5000104136,4600000312,20,29-06-26,101,HRC,COIL,11513:2017,BIS,cr3,72083990,N,7.453,56863520,MATCHED
2000,R_HR_CO,Hot Rolled Black Coil,26GJ0024R0,27.285,2001,2.2,1230,0011000144,JSW Vijayanagar Metallics Limited,26292675,5000104138,4600000312,10,29-06-26,101,HRC,COIL,11513:2017,BIS,cr3,72083990,N,7.453,52676623,MATCHED
2000,R_HR_CO,Hot Rolled Black Coil,26GJ0025R0,27.31,2001,2.2,1230,0011000144,JSW Vijayanagar Metallics Limited,26292548,5000104139,4600000312,10,29-06-26,101,HRC,COIL,11513:2017,BIS,cr3,72083990,N,7.453,34720370,MATCHED
2000,R_HR>3MM_CO,Hot Rolled Black Coil 3mm & Above,26GJ0026R0,27.295,2001,3.6,1230,0011000144,JSW Vijayanagar Metallics Limited,26292460,5000104140,4600000312,60,29-06-26,101,HRC,COIL,11513:2017,BIS,cr2,72083890,N,7.453,72260010,MATCHED
2000,R_HR>3MM_CO,Hot Rolled Black Coil 3mm & Above,26GJ0027R0,27.395,2001,3.6,1260,0011000144,JSW Vijayanagar Metallics Limited,26292562,5000104141,4600000312,80,29-06-26,101,HRC,COIL,11513:2017,BIS,cr2,72083890,N,7.453,19188651,MATCHED
2000,R_HR_CO,Hot Rolled Black Coil,26GJ0028R0,27.31,2001,2.5,1230,0011000144,JSW Vijayanagar Metallics Limited,26292665,5000104142,4600000312,30,29-06-26,101,HRC,COIL,11513:2017,BIS,cr3,72083990,N,7.453,95675680,MATCHED
2000,R_HR_CO,Hot Rolled Black Coil,26GJ0029R0,27.28,2001,2.5,1230,0011000144,JSW Vijayanagar Metallics Limited,26292526,5000104143,4600000312,30,29-06-26,101,HRC,COIL,11513:2017,BIS,cr3,72083990,N,7.453,57935770,MATCHED
2000,R_HR_CO,Hot Rolled Black Coil,26GJ0030R0,27.335,2001,2.5,1230,0011000144,JSW Vijayanagar Metallics Limited,26292663,5000104145,4600000312,30,29-06-26,101,HRC,COIL,11513:2017,BIS,cr3,72083990,N,7.453,86591898,MATCHED
2000,R_HR_CO,Hot Rolled Black Coil,26GJ0031R0,27.36,2001,2.2,1230,0011000144,JSW Vijayanagar Metallics Limited,26292540,5000104146,4600000312,10,29-06-26,101,HRC,COIL,11513:2017,BIS,cr3,72083990,N,7.453,78056422,MATCHED
2000,R_HR_CO,Hot Rolled Black Coil,26GJ0032R0,27.305,2001,2.2,1260,0011000144,JSW Vijayanagar Metallics Limited,26292712,5000104148,4600000312,20,29-06-26,101,HRC,COIL,11513:2017,BIS,cr3,72083990,N,7.453,43357439,MATCHED
2000,R_HR_CO,Hot Rolled Black Coil,26GJ0033R0,25.39,2001,2.5,1230,0011000144,JSW Vijayanagar Metallics Limited,26292646,5000104149,4600000312,30,29-06-26,101,HRC,COIL,11513:2017,BIS,cr3,72083990,N,7.453,90126151,MATCHED
2000,R_HR_CO,Hot Rolled Black Coil,26GJ0034R0,27.26,2001,2.5,1230,0011000144,JSW Vijayanagar Metallics Limited,26292670,5000104150,4600000312,30,29-06-26,101,HRC,COIL,11513:2017,BIS,cr3,72083990,N,7.453,19732810,MATCHED
2000,R_HR_CO,Hot Rolled Black Coil,26GJ0035R0,27.185,2001,2.2,1260,0011000144,JSW Vijayanagar Metallics Limited,26292714,5000104151,4600000312,20,29-06-26,101,HRC,COIL,11513:2017,BIS,cr3,72083990,N,7.453,41065669,MATCHED
2000,R_HR_CO,Hot Rolled Black Coil,26GJ0036R0,27.3,2001,2.2,1230,0011000144,JSW Vijayanagar Metallics Limited,26292549,5000104152,4600000312,10,29-06-26,101,HRC,COIL,11513:2017,BIS,cr3,72083990,N,7.453,61548192,MATCHED
2000,R_HR_CO,Hot Rolled Black Coil,26GJ0037R0,27.28,2001,2.5,1230,0011000144,JSW Vijayanagar Metallics Limited,26292524,5000104153,4600000312,30,29-06-26,101,HRC,COIL,11513:2017,BIS,cr3,72083990,N,7.453,16904290,MATCHED
2000,R_HR_CO,Hot Rolled Black Coil,26GJ0038R0,25.375,2001,2.5,1230,0011000144,JSW Vijayanagar Metallics Limited,26292650,5000104154,4600000312,30,29-06-26,101,HRC,COIL,11513:2017,BIS,cr3,72083990,N,7.453,65619852,MATCHED
2000,R_HR_CO,Hot Rolled Black Coil,26GJ0039R0,24.885,2001,2.2,1230,0011000144,JSW Vijayanagar Metallics Limited,26292537,5000104155,4600000312,10,29-06-26,101,HRC,COIL,11513:2017,BIS,cr3,72083990,N,7.453,72251764,MATCHED
2000,R_HR_CO,Hot Rolled Black Coil,26GJ0040R0,24.305,2001,2.5,1230,0011000144,JSW Vijayanagar Metallics Limited,26292668,5000104156,4600000312,30,29-06-26,101,HRC,COIL,11513:2017,BIS,cr3,72083990,N,7.453,24492857,MATCHED
2000,R_HR_CO,Hot Rolled Black Coil,26GJ0041R0,27.38,2001,2.2,1230,0011000144,JSW Vijayanagar Metallics Limited,26292672,5000104157,4600000312,10,29-06-26,101,HRC,COIL,11513:2017,BIS,cr3,72083990,N,7.453,13941339,MATCHED
2000,R_HR_CO,Hot Rolled Black Coil,26GJ0042R0,24.375,2001,2.5,1230,0011000144,JSW Vijayanagar Metallics Limited,26292666,5000104158,4600000312,30,29-06-26,101,HRC,COIL,11513:2017,BIS,cr3,72083990,N,7.453,13887935,MATCHED
2000,R_HR_CO,Hot Rolled Black Coil,26GJ0043R0,27.21,2001,2.2,1230,0011000144,JSW Vijayanagar Metallics Limited,26292539,5000104159,4600000312,10,29-06-26,101,HRC,COIL,11513:2017,BIS,cr3,72083990,N,7.453,94900617,MATCHED
2000,R_HR_CO,Hot Rolled Black Coil,26GJ0044R0,24.28,2001,2.5,1230,0011000144,JSW Vijayanagar Metallics Limited,26292647,5000104160,4600000312,30,29-06-26,101,HRC,COIL,11513:2017,BIS,cr3,72083990,N,7.453,60783597,MATCHED
2000,R_HR_CO,Hot Rolled Black Coil,26GJ0045R0,27.35,2001,2.5,1260,0011000144,JSW Vijayanagar Metallics Limited,26292585,5000104161,4600000312,40,29-06-26,101,HRC,COIL,11513:2017,BIS,cr3,72083990,N,7.453,97590303,MATCHED
2000,R_HR_CO,Hot Rolled Black Coil,26GJ0046R0,27.35,2001,2.5,1260,0011000144,JSW Vijayanagar Metallics Limited,26292710,5000104162,4600000312,40,29-06-26,101,HRC,COIL,11513:2017,BIS,cr3,72083990,N,7.453,68515303,MATCHED
2000,R_HR_CO,Hot Rolled Black Coil,26GJ0047R0,27.295,2001,2.2,1230,0011000144,JSW Vijayanagar Metallics Limited,26292546,5000104173,4600000312,10,29-06-26,101,HRC,COIL,11513:2017,BIS,cr3,72083990,N,7.453,51965741,MATCHED
2000,R_HR_CO,Hot Rolled Black Coil,26GJ0048R0,27.245,2001,2.2,1230,11000144,JVML-VJNR,26292545,5000101411,4600000312,10,30-06-26,101,HRC,COIL,11513:2017,BIS,cr2,72083890,N,7.453,85383532,MATCHED
2000,R_HR_CO,Hot Rolled Black Coil,26GJ0049R0,27.27,2001,2.5,1230,0011000144,JSW Vijayanagar Metallics Limited,26292529,5000104177,4600000312,30,29-06-26,101,HRC,COIL,11513:2017,BIS,cr3,72083990,N,7.453,71485787,MATCHED
2000,R_HR_CO,Hot Rolled Black Coil,26GJ0050R0,27.335,2001,2.2,1230,0011000144,JSW Vijayanagar Metallics Limited,26292550,5000104179,4600000312,10,29-06-26,101,HRC,COIL,11513:2017,BIS,cr3,72083990,N,7.453,79550528,MATCHED
2000,R_HR_CO,Hot Rolled Black Coil,26GJ0051R0,27.39,2001,2.5,1230,0011000144,JSW Vijayanagar Metallics Limited,26292651,5000104180,4600000312,30,29-06-26,101,HRC,COIL,11513:2017,BIS,cr3,72083990,N,7.453,60198338,MATCHED
2000,R_HR_CO,Hot Rolled Black Coil,26GJ0052R0,27.29,2001,2.2,1230,0011000144,JSW Vijayanagar Metallics Limited,26292542,5000104181,4600000312,10,29-06-26,101,HRC,COIL,11513:2017,BIS,cr3,72083990,N,7.453,70884388,MATCHED
2000,R_HR_CO,Hot Rolled Black Coil,26GJ0053R0,27.39,2001,2.5,1230,0011000144,JSW Vijayanagar Metallics Limited,26292620,5000104182,4600000312,30,29-06-26,101,HRC,COIL,11513:2017,BIS,cr3,72083990,N,7.453,21419066,MATCHED
2000,R_HR_CO,Hot Rolled Black Coil,26GJ0054R0,27.305,2001,2.5,1230,11000144,JSW Vijayanagar Metallics Limited,26292618,5000104183,4600000312,30,29-06-26,101,HRC,COIL,11513:2017,BIS,cr3,72083990,N,7.453,15991448,MATCHED
2000,R_HR_CO,Hot Rolled Black Coil,26GJ0055R0,23.32,2001,2,1260,0011000144,JSW Vijayanagar Metallics Limited,26292613,5000104185,4600000312,50,29-06-26,101,HRC,COIL,11513:2017,BIS,cr3,72083990,N,7.453,99924966,MATCHED
2000,R_HR_CO,Hot Rolled Black Coil,26GJ0056R0,23.375,2001,2,1260,0011000144,JSW Vijayanagar Metallics Limited,26292612,5000104186,4600000312,50,29-06-26,101,HRC,COIL,11513:2017,BIS,cr3,72083990,N,7.453,24019846,MATCHED
2000,R_HR_CO,Hot Rolled Black Coil,26GJ0057R0,27.26,2001,2.5,1230,0011000144,JSW Vijayanagar Metallics Limited,26292522,5000104187,4600000312,30,29-06-26,101,HRC,COIL,11513:2017,BIS,cr3,72083990,N,7.453,85644088,MATCHED
2000,R_HR_CO,Hot Rolled Black Coil,26GJ0058R0,27.395,2001,2.5,1230,0011000144,JSW Vijayanagar Metallics Limited,26292609,5000104188,4600000312,30,29-06-26,101,HRC,COIL,11513:2017,BIS,cr3,72083990,N,7.453,39135338,MATCHED
2000,R_HR_CO,Hot Rolled Black Coil,26GJ0059R0,27.28,2001,2.5,1230,0011000144,JSW Vijayanagar Metallics Limited,26292662,5000104200,4600000312,30,29-06-26,101,HRC,COIL,11513:2017,BIS,cr3,72083990,N,7.453,85108235,MATCHED
2000,R_HR_CO,Hot Rolled Black Coil,26GJ0060R0,27.29,2001,2.5,1230,0011000144,JSW Vijayanagar Metallics Limited,26292644,5000104201,4600000312,30,29-06-26,101,HRC,COIL,11513:2017,BIS,cr3,72083990,N,7.453,35959863,MATCHED
2000,R_HR_CO,Hot Rolled Black Coil,26GJ0061R0,27.395,2001,2.5,1230,0011000144,JSW Vijayanagar Metallics Limited,26292619,5000104202,4600000312,30,29-06-26,101,HRC,COIL,11513:2017,BIS,cr3,72083990,N,7.453,82306717,MATCHED
2000,R_HR_CO,Hot Rolled Black Coil,26GJ0062R0,27.27,2001,2.5,1260,0011000144,JSW Vijayanagar Metallics Limited,26292582,5000104203,4600000312,40,29-06-26,101,HRC,COIL,11513:2017,BIS,cr3,72083990,N,7.453,46582633,MATCHED
2000,R_HR_CO,Hot Rolled Black Coil,26GJ0063R0,27.265,2001,2.5,1260,0011000144,JSW Vijayanagar Metallics Limited,26292587,5000104204,4600000312,40,29-06-26,101,HRC,COIL,11513:2017,BIS,cr3,72083990,N,7.453,74217767,MATCHED
2000,R_HR_CO,Hot Rolled Black Coil,26GJ0064R0,27.345,2001,2.5,1260,0011000144,JSW Vijayanagar Metallics Limited,26292578,5000104205,4600000312,40,29-06-26,101,HRC,COIL,11513:2017,BIS,cr3,72083990,N,7.453,98982241,MATCHED
2000,R_HR_CO,Hot Rolled Black Coil,26GJ0065R0,27.37,2001,2.5,1260,0011000144,JSW Vijayanagar Metallics Limited,26292586,5000104206,4600000312,40,29-06-26,101,HRC,COIL,11513:2017,BIS,cr3,72083990,N,7.453,71798971,MATCHED
2000,R_HR_CO,Hot Rolled Black Coil,26GJ0066R0,27.41,2001,2.5,1260,0011000144,JSW Vijayanagar Metallics Limited,26292581,5000104207,4600000312,40,29-06-26,101,HRC,COIL,11513:2017,BIS,cr3,72083990,N,7.453,73986990,MATCHED
2000,R_HR_CO,Hot Rolled Black Coil,26GJ0067R0,27.405,2001,2.5,1260,0011000144,JSW Vijayanagar Metallics Limited,26292579,5000104208,4600000312,40,29-06-26,101,HRC,COIL,11513:2017,BIS,cr3,72083990,N,7.453,88256238,MATCHED
2000,R_HR_CO,Hot Rolled Black Coil,26GJ0068R0,27.355,2001,2.5,1260,0011000144,JSW Vijayanagar Metallics Limited,26292709,5000104210,4600000312,40,29-06-26,101,HRC,COIL,11513:2017,BIS,cr3,72083990,N,7.453,56782899,MATCHED
2000,R_HR_CO,Hot Rolled Black Coil,26GJ0069R0,24.865,2001,2.2,1230,0011000144,JSW Vijayanagar Metallics Limited,26292538,5000104211,4600000312,10,29-06-26,101,HRC,COIL,11513:2017,BIS,cr3,72083990,N,7.453,74491053,MATCHED
2000,R_HR_CO,Hot Rolled Black Coil,26GJ0070R0,23.325,2001,2.2,1230,0011000144,JSW Vijayanagar Metallics Limited,26292611,5000104212,4600000312,10,29-06-26,101,HRC,COIL,11513:2017,BIS,cr3,72083990,N,7.453,62327625,MATCHED
2000,R_HR_CO,Hot Rolled Black Coil,26GJ0071R0,27.3,2001,2.5,1260,0011000144,JSW Vijayanagar Metallics Limited,26292711,5000104213,4600000312,40,29-06-26,101,HRC,COIL,11513:2017,BIS,cr3,72083990,N,7.453,55055695,MATCHED
2000,R_HR>3MM_CO,Hot Rolled Black Coil 3mm & Above,26GJ0072R0,27.255,2001,3.6,1260,0011000144,JSW Vijayanagar Metallics Limited,26292486,5000104214,4600000312,80,29-06-26,101,HRC,COIL,11513:2017,BIS,cr2,72083890,N,7.453,10816038,MATCHED
2000,R_HR>3MM_CO,Hot Rolled Black Coil 3mm & Above,26GJ0073R0,27.245,2001,3.6,1230,0011000144,JSW Vijayanagar Metallics Limited,26292457,5000104215,4600000312,60,29-06-26,101,HRC,COIL,11513:2017,BIS,cr2,72083890,N,7.453,92418416,MATCHED
2000,R_HR>3MM_CO,Hot Rolled Black Coil 3mm & Above,26GJ0074R0,27.225,2001,3.6,1260,0011000144,JSW Vijayanagar Metallics Limited,26292488,5000104217,4600000312,80,29-06-26,101,HRC,COIL,11513:2017,BIS,cr2,72083890,N,7.453,42455878,MATCHED
2000,R_HR>3MM_CO,Hot Rolled Black Coil 3mm & Above,26GJ0075R0,27.25,2001,3.6,1230,0011000144,JSW Vijayanagar Metallics Limited,26292498,5000104218,4600000312,60,29-06-26,101,HRC,COIL,11513:2017,BIS,cr2,72083890,N,7.453,59436625,MATCHED
2000,R_HR>3MM_CO,Hot Rolled Black Coil 3mm & Above,26GJ0076R0,27.195,2001,3,1260,0011000144,JSW Vijayanagar Metallics Limited,26292391,5000104221,4600000312,90,29-06-26,101,HRC,COIL,11513:2017,BIS,cr2,72083890,N,7.453,68202827,MATCHED
2000,R_HR>3MM_CO,Hot Rolled Black Coil 3mm & Above,26GJ0077R0,27.34,2001,3.6,1260,0011000144,JSW Vijayanagar Metallics Limited,26292433,5000104223,4600000312,80,29-06-26,101,HRC,COIL,11513:2017,BIS,cr2,72083890,N,7.453,29646828,MATCHED
2000,R_HR_CO,Hot Rolled Black Coil,26GJ0078R0,27.32,2001,2.5,1230,0011000144,JSW Vijayanagar Metallics Limited,26292645,5000104225,4600000312,30,29-06-26,101,HRC,COIL,11513:2017,BIS,cr3,72083990,N,7.453,45782296,MATCHED
2000,R_HR>3MM_CO,Hot Rolled Black Coil 3mm & Above,26GJ0079R0,27.27,2001,3.6,1230,0011000144,JSW Vijayanagar Metallics Limited,26292494,5000104227,4600000312,60,29-06-26,101,HRC,COIL,11513:2017,BIS,cr2,72083890,N,7.453,60528751,MATCHED
2000,R_HR>3MM_CO,Hot Rolled Black Coil 3mm & Above,26GJ0080R0,27.215,2001,3.6,1260,0011000144,JSW Vijayanagar Metallics Limited,26292431,5000104228,4600000312,80,29-06-26,101,HRC,COIL,11513:2017,BIS,cr2,72083890,N,7.453,96423542,MATCHED
2000,R_HR_CO,Hot Rolled Black Coil,26GJ0081R0,24.895,2001,2.5,1260,0011000144,JSW Vijayanagar Metallics Limited,26292580,5000104229,4600000312,40,29-06-26,101,HRC,COIL,11513:2017,BIS,cr3,72083990,N,7.453,99743371,MATCHED
2000,R_HR_CO,Hot Rolled Black Coil,26GJ0082R0,27.345,2001,2.2,1260,0011000144,JSW Vijayanagar Metallics Limited,26292715,5000104230,4600000312,20,29-06-26,101,HRC,COIL,11513:2017,BIS,cr3,72083990,N,7.453,13391548,MATCHED
2000,R_HR_CO,Hot Rolled Black Coil,26GJ0083R0,24.87,2001,2.2,1230,0011000144,JSW Vijayanagar Metallics Limited,26292536,5000104231,4600000312,10,29-06-26,101,HRC,COIL,11513:2017,BIS,cr3,72083990,N,7.453,22201960,MATCHED
2000,R_HR_CO,Hot Rolled Black Coil,26GJ0084R0,27.29,2001,2.5,1260,0011000144,JSW Vijayanagar Metallics Limited,26292584,5000104232,4600000312,40,29-06-26,101,HRC,COIL,11513:2017,BIS,cr3,72083990,N,7.453,95052305,MATCHED
2000,R_HR_CO,Hot Rolled Black Coil,26GJ0085R0,27.335,2001,2.5,1230,0011000144,JSW Vijayanagar Metallics Limited,26292643,5000104233,4600000312,30,29-06-26,101,HRC,COIL,11513:2017,BIS,cr3,72083990,N,7.453,27554508,MATCHED
2000,R_HR_CO,Hot Rolled Black Coil,26GJ0086R0,27.255,2001,2.5,1230,0011000144,JSW Vijayanagar Metallics Limited,26292528,5000104234,4600000312,30,29-06-26,101,HRC,COIL,11513:2017,BIS,cr3,72083990,N,7.453,93041139,MATCHED
2000,R_HR_CO,Hot Rolled Black Coil,26GJ0087R0,27.265,2001,2.2,1230,0011000144,JSW Vijayanagar Metallics Limited,26292671,5000104235,4600000312,10,29-06-26,101,HRC,COIL,11513:2017,BIS,cr3,72083990,N,7.453,27500430,MATCHED
2000,R_HR_CO,Hot Rolled Black Coil,26GJ0088R0,27.27,2001,2.5,1230,0011000144,JSW Vijayanagar Metallics Limited,26292616,5000104236,4600000312,30,29-06-26,101,HRC,COIL,11513:2017,BIS,cr3,72083990,N,7.453,73133099,MATCHED
2000,R_HR_CO,Hot Rolled Black Coil,26GJ0089R0,27.215,2001,2.5,1230,0011000144,JSW Vijayanagar Metallics Limited,26292661,5000104237,4600000312,30,29-06-26,101,HRC,COIL,11513:2017,BIS,cr3,72083990,N,7.453,50023988,MATCHED
2000,R_HR_CO,Hot Rolled Black Coil,26GJ0090R0,27.25,2001,2.5,1260,0011000144,JSW Vijayanagar Metallics Limited,26292583,5000104238,4600000312,40,29-06-26,101,HRC,COIL,11513:2017,BIS,cr3,72083990,N,7.453,74708060,MATCHED
2000,R_HR>3MM_CO,Hot Rolled Black Coil 3mm & Above,26GJ0091R0,27.385,2001,3.6,1260,0011000144,JSW Vijayanagar Metallics Limited,26292637,5000104239,4600000312,80,29-06-26,101,HRC,COIL,11513:2017,BIS,cr2,72083890,N,7.453,60665541,MATCHED
2000,R_HR>3MM_CO,Hot Rolled Black Coil 3mm & Above,26GJ0092R0,27.285,2001,3,1260,0011000144,JSW Vijayanagar Metallics Limited,26292390,5000104241,4600000312,90,29-06-26,101,HRC,COIL,11513:2017,BIS,cr2,72083890,N,7.453,43958215,MATCHED
2000,R_HR>3MM_CO,Hot Rolled Black Coil 3mm & Above,26GJ0093R0,27.405,2001,3.6,1260,0011000144,JSW Vijayanagar Metallics Limited,26292563,5000104242,4600000312,80,29-06-26,101,HRC,COIL,11513:2017,BIS,cr2,72083890,N,7.453,59865878,MATCHED
2000,R_HR>3MM_CO,Hot Rolled Black Coil 3mm & Above,26GJ0094R0,27.315,2001,3.6,1260,0011000144,JSW Vijayanagar Metallics Limited,26292430,5000104244,4600000312,80,29-06-26,101,HRC,COIL,11513:2017,BIS,cr2,72083890,N,7.453,62436573,MATCHED
2000,R_HR>3MM_CO,Hot Rolled Black Coil 3mm & Above,26GJ0095R0,27.22,2001,3.6,1230,0011000144,JSW Vijayanagar Metallics Limited,26292497,5000104245,4600000312,60,29-06-26,101,HRC,COIL,11513:2017,BIS,cr3,72083890,N,7.453,49679363,MATCHED
2000,R_HR>3MM_CO,Hot Rolled Black Coil 3mm & Above,26GJ0096R0,27.345,2001,3.6,1260,0011000144,JSW Vijayanagar Metallics Limited,26292639,5000104246,4600000312,90,29-06-26,101,HRC,COIL,11513:2017,BIS,cr2,72083890,N,7.453,90648877,MATCHED
2000,R_HR_CO,Hot Rolled Black Coil,26GJ0097R0,27.315,2001,2.5,1230,0011000144,JSW Vijayanagar Metallics Limited,26292615,5000104248,4600000312,30,29-06-26,101,HRC,COIL,11513:2017,BIS,cr3,72083990,N,7.453,16237471,MATCHED
2000,R_HR>3MM_CO,Hot Rolled Black Coil 3mm & Above,26GJ0098R0,27.21,2001,3.6,1230,0011000144,JSW Vijayanagar Metallics Limited,26292492,5000104249,4600000312,60,29-06-26,101,HRC,COIL,11513:2017,BIS,cr2,72083890,N,7.453,84936420,MATCHED
2000,R_HR>3MM_CO,Hot Rolled Black Coil 3mm & Above,26GJ0099R0,27.335,2001,3.6,1260,0011000144,JSW Vijayanagar Metallics Limited,26292429,5000104254,4600000312,80,29-06-26,101,HRC,COIL,11513:2017,BIS,cr2,72083890,N,7.453,54529168,MATCHED
2000,R_HR>3MM_CO,Hot Rolled Black Coil 3mm & Above,26GJ0100R0,27.56,2001,3,1260,0011000144,JSW Vijayanagar Metallics Limited,26292392,5000104256,4600000312,90,29-06-26,101,HRC,COIL,11513:2017,BIS,cr2,72083890,N,7.453,91794113,MATCHED
2000,R_HR_CO,Hot Rolled Black Coil,26GJ0101R0,27.385,2001,2.5,1230,0011000144,JSW Vijayanagar Metallics Limited,26292664,5000104272,4600000312,30,29-06-26,101,HRC,COIL,11513:2017,BIS,cr3,72083990,N,7.453,69734061,MATCHED
2000,R_HR_CO,Hot Rolled Black Coil,26GJ0102R0,27.27,2001,2.5,1230,0011000144,JSW Vijayanagar Metallics Limited,26292669,5000104273,4600000312,30,29-06-26,101,HRC,COIL,11513:2017,BIS,cr3,72083990,N,7.453,58611173,MATCHED
2000,R_HR_CO,Hot Rolled Black Coil,26GJ0103R0,27.26,2001,2.5,1230,0011000144,JSW Vijayanagar Metallics Limited,26292667,5000104274,4600000312,30,29-06-26,101,HRC,COIL,11513:2017,BIS,cr3,72083990,N,7.453,57296342,MATCHED
2000,R_HR>3MM_CO,Hot Rolled Black Coil 3mm & Above,26GJ0104R0,27.585,2001,3.6,1260,0011000144,JSW Vijayanagar Metallics Limited,26292560,5000104275,4600000312,80,29-06-26,101,HRC,COIL,11513:2017,BIS,cr2,72083890,N,7.453,47715815,MATCHED
2000,R_HR_CO,Hot Rolled Black Coil,26GJ0105R0,27.335,2001,2.5,1230,0011000144,JSW Vijayanagar Metallics Limited,26292523,5000104276,4600000312,30,29-06-26,101,HRC,COIL,11513:2017,BIS,cr3,72083990,N,7.453,76639945,MATCHED
2000,R_HR>3MM_CO,Hot Rolled Black Coil 3mm & Above,26GJ0106R0,27.275,2001,3,1260,0011000144,JSW Vijayanagar Metallics Limited,26292641,5000104277,4600000312,90,29-06-26,101,HRC,COIL,11513:2017,BIS,cr2,72083890,N,7.453,25109703,MATCHED
2000,R_HR>3MM_CO,Hot Rolled Black Coil 3mm & Above,26GJ0107R0,27.305,2001,3,1260,0011000144,JSW Vijayanagar Metallics Limited,26292640,5000104278,4600000312,90,29-06-26,101,HRC,COIL,11513:2017,BIS,cr2,72083890,N,7.453,20340656,MATCHED
2000,R_HR_CO,Hot Rolled Black Coil,26GJ0108R0,27.37,2001,2.2,1230,0011000144,JSW Vijayanagar Metallics Limited,26292543,5000104280,4600000312,10,29-06-26,101,HRC,COIL,11513:2017,BIS,cr3,72083990,N,7.453,18807962,MATCHED
2000,R_HR>3MM_CO,Hot Rolled Black Coil 3mm & Above,26GJ0109R0,27.355,2001,3.6,1260,0011000144,JSW Vijayanagar Metallics Limited,26292561,5000104281,4600000312,80,29-06-26,101,HRC,COIL,11513:2017,BIS,cr2,72083890,N,7.453,81988496,MATCHED
2000,R_HR>3MM_CO,Hot Rolled Black Coil 3mm & Above,26GJ0110R0,27.245,2001,3.6,1230,0011000144,JSW Vijayanagar Metallics Limited,26292458,5000104282,4600000312,60,29-06-26,101,HRC,COIL,11513:2017,BIS,cr2,72083890,N,7.453,63143058,MATCHED
2000,R_HR>3MM_CO,Hot Rolled Black Coil 3mm & Above,26GJ0111R0,27.325,2001,3.6,1260,0011000144,JSW Vijayanagar Metallics Limited,26292487,5000104283,4600000312,80,29-06-26,101,HRC,COIL,11513:2017,BIS,cr2,72083890,N,7.453,65857413,MATCHED
2000,R_HR>3MM_CO,Hot Rolled Black Coil 3mm & Above,26GJ0112R0,27.315,2001,3.6,1230,0011000144,JSW Vijayanagar Metallics Limited,26292491,5000104284,4600000312,60,29-06-26,101,HRC,COIL,11513:2017,BIS,cr2,72083890,N,7.453,96554872,MATCHED
2000,R_HR>3MM_CO,Hot Rolled Black Coil 3mm & Above,26GJ0113R0,27.325,2001,3.6,1260,0011000144,JSW Vijayanagar Metallics Limited,26292432,5000104285,4600000312,80,29-06-26,101,HRC,COIL,11513:2017,BIS,cr3,72083890,N,7.453,41668559,MATCHED
2000,R_HR>3MM_CO,Hot Rolled Black Coil 3mm & Above,26GJ0114R0,27.26,2001,3.6,1260,0011000144,JSW Vijayanagar Metallics Limited,26292489,5000104286,4600000312,80,29-06-26,101,HRC,COIL,11513:2017,BIS,cr2,72083890,N,7.453,79674242,MATCHED
2000,R_HR>3MM_CO,Hot Rolled Black Coil 3mm & Above,26GJ0115R0,27.285,2001,3.6,1230,0011000144,JSW Vijayanagar Metallics Limited,26292496,5000104287,4600000312,70,29-06-26,101,HRC,COIL,11513:2017,BIS,cr2,72083890,N,7.453,65080838,MATCHED
2000,R_HR_CO,Hot Rolled Black Coil,26GJ0224R0,21.185,2001,2.2,1230,0011000139,JSW Steel Limited,26055256,5000104811,4600000317,20,08-07-26,101,HRC,COIL,11513:2017,BIS,cr3,72083990,N,7.453,50285332,MATCHED
2000,R_HR_CO,Hot Rolled Black Coil,26GJ0225R0,21.17,2001,2.5,1230,11000139,JSW-VJNR,26055201,5000104818,4600000317,30,10-07-26,101,HRC,COIL,11513:2017,BIS,cr3,72083990,N,7.453,97272690,MATCHED
2000,R_HR_CO,Hot Rolled Black Coil,26GJ0226R0,21.45,2001,2.5,1230,0011000139,JSW Steel Limited,26055426,5000104822,4600000317,30,08-07-26,101,HRC,COIL,11513:2017,BIS,cr3,72083990,N,7.453,54069034,MATCHED
2000,R_HR_CO,Hot Rolled Black Coil,26GJ0227R0,21.295,2001,2.5,1230,0011000139,JSW Steel Limited,26055315,5000104823,4600000317,30,08-07-26,101,HRC,COIL,11513:2017,BIS,cr3,72083990,N,7.453,20176452,MATCHED
2000,R_HR_CO,Hot Rolled Black Coil,26GJ0228R0,17.925,2001,2.5,1230,0011000139,JSW Steel Limited,26055375,5000104827,4600000317,30,08-07-26,101,HRC,COIL,11513:2017,BIS,cr3,72083990,N,7.453,38275562,MATCHED
2000,R_HR_CO,Hot Rolled Black Coil,26GJ0229R0,20.81,2001,2.5,1230,0011000139,JSW Steel Limited,26056182,5000104828,4600000317,30,08-07-26,101,HRC,COIL,11513:2017,BIS,cr3,72083990,N,7.453,94273129,MATCHED
2000,R_HR_CO,Hot Rolled Black Coil,26GJ0230R0,21.465,2001,2.5,1230,0011000139,JSW Steel Limited,26055314,5000104830,4600000317,30,08-07-26,101,HRC,COIL,11513:2017,BIS,cr3,72083990,N,7.453,18865984,MATCHED
2000,R_HR_CO,Hot Rolled Black Coil,26GJ0231R0,20.945,2001,2.8,1260,0011000139,JSW Steel Limited,26055191,5000104831,4600000317,70,08-07-26,101,HRC,COIL,11513:2017,BIS,cr3,72083990,N,7.453,17451735,MATCHED
2000,R_HR_CO,Hot Rolled Black Coil,26GJ0232R0,21.065,2001,2.8,1260,0011000139,JSW Steel Limited,26055193,5000104832,4600000317,70,08-07-26,101,HRC,COIL,11513:2017,BIS,cr3,72083990,N,7.453,86819211,MATCHED
2000,R_HR>3MM_CO,Hot Rolled Black Coil 3mm & Above,26GJ0233R0,20.95,2001,3,1265,0011000139,JSW Steel Limited,26055182,5000104833,4600000317,90,08-07-26,101,HRC,COIL,11513:2017,BIS,cr3,72083890,N,7.453,93375614,MATCHED
2000,R_HR_CO,Hot Rolled Black Coil,26GJ0234R0,21.02,2001,2,1235,0011000139,JSW Steel Limited,26056175,5000104839,4600000317,10,08-07-26,101,HRC,COIL,11513:2017,BIS,cr3,72083990,N,7.453,85256943,MATCHED
2000,R_HR_CO,Hot Rolled Black Coil,26GJ0235R0,20.225,2001,2.8,1260,0011000139,JSW Steel Limited,26055189,5000104840,4600000317,70,08-07-26,101,HRC,COIL,11513:2017,BIS,cr3,72083990,N,7.453,36807746,MATCHED
2000,R_HR_CO,Hot Rolled Black Coil,26GJ0236R0,21.48,2001,2.2,1230,0011000139,JSW Steel Limited,26055249,5000104841,4600000317,20,08-07-26,101,HRC,COIL,11513:2017,BIS,cr3,72083990,N,7.453,22223078,MATCHED
2000,R_HR_CO,Hot Rolled Black Coil,26GJ0237R0,21.47,2001,2.2,1230,0011000139,JSW Steel Limited,26055255,5000104842,4600000317,20,08-07-26,101,HRC,COIL,11513:2017,BIS,cr3,72083990,N,7.453,93145959,MATCHED
2000,R_HR_CO,Hot Rolled Black Coil,26GJ0238R0,21.36,2001,2.5,1230,0011000139,JSW Steel Limited,26055198,5000104843,4600000317,30,08-07-26,101,HRC,COIL,11513:2017,BIS,cr3,72083990,N,7.453,37827757,MATCHED
2000,R_HR_CO,Hot Rolled Black Coil,26GJ0239R0,21.28,2001,2.5,1230,0011000139,JSW Steel Limited,26055199,5000104844,4600000317,30,08-07-26,101,HRC,COIL,11513:2017,BIS,cr3,72083990,N,7.453,32484285,MATCHED
2000,R_HR_CO,Hot Rolled Black Coil,26GJ0240R0,21.205,2001,2.8,1260,0011000139,JSW Steel Limited,26055185,5000104845,4600000317,70,08-07-26,101,HRC,COIL,11513:2017,BIS,cr3,72083990,N,7.453,78935745,MATCHED
2000,R_HR_CO,Hot Rolled Black Coil,26GJ0241R0,21.21,2001,2.8,1260,0011000139,JSW Steel Limited,26055466,5000104846,4600000317,70,08-07-26,101,HRC,COIL,11513:2017,BIS,cr3,72083990,N,7.453,27857211,MATCHED
2000,R_HR_CO,Hot Rolled Black Coil,26GJ0242R0,21.24,2001,2,1235,0011000139,JSW Steel Limited,26056177,5000104847,4600000317,10,08-07-26,101,HRC,COIL,11513:2017,BIS,cr3,72083990,N,7.453,75841097,MATCHED
2000,R_HR_CO,Hot Rolled Black Coil,26GJ0243R0,21.305,2001,2.5,1230,0011000139,JSW Steel Limited,26055301,5000104848,4600000317,30,08-07-26,101,HRC,COIL,11513:2017,BIS,cr3,72083990,N,7.453,67867246,MATCHED
2000,R_HR_CO,Hot Rolled Black Coil,26GJ0244R0,17.03,2001,2,1235,0011000139,JSW Steel Limited,26056734,5000104867,4600000317,10,08-07-26,101,HRC,COIL,11513:2017,BIS,cr3,72083990,N,7.453,61978125,MATCHED
2000,R_HR_CO,Hot Rolled Black Coil,26GJ0245R0,21.325,2001,2.2,1230,0011000139,JSW Steel Limited,26055252,5000104870,4600000317,20,08-07-26,101,HRC,COIL,11513:2017,BIS,cr3,72083990,N,7.453,26362019,MATCHED
2000,R_HR_CO,Hot Rolled Black Coil,26GJ0246R0,21.38,2001,2.5,1230,0011000139,JSW Steel Limited,26055380,5000104873,4600000317,30,08-07-26,101,HRC,COIL,11513:2017,BIS,cr3,72083990,N,7.453,54839447,MATCHED
2000,R_HR_CO,Hot Rolled Black Coil,26GJ0247R0,21.36,2001,2,1235,0011000139,JSW Steel Limited,26056670,5000104874,4600000317,10,08-07-26,101,HRC,COIL,11513:2017,BIS,cr3,72083990,N,7.453,64904849,MATCHED
2000,R_HR_CO,Hot Rolled Black Coil,26GJ0248R0,21.3,2001,2.5,1230,0011000139,JSW Steel Limited,26055376,5000104877,4600000317,30,08-07-26,101,HRC,COIL,11513:2017,BIS,cr3,72083990,N,7.453,61085660,MATCHED
2000,R_HR_CO,Hot Rolled Black Coil,26GJ0249R0,21,2001,2.2,1230,0011000139,JSW Steel Limited,26055321,5000104882,4600000317,20,08-07-26,101,HRC,COIL,11513:2017,BIS,cr3,72083990,N,7.453,31816165,MATCHED
2000,R_HR>3MM_CO,Hot Rolled Black Coil 3mm & Above,26GJ0250R0,25.465,2001,3,1260,11000144,JVML-VJNR,26294063,5000104888,4600000316,80,11-07-26,101,HRC,COIL,11513:2017,BIS,cr3,72083990,N,7.453,96364010,MATCHED
2000,R_HR_CO,Hot Rolled Black Coil,26GJ0251R0,20.905,2001,2,1235,0011000139,JSW Steel Limited,26056677,5000104894,4600000317,10,08-07-26,101,HRC,COIL,11513:2017,BIS,cr3,72083990,N,7.453,71338397,MATCHED
2000,R_HR_CO,Hot Rolled Black Coil,26GJ0252R0,21.54,2001,2.2,1230,0011000139,JSW Steel Limited,26055259,5000104897,4600000317,20,08-07-26,101,HRC,COIL,11513:2017,BIS,cr3,72083990,N,7.453,36013189,MATCHED
2000,R_HR_CO,Hot Rolled Black Coil,26GJ0253R0,27.315,2001,2.2,1230,0011000144,JSW Vijayanagar Metallics Limited,26292674,5000104898,4600000316,20,08-07-26,101,HRC,COIL,11513:2017,BIS,cr3,72083990,N,7.453,83691526,MATCHED
2000,R_HR_CO,Hot Rolled Black Coil,26GJ0254R0,20.99,2001,2.5,1230,0011000139,JSW Steel Limited,26056283,5000104899,4600000317,30,08-07-26,101,HRC,COIL,11513:2017,BIS,cr3,72083990,N,7.453,63071619,MATCHED
2000,R_HR_CO,Hot Rolled Black Coil,26GJ0255R0,21.35,2001,2.5,1230,0011000139,JSW Steel Limited,26055379,5000104901,4600000317,30,08-07-26,101,HRC,COIL,11513:2017,BIS,cr3,72083990,N,7.453,90159770,MATCHED
2000,R_HR_CO,Hot Rolled Black Coil,26GJ0256R0,20.99,2001,2.8,1260,0011000139,JSW Steel Limited,26055195,5000104903,4600000317,70,08-07-26,101,HRC,COIL,11513:2017,BIS,cr3,72083990,N,7.453,76389616,MATCHED
2000,R_HR_CO,Hot Rolled Black Coil,26GJ0257R0,21.015,2001,2,1235,0011000139,JSW Steel Limited,26056729,5000104905,4600000317,10,08-07-26,101,HRC,COIL,11513:2017,BIS,cr3,72083990,N,7.453,94083965,MATCHED
2000,R_HR_CO,Hot Rolled Black Coil,26GJ0258R0,21.305,2001,2.2,1230,0011000139,JSW Steel Limited,26056288,5000104907,4600000317,20,08-07-26,101,HRC,COIL,11513:2017,BIS,cr3,72083990,N,7.453,53389957,MATCHED
2000,R_HR_CO,Hot Rolled Black Coil,26GJ0260R0,21.14,2001,2.8,1260,0011000139,JSW Steel Limited,26055196,5000104909,4600000317,70,08-07-26,101,HRC,COIL,11513:2017,BIS,cr3,72083990,N,7.453,56568410,MATCHED
2000,R_HR_CO,Hot Rolled Black Coil,26GJ0261R0,20.96,2001,2.8,1260,0011000139,JSW Steel Limited,26055194,5000104921,4600000317,70,08-07-26,101,HRC,COIL,11513:2017,BIS,cr3,72083990,N,7.453,48147574,MATCHED
2000,R_HR_CO,Hot Rolled Black Coil,26GJ0262R0,24.905,2001,2,1260,0011000144,JSW Vijayanagar Metallics Limited,26293691,5000104930,4600000318,10,09-07-26,101,HRC,COIL,11513:2017,BIS,cr3,72083990,N,7.453,11269169,MATCHED
2000,R_HR_CO,Hot Rolled Black Coil,26GJ0263R0,27.245,2001,2,1260,0011000144,JSW Vijayanagar Metallics Limited,26293551,5000104931,4600000318,10,09-07-26,101,HRC,COIL,11513:2017,BIS,cr3,72083990,N,7.453,50476037,MATCHED
2000,R_HR_CO,Hot Rolled Black Coil,26GJ0264R0,27.255,2001,2,1260,0011000144,JSW Vijayanagar Metallics Limited,26293550,5000104932,4600000318,10,09-07-26,101,HRC,COIL,11513:2017,BIS,cr3,72083990,N,7.453,51029474,MATCHED
2000,R_HR_CO,Hot Rolled Black Coil,26GJ0265R0,21.22,2001,2.2,1230,0011000139,JSW Steel Limited,26056287,5000104934,4600000317,20,08-07-26,101,HRC,COIL,11513:2017,BIS,cr3,72083990,N,7.453,63610971,MATCHED
2000,R_HR_CO,Hot Rolled Black Coil,26GJ0266R0,21.48,2001,2.5,1230,0011000139,JSW Steel Limited,26055313,5000104935,4600000317,30,08-07-26,101,HRC,COIL,11513:2017,BIS,cr3,72083990,N,7.453,39755705,MATCHED
2000,R_HR_CO,Hot Rolled Black Coil,26GJ0267R0,20.83,2001,2.8,1260,0011000139,JSW Steel Limited,26055184,5000104936,4600000317,70,08-07-26,101,HRC,COIL,11513:2017,BIS,cr3,72083990,N,7.453,33969958,MATCHED
2000,R_HR_CO,Hot Rolled Black Coil,26GJ0268R0,21.225,2001,2,1235,0011000139,JSW Steel Limited,26056176,5000104937,4600000317,10,08-07-26,101,HRC,COIL,11513:2017,BIS,cr3,72083990,N,7.453,59274121,MATCHED
2000,R_HR_CO,Hot Rolled Black Coil,26GJ0269R0,21.26,2001,2.8,1260,0011000139,JSW Steel Limited,26055186,5000104939,4600000317,70,08-07-26,101,HRC,COIL,11513:2017,BIS,cr3,72083990,N,7.453,46067745,MATCHED
2000,R_HR_CO,Hot Rolled Black Coil,26GJ0270R0,21.27,2001,2.5,1230,0011000139,JSW Steel Limited,26055378,5000104940,4600000317,30,08-07-26,101,HRC,COIL,11513:2017,BIS,cr3,72083990,N,7.453,37431141,MATCHED
2000,R_HR_CO,Hot Rolled Black Coil,26GJ0271R0,20.92,2001,2.8,1260,0011000139,JSW Steel Limited,26055192,5000104941,4600000317,70,08-07-26,101,HRC,COIL,11513:2017,BIS,cr3,72083990,N,7.453,50484169,MATCHED
2000,R_HR_CO,Hot Rolled Black Coil,26GJ0272R0,21.11,2001,2.5,1230,0011000139,JSW Steel Limited,26056282,5000104943,4600000317,30,08-07-26,101,HRC,COIL,11513:2017,BIS,cr3,72083990,N,7.453,77569776,MATCHED
2000,R_HR_CO,Hot Rolled Black Coil,26GJ0273R0,21.1,2001,2.2,1230,0011000139,JSW Steel Limited,26056234,5000104944,4600000317,20,08-07-26,101,HRC,COIL,11513:2017,BIS,cr3,72083990,N,7.453,98168867,MATCHED
2000,R_HR_CO,Hot Rolled Black Coil,26GJ0274R0,21.63,2001,2.5,1230,0011000139,JSW Steel Limited,26055317,5000104945,4600000317,30,08-07-26,101,HRC,COIL,11513:2017,BIS,cr3,72083990,N,7.453,63286023,MATCHED
2000,R_HR_CO,Hot Rolled Black Coil,26GJ0275R0,21.51,2001,2.5,1230,0011000139,JSW Steel Limited,26055247,5000104946,4600000317,30,08-07-26,101,HRC,COIL,11513:2017,BIS,cr3,72083990,N,7.453,44244847,MATCHED
2000,R_HR_CO,Hot Rolled Black Coil,26GJ0276R0,21.41,2001,2.2,1230,0011000139,JSW Steel Limited,26055248,5000104947,4600000317,20,08-07-26,101,HRC,COIL,11513:2017,BIS,cr3,72083990,N,7.453,35024781,MATCHED
2000,R_HR_CO,Hot Rolled Black Coil,26GJ0277R0,21.21,2001,2.5,1230,0011000139,JSW Steel Limited,26056233,5000104948,4600000317,30,08-07-26,101,HRC,COIL,11513:2017,BIS,cr3,72083990,N,7.453,38905400,MATCHED
2000,R_HR_CO,Hot Rolled Black Coil,26GJ0278R0,21.21,2001,2.5,1230,0011000139,JSW Steel Limited,26055381,5000104949,4600000317,30,08-07-26,101,HRC,COIL,11513:2017,BIS,cr3,72083990,N,7.453,71904844,MATCHED
2000,R_HR>3MM_CO,Hot Rolled Black Coil 3mm & Above,26GJ0279R0,20.96,2001,3,1265,0011000139,JSW Steel Limited,26055244,5000104951,4600000317,90,08-07-26,101,HRC,COIL,11513:2017,BIS,cr3,72083890,N,7.453,31294668,MATCHED
2000,R_HR_CO,Hot Rolled Black Coil,26GJ0280R0,21.45,2001,2.5,1230,0011000139,JSW Steel Limited,26055377,5000104952,4600000317,30,08-07-26,101,HRC,COIL,11513:2017,BIS,cr3,72083990,N,7.453,97303756,MATCHED
2000,R_HR_CO,Hot Rolled Black Coil,26GJ0281R0,21.34,2001,2.2,1230,0011000139,JSW Steel Limited,26055250,5000104953,4600000317,20,08-07-26,101,HRC,COIL,11513:2017,BIS,cr3,72083990,N,7.453,66517761,MATCHED
2000,R_HR_CO,Hot Rolled Black Coil,26GJ0282R0,21.15,2001,2.8,1260,0011000139,JSW Steel Limited,26055465,5000104954,4600000317,70,08-07-26,101,HRC,COIL,11513:2017,BIS,cr3,72083990,N,7.453,27270661,MATCHED
2000,R_HR_CO,Hot Rolled Black Coil,26GJ0283R0,19.97,2001,2.5,1230,0011000139,JSW Steel Limited,26056104,5000104955,4600000317,30,08-07-26,101,HRC,COIL,11513:2017,BIS,cr3,72083990,N,7.453,57415406,MATCHED
2000,R_HR_CO,Hot Rolled Black Coil,26GJ0284R0,21.59,2001,2.5,1230,0011000139,JSW Steel Limited,26055254,5000104956,4600000317,30,08-07-26,101,HRC,COIL,11513:2017,BIS,cr3,72083990,N,7.453,34066153,MATCHED
2000,R_HR_CO,Hot Rolled Black Coil,26GJ0285R0,20.96,2001,2.8,1260,0011000139,JSW Steel Limited,26055188,5000104957,4600000317,70,08-07-26,101,HRC,COIL,11513:2017,BIS,cr3,72083990,N,7.453,18285418,MATCHED
2000,R_HR_CO,Hot Rolled Black Coil,26GJ0286R0,20.575,2001,2,1235,0011000139,JSW Steel Limited,26056731,5000104958,4600000317,10,08-07-26,101,HRC,COIL,11513:2017,BIS,cr3,72083990,N,7.453,82270483,MATCHED
2000,R_HR_CO,Hot Rolled Black Coil,26GJ0287R0,21.36,2001,2,1235,0011000139,JSW Steel Limited,26055431,5000104959,4600000317,10,08-07-26,101,HRC,COIL,11513:2017,BIS,cr3,72083990,N,7.453,10326946,MATCHED
2000,R_HR_CO,Hot Rolled Black Coil,26GJ0288R0,21.11,2001,2.5,1230,0011000139,JSW Steel Limited,26055425,5000104960,4600000317,30,08-07-26,101,HRC,COIL,11513:2017,BIS,cr3,72083990,N,7.453,65512916,MATCHED
2000,R_HR_CO,Hot Rolled Black Coil,26GJ0289R0,20.96,2001,2.2,1230,0011000139,JSW Steel Limited,26056286,5000104962,4600000317,20,08-07-26,101,HRC,COIL,11513:2017,BIS,cr3,72083990,N,7.453,13693501,MATCHED
2000,R_HR_CO,Hot Rolled Black Coil,26GJ0290R0,20.48,2001,2.2,1230,0011000139,JSW Steel Limited,26056235,5000104963,4600000317,20,08-07-26,101,HRC,COIL,11513:2017,BIS,cr3,72083990,N,7.453,67770414,MATCHED
2000,R_HR_CO,Hot Rolled Black Coil,26GJ0291R0,21.165,2001,2.5,1230,0011000139,JSW Steel Limited,26056180,5000104964,4600000317,30,08-07-26,101,HRC,COIL,11513:2017,BIS,cr3,72083990,N,7.453,17254352,MATCHED
2000,R_HR_CO,Hot Rolled Black Coil,26GJ0301R0,21.15,2001,2.8,1260,0011000139,JSW Steel Limited,26055183,5000105003,4600000317,70,08-07-26,101,HRC,COIL,11513:2017,BIS,cr3,72083990,N,7.453,33705895,MATCHED
2000,R_HR_CO,Hot Rolled Black Coil,26GJ0302R0,21.26,2001,2.5,1230,0011000139,JSW Steel Limited,26055202,5000105008,4600000317,30,08-07-26,101,HRC,COIL,11513:2017,BIS,cr3,72083990,N,7.453,28926760,MATCHED
2000,R_HR_CO,Hot Rolled Black Coil,26GJ0303R0,18.105,2001,2.5,1230,0011000139,JSW Steel Limited,26055374,5000105015,4600000317,30,08-07-26,101,HRC,COIL,11513:2017,BIS,cr3,72083990,N,7.453,70063591,MATCHED
2000,R_HR>3MM_CO,Hot Rolled Black Coil 3mm & Above,26GJ0304R0,26.935,2001,3,1500,0011000139,JSW Steel Limited,26596325,5000105019,4600000317,100,08-07-26,101,HRC,COIL,11513:2017,BIS,cr3,72083890,N,7.453,92486217,MATCHED
2000,R_HR>3MM_CO,Hot Rolled Black Coil 3mm & Above,26GJ0305R0,21.02,2001,3,1265,0011000139,JSW Steel Limited,26055246,5000105021,4600000317,90,08-07-26,101,HRC,COIL,11513:2017,BIS,cr3,72083890,N,7.453,22712734,MATCHED
2000,R_HR_CO,Hot Rolled Black Coil,26GJ0306R0,21.12,2001,2.5,1230,0011000139,JSW Steel Limited,26056181,5000105025,4600000317,30,08-07-26,101,HRC,COIL,11513:2017,BIS,cr3,72083990,N,7.453,51064252,MATCHED
2000,R_HR_CO,Hot Rolled Black Coil,26GJ0307R0,17.865,2001,2,1235,0011000139,JSW Steel Limited,26055430,5000105026,4600000317,10,08-07-26,101,HRC,COIL,11513:2017,BIS,cr3,72083990,N,7.453,94253701,MATCHED
2000,R_HR_CO,Hot Rolled Black Coil,26GJ0308R0,21.16,2001,2.5,1230,0011000139,JSW Steel Limited,26055960,5000105028,4600000317,30,08-07-26,101,HRC,COIL,11513:2017,BIS,cr3,72083990,N,7.453,11266086,MATCHED
2000,R_HR_CO,Hot Rolled Black Coil,26GJ0309R0,21.25,2001,2.2,1230,0011000139,JSW Steel Limited,26055258,5000105029,4600000317,20,08-07-26,101,HRC,COIL,11513:2017,BIS,cr3,72083990,N,7.453,19840678,MATCHED
2000,R_HR_CO,Hot Rolled Black Coil,26GJ0310R0,21.125,2001,2.5,1230,0011000139,JSW Steel Limited,26055316,5000105030,4600000317,30,08-07-26,101,HRC,COIL,11513:2017,BIS,cr3,72083990,N,7.453,84582823,MATCHED
2000,R_HR_CO,Hot Rolled Black Coil,26GJ0312R0,20.85,2001,2.8,1260,0011000139,JSW Steel Limited,26055187,5000105031,4600000317,70,08-07-26,101,HRC,COIL,11513:2017,BIS,cr3,72083990,N,7.453,90539281,MATCHED
2000,R_HR_CO,Hot Rolled Black Coil,26GJ0313R0,21.205,2001,2.2,1230,0011000139,JSW Steel Limited,26055327,5000105033,4600000317,20,08-07-26,101,HRC,COIL,11513:2017,BIS,cr3,72083990,N,7.453,86108755,MATCHED
2000,R_HR_CO,Hot Rolled Black Coil,26GJ0315R0,21.275,2001,2.2,1230,0011000139,JSW Steel Limited,26055325,5000105035,4600000317,20,08-07-26,101,HRC,COIL,11513:2017,BIS,cr3,72083990,N,7.453,57053167,MATCHED
2000,R_HR_CO,Hot Rolled Black Coil,26GJ0316R0,21.035,2001,2,1235,0011000139,JSW Steel Limited,26056184,5000105038,4600000317,10,08-07-26,101,HRC,COIL,11513:2017,BIS,cr3,72083990,N,7.453,35520508,MATCHED
2000,R_HR_CO,Hot Rolled Black Coil,26GJ0317R0,21.535,2001,2.5,1230,0011000139,JSW Steel Limited,26055200,5000105039,4600000317,30,08-07-26,101,HRC,COIL,11513:2017,BIS,cr3,72083990,N,7.453,64186973,MATCHED
2000,R_HR_CO,Hot Rolled Black Coil,26GJ0319R0,21.085,2001,2.2,1230,0011000139,JSW Steel Limited,26055257,5000105040,4600000317,20,08-07-26,101,HRC,COIL,11513:2017,BIS,cr3,72083990,N,7.453,30489980,MATCHED
2000,R_HR_CO,Hot Rolled Black Coil,26GJ0320R0,21.225,2001,2.8,1260,0011000139,JSW Steel Limited,26055197,5000105041,4600000317,70,08-07-26,101,HRC,COIL,11513:2017,BIS,cr3,72083990,N,7.453,41736541,MATCHED
2000,R_HR>3MM_CO,Hot Rolled Black Coil 3mm & Above,26GJ0321R0,27.19,2001,3,1500,0011000139,JSW Steel Limited,26596326,5000105043,4600000317,100,08-07-26,101,HRC,COIL,11513:2017,BIS,cr3,72083890,N,7.453,70604798,MATCHED
2000,R_HR>3MM_CO,Hot Rolled Black Coil 3mm & Above,26GJ0322R0,27.18,2001,3,1500,0011000139,JSW Steel Limited,26596319,5000105045,4600000317,100,08-07-26,101,HRC,COIL,11513:2017,BIS,cr3,72083890,N,7.453,51341353,MATCHED
2000,R_HR>3MM_CO,Hot Rolled Black Coil 3mm & Above,26GJ0323R0,27.535,2001,3,1260,0011000144,JSW Vijayanagar Metallics Limited,26293537,5000105049,4600000316,80,08-07-26,101,HRC,COIL,11513:2017,BIS,cr2,72083890,N,7.453,25301788,MATCHED
2000,R_HR>3MM_CO,Hot Rolled Black Coil 3mm & Above,26GJ0324R0,27.17,2001,3,1500,0011000139,JSW Steel Limited,26293536,5000105051,4600000317,100,08-07-26,101,HRC,COIL,11513:2017,BIS,cr3,72083890,N,7.453,80146757,MATCHED
2000,R_HR>3MM_CO,Hot Rolled Black Coil 3mm & Above,26GJ0325R0,21.14,2001,3,1265,0011000139,JSW Steel Limited,26055181,5000105052,4600000317,90,08-07-26,101,HRC,COIL,11513:2017,BIS,cr3,72083890,N,7.453,26900463,MATCHED
2000,R_HR>3MM_CO,Hot Rolled Black Coil 3mm & Above,26GJ0326R0,27.21,2001,3,1500,0011000139,JSW Steel Limited,26596322,5000105054,4600000317,100,08-07-26,101,HRC,COIL,11513:2017,BIS,cr3,72083890,N,7.453,16439454,MATCHED
2000,R_HR>3MM_CO,Hot Rolled Black Coil 3mm & Above,26GJ0327R0,27.255,2001,3,1500,0011000139,JSW Steel Limited,26596323,5000105055,4600000317,100,08-07-26,101,HRC,COIL,11513:2017,BIS,cr3,72083890,N,7.453,27610257,MATCHED
2000,R_HR>3MM_CO,Hot Rolled Black Coil 3mm & Above,26GJ0328R0,21.23,2001,3,1265,0011000139,JSW Steel Limited,26055463,5000105056,4600000317,90,08-07-26,101,HRC,COIL,11513:2017,BIS,cr3,72083890,N,7.453,21390241,MATCHED
2000,R_HR>3MM_CO,Hot Rolled Black Coil 3mm & Above,26GJ0329R0,22.525,2001,3,1265,0011000139,JSW Steel Limited,26054962,5000105057,4600000317,90,08-07-26,101,HRC,COIL,11513:2017,BIS,cr3,72083890,N,7.453,58860953,MATCHED
2000,R_HR>3MM_CO,Hot Rolled Black Coil 3mm & Above,26GJ0330R0,21.07,2001,3,1265,0011000139,JSW Steel Limited,26054963,5000105058,4600000317,90,08-07-26,101,HRC,COIL,11513:2017,BIS,cr3,72083890,N,7.453,93919535,MATCHED
2000,R_HR>3MM_CO,Hot Rolled Black Coil 3mm & Above,26GJ0331R0,21.04,2001,3,1265,0011000139,JSW Steel Limited,26055245,5000105059,4600000317,90,08-07-26,101,HRC,COIL,11513:2017,BIS,cr3,72083890,N,7.453,14068538,MATCHED
2000,R_HR>3MM_CO,Hot Rolled Black Coil 3mm & Above,26GJ0332R0,20.025,2001,3,1265,0011000139,JSW Steel Limited,26055464,5000105060,4600000317,90,08-07-26,101,HRC,COIL,11513:2017,BIS,cr3,72083890,N,7.453,55488424,MATCHED
2000,R_HR_CO,Hot Rolled Black Coil,26GJ0333R0,21.04,2001,2.5,1230,0011000139,JSW Steel Limited,26056172,5000105062,4600000317,30,08-07-26,101,HRC,COIL,11513:2017,BIS,cr3,72083990,N,7.453,26822691,MATCHED
2000,R_HR_CO,Hot Rolled Black Coil,26GJ0334R0,21.145,2001,2,1235,0011000139,JSW Steel Limited,26056183,5000105063,4600000317,10,08-07-26,101,HRC,COIL,11513:2017,BIS,cr3,72083990,N,7.453,98788488,MATCHED
2000,R_HR_CO,Hot Rolled Black Coil,26GJ0335R0,21.1,2001,2.5,1230,0011000139,JSW Steel Limited,26055372,5000105064,4600000317,30,08-07-26,101,HRC,COIL,11513:2017,BIS,cr3,72083990,N,7.453,45335833,MATCHED
2000,R_HR_CO,Hot Rolled Black Coil,26GJ0336R0,21.155,2001,2,1235,0011000139,JSW Steel Limited,26056732,5000105065,4600000317,10,08-07-26,101,HRC,COIL,11513:2017,BIS,cr3,72083990,N,7.453,26791513,MATCHED
2000,R_HR_CO,Hot Rolled Black Coil,26GJ0337R0,20.5,2001,2.8,1260,0011000139,JSW Steel Limited,26055190,5000105066,4600000317,70,08-07-26,101,HRC,COIL,11513:2017,BIS,cr3,72083990,N,7.453,64907981,MATCHED
2000,R_HR_CO,Hot Rolled Black Coil,26GJ0338R0,17.72,2001,2.5,1230,0011000139,JSW Steel Limited,26055373,5000105070,4600000317,30,08-07-26,101,HRC,COIL,11513:2017,BIS,cr3,72083990,N,7.453,43258383,MATCHED
2000,R_HR_CO,Hot Rolled Black Coil,26GJ0339R0,21.465,2001,2.2,1230,0011000139,JSW Steel Limited,26055251,5000105071,4600000317,20,08-07-26,101,HRC,COIL,11513:2017,BIS,cr3,72083990,N,7.453,89716536,MATCHED
2000,R_HR_CO,Hot Rolled Black Coil,26GJ0340R0,21.27,2001,2,1235,0011000139,JSW Steel Limited,26055427,5000105104,4600000317,10,08-07-26,101,HRC,COIL,11513:2017,BIS,cr3,72083990,N,7.453,98069167,MATCHED
2000,R_HR_CO,Hot Rolled Black Coil,26GJ0341R0,20.62,2001,2.2,1230,0011000139,JSW Steel Limited,26056236,5000105105,4600000317,20,08-07-26,101,HRC,COIL,11513:2017,BIS,cr3,72083990,N,7.453,65818035,MATCHED
2000,R_HR_CO,Hot Rolled Black Coil,26GJ0342R0,21.26,2001,2.2,1230,0011000139,JSW Steel Limited,26055324,5000105106,4600000317,20,08-07-26,101,HRC,COIL,11513:2017,BIS,cr3,72083990,N,7.453,36259548,MATCHED
2000,R_HR_CO,Hot Rolled Black Coil,26GJ0343R0,21.2,2001,2.2,1230,0011000139,JSW Steel Limited,26055323,5000105107,4600000317,20,08-07-26,101,HRC,COIL,11513:2017,BIS,cr3,72083990,N,7.453,46249344,MATCHED
2000,R_HR_CO,Hot Rolled Black Coil,26GJ0344R0,21.38,2001,2.2,1230,0011000139,JSW Steel Limited,26055322,5000105108,4600000317,20,08-07-26,101,HRC,COIL,11513:2017,BIS,cr3,72083990,N,7.453,57644464,MATCHED
2000,R_HR_CO,Hot Rolled Black Coil,26GJ0345R0,20.99,2001,2,1235,0011000139,JSW Steel Limited,26056673,5000105109,4600000317,10,08-07-26,101,HRC,COIL,11513:2017,BIS,cr3,72083990,N,7.453,88091814,MATCHED
2000,R_HR_CO,Hot Rolled Black Coil,26GJ0346R0,21.215,2001,2,1235,0011000139,JSW Steel Limited,26056173,5000105110,4600000317,10,08-07-26,101,HRC,COIL,11513:2017,BIS,cr3,72083990,N,7.453,92216280,MATCHED
2000,R_HR_CO,Hot Rolled Black Coil,26GJ0347R0,21.495,2001,2,1235,0011000139,JSW Steel Limited,26055429,5000105111,4600000317,10,08-07-26,101,HRC,COIL,11513:2017,BIS,cr3,72083990,N,7.453,66188152,MATCHED
2000,R_HR_CO,Hot Rolled Black Coil,26GJ0348R0,21.04,2001,2.2,1230,0011000139,JSW Steel Limited,26056284,5000105112,4600000317,20,08-07-26,101,HRC,COIL,11513:2017,BIS,cr3,72083990,N,7.453,40917914,MATCHED
2000,R_HR_CO,Hot Rolled Black Coil,26GJ0349R0,21.47,2001,2.2,1230,0011000139,JSW Steel Limited,26055260,5000105113,4600000317,20,08-07-26,101,HRC,COIL,11513:2017,BIS,cr3,72083990,N,7.453,32957498,MATCHED
2000,R_HR_CO,Hot Rolled Black Coil,26GJ0350R0,21.335,2001,2,1235,0011000139,JSW Steel Limited,26056179,5000105114,4600000317,10,08-07-26,101,HRC,COIL,11513:2017,BIS,cr3,72083990,N,7.453,66146958,MATCHED
2000,R_HR_CO,Hot Rolled Black Coil,26GJ0359R0,27.255,2001,2.5,1230,0011000144,JSW Vijayanagar Metallics Limited,26292520,5000105130,4600000316,30,08-07-26,101,HRC,COIL,11513:2017,BIS,cr3,72083990,N,7.453,33555680,MATCHED
2000,R_HR>3MM_CO,Hot Rolled Black Coil 3mm & Above,26GJ0360R0,27.505,2001,3,1260,0011000144,JSW Vijayanagar Metallics Limited,26293536,5000105133,4600000316,80,08-07-26,101,HRC,COIL,11513:2017,BIS,cr2,72083890,N,7.453,89090052,MATCHED
2000,R_HR_CO,Hot Rolled Black Coil,26GJ0364R0,27.455,2001,2.5,1230,0011000144,JSW Vijayanagar Metallics Limited,26296900,5000105276,4600000318,40,08-07-26,101,HRC,COIL,11513:2017,BIS,cr3,72083990,N,7.453,32548043,MATCHED
2000,R_HR_CO,Hot Rolled Black Coil,26GJ0365R0,27.495,2001,2.5,1230,0011000144,JSW Vijayanagar Metallics Limited,26296897,5000105277,4600000318,40,08-07-26,101,HRC,COIL,11513:2017,BIS,cr3,72083990,N,7.453,82897072,MATCHED
2000,R_HR_CO,Hot Rolled Black Coil,26GJ0366R0,27.525,2001,2,1235,0011000144,JSW Vijayanagar Metallics Limited,26297182,5000105279,4600000318,20,08-07-26,101,HRC,COIL,11513:2017,BIS,cr3,72083990,N,7.453,62731958,MATCHED
2000,R_HR_CO,Hot Rolled Black Coil,26GJ0367R0,27.365,2001,2.2,1230,0011000144,JSW Vijayanagar Metallics Limited,26297092,5000105282,4600000318,30,08-07-26,101,HRC,COIL,11513:2017,BIS,cr3,72083990,N,7.453,23565998,MATCHED
2000,R_HR_CO,Hot Rolled Black Coil,26GJ0368R0,27.19,2001,2.8,1190,0011000144,JSW Vijayanagar Metallics Limited,26297932,5000105284,4600000318,50,08-07-26,101,HRC,COIL,11513:2017,BIS,cr2,72083990,N,7.453,43594543,MATCHED
2000,R_HR_CO,Hot Rolled Black Coil,26GJ0369R0,26.915,2001,2.8,1190,0011000144,JSW Vijayanagar Metallics Limited,26297939,5000105287,4600000318,50,08-07-26,101,HRC,COIL,11513:2017,BIS,cr2,72083990,N,7.453,53226190,MATCHED
2000,R_HR_CO,Hot Rolled Black Coil,26GJ0370R0,27.45,2001,2,1235,0011000144,JSW Vijayanagar Metallics Limited,26297176,5000105289,4600000318,20,08-07-26,101,HRC,COIL,11513:2017,BIS,cr3,72083990,N,7.453,75772488,MATCHED
2000,R_HR_CO,Hot Rolled Black Coil,26GJ0371R0,27.345,2001,2.5,1230,0011000144,JSW Vijayanagar Metallics Limited,26296795,5000105292,4600000318,40,08-07-26,101,HRC,COIL,11513:2017,BIS,cr3,72083990,N,7.453,43694915,MATCHED
2000,R_HR_CO,Hot Rolled Black Coil,26GJ0372R0,27.52,2001,2.2,1230,0011000144,JSW Vijayanagar Metallics Limited,26296901,5000105294,4600000318,30,08-07-26,101,HRC,COIL,11513:2017,BIS,cr3,72083990,N,7.453,41180745,MATCHED
2000,R_HR_CO,Hot Rolled Black Coil,26GJ0373R0,27.46,2001,2.8,1230,0011000144,JSW Vijayanagar Metallics Limited,26297205,5000105298,4600000318,60,08-07-26,101,HRC,COIL,11513:2017,BIS,cr2,72083990,N,7.453,76885004,MATCHED
2000,R_HR_CO,Hot Rolled Black Coil,26GJ0374R0,27.48,2001,2.2,1230,0011000144,JSW Vijayanagar Metallics Limited,26297172,5000105303,4600000318,30,08-07-26,101,HRC,COIL,11513:2017,BIS,cr3,72083990,N,7.453,64152407,MATCHED
2000,R_HR_CO,Hot Rolled Black Coil,26GJ0375R0,27.335,2001,2,1235,0011000144,JSW Vijayanagar Metallics Limited,26296804,5000105312,4600000318,20,08-07-26,101,HRC,COIL,11513:2017,BIS,cr3,72083990,N,7.453,96237376,MATCHED
2000,R_HR>3MM_CO,Hot Rolled Black Coil 3mm & Above,26GJ0376R0,27.52,2001,3.6,1265,0011000144,JSW Vijayanagar Metallics Limited,26296928,5000105313,4600000318,120,08-07-26,101,HRC,COIL,11513:2017,BIS,cr3,72083890,N,7.453,87368754,MATCHED
2000,R_HR_CO,Hot Rolled Black Coil,26GJ0377R0,27.435,2001,2.5,1230,0011000144,JSW Vijayanagar Metallics Limited,26296794,5000105353,4600000318,40,08-07-26,101,HRC,COIL,11513:2017,BIS,cr3,72083990,N,7.453,15349667,MATCHED
2000,R_HR_CO,Hot Rolled Black Coil,26GJ0378R0,27.36,2001,2.5,1230,0011000144,JSW Vijayanagar Metallics Limited,26296960,5000105355,4600000318,40,08-07-26,101,HRC,COIL,11513:2017,BIS,cr3,72083990,N,7.453,23430026,MATCHED
2000,R_HR_CO,Hot Rolled Black Coil,26GJ0379R0,27.455,2001,2.8,1230,0011000144,JSW Vijayanagar Metallics Limited,26297204,5000105356,4600000318,60,08-07-26,101,HRC,COIL,11513:2017,BIS,cr2,72083990,N,7.453,38433841,MATCHED
2000,R_HR_CO,Hot Rolled Black Coil,26GJ0380R0,27.355,2001,2,1235,0011000144,JSW Vijayanagar Metallics Limited,26297177,5000105357,4600000318,20,08-07-26,101,HRC,COIL,11513:2017,BIS,cr3,72083990,N,7.453,88208930,MATCHED
2000,R_HR_CO,Hot Rolled Black Coil,26GJ0381R0,27.41,2001,2.5,1230,0011000144,JSW Vijayanagar Metallics Limited,26296902,5000105358,4600000318,40,08-07-26,101,HRC,COIL,11513:2017,BIS,cr3,72083990,N,7.453,98326598,MATCHED
2000,R_HR_CO,Hot Rolled Black Coil,26GJ0382R0,27.49,2001,2.5,1230,0011000144,JSW Vijayanagar Metallics Limited,26297089,5000105360,4600000318,40,08-07-26,101,HRC,COIL,11513:2017,BIS,cr3,72083990,N,7.453,35663537,MATCHED
2000,R_HR_CO,Hot Rolled Black Coil,26GJ0383R0,27.385,2001,2.8,1230,0011000144,JSW Vijayanagar Metallics Limited,26297206,5000105368,4600000318,60,08-07-26,101,HRC,COIL,11513:2017,BIS,cr2,72083990,N,7.453,52980298,MATCHED
2000,R_HR_CO,Hot Rolled Black Coil,26GJ0384R0,27.455,2001,2.5,1230,0011000144,JSW Vijayanagar Metallics Limited,26296959,5000105371,4600000318,40,08-07-26,101,HRC,COIL,11513:2017,BIS,cr3,72083990,N,7.453,39871457,MATCHED
2000,R_HR_CO,Hot Rolled Black Coil,26GJ0385R0,23.245,2001,2.8,1230,0011000144,JSW Vijayanagar Metallics Limited,26298039,5000105373,4600000318,60,08-07-26,101,HRC,COIL,11513:2017,BIS,cr2,72083990,N,7.453,36949669,MATCHED
2000,R_HR_CO,Hot Rolled Black Coil,26GJ0386R0,27.56,2001,2.5,1230,0011000144,JSW Vijayanagar Metallics Limited,26296958,5000105377,4600000318,40,08-07-26,101,HRC,COIL,11513:2017,BIS,cr3,72083990,N,7.453,33989816,MATCHED
2000,R_HR_CO,Hot Rolled Black Coil,26GJ0387R0,25.95,2001,2.2,1230,0011000144,JSW Vijayanagar Metallics Limited,26297322,5000105378,4600000318,30,08-07-26,101,HRC,COIL,11513:2017,BIS,cr3,72083990,N,7.453,77286603,MATCHED
2000,R_HR_CO,Hot Rolled Black Coil,26GJ0388R0,27.38,2001,2.5,1230,0011000144,JSW Vijayanagar Metallics Limited,26297088,5000105379,4600000318,40,08-07-26,101,HRC,COIL,11513:2017,BIS,cr3,72083990,N,7.453,86310206,MATCHED
2000,R_HR>3MM_CO,Hot Rolled Black Coil 3mm & Above,26GJ0389R0,27.475,2001,3.6,1265,0011000144,JSW Vijayanagar Metallics Limited,26296927,5000105381,4600000318,120,08-07-26,101,HRC,COIL,11513:2017,BIS,cr3,72083890,N,7.453,99239580,MATCHED
2000,R_HR_CO,Hot Rolled Black Coil,26GJ0390R0,27.45,2001,2.8,1190,0011000144,JSW Vijayanagar Metallics Limited,26297940,5000105384,4600000318,50,08-07-26,101,HRC,COIL,11513:2017,BIS,cr2,72083990,N,7.453,93445332,MATCHED
2000,R_HR_CO,Hot Rolled Black Coil,26GJ0391R0,27.435,2001,2,1235,0011000144,JSW Vijayanagar Metallics Limited,26297189,5000105385,4600000318,20,08-07-26,101,HRC,COIL,11513:2017,BIS,cr3,72083990,N,7.453,17702717,MATCHED
2000,R_HR_CO,Hot Rolled Black Coil,26GJ0392R0,27.245,2001,2.2,1230,0011000144,JSW Vijayanagar Metallics Limited,26293701,5000105387,4600000318,30,08-07-26,101,HRC,COIL,11513:2017,BIS,cr3,72083990,N,7.453,93772821,MATCHED
2000,R_HR_CO,Hot Rolled Black Coil,26GJ0393R0,27.47,2001,2.8,1230,0011000144,JSW Vijayanagar Metallics Limited,26297209,5000105388,4600000318,60,08-07-26,101,HRC,COIL,11513:2017,BIS,cr2,72083990,N,7.453,12779834,MATCHED
2000,R_HR_CO,Hot Rolled Black Coil,26GJ0394R0,27.53,2001,2.2,1230,0011000144,JSW Vijayanagar Metallics Limited,26297185,5000105390,4600000318,30,08-07-26,101,HRC,COIL,11513:2017,BIS,cr3,72083990,N,7.453,87844051,MATCHED
2000,R_HR_CO,Hot Rolled Black Coil,26GJ0395R0,27.475,2001,2.5,1230,0011000144,JSW Vijayanagar Metallics Limited,26296898,5000105391,4600000318,40,08-07-26,101,HRC,COIL,11513:2017,BIS,cr3,72083990,N,7.453,16020140,MATCHED
2000,R_HR_CO,Hot Rolled Black Coil,26GJ0396R0,27.425,2001,2.2,1230,0011000144,JSW Vijayanagar Metallics Limited,26297174,5000105399,4600000318,30,08-07-26,101,HRC,COIL,11513:2017,BIS,cr3,72083990,N,7.453,66291866,MATCHED
2000,R_HR_CO,Hot Rolled Black Coil,26GJ0397R0,27.335,2001,2,1235,0011000144,JSW Vijayanagar Metallics Limited,26297187,5000105401,4600000318,20,08-07-26,101,HRC,COIL,11513:2017,BIS,cr3,72083990,N,7.453,60043082,MATCHED
2000,R_HR>3MM_CO,Hot Rolled Black Coil 3mm & Above,26GJ0398R0,27.5,2001,3.6,1265,0011000144,JSW Vijayanagar Metallics Limited,26296924,5000105402,4600000318,120,08-07-26,101,HRC,COIL,11513:2017,BIS,cr3,72083890,N,7.453,34338787,MATCHED
2000,R_HR_CO,Hot Rolled Black Coil,26GJ0399R0,26.765,2001,2.8,1190,0011000144,JSW Vijayanagar Metallics Limited,26297937,5000105403,4600000318,50,08-07-26,101,HRC,COIL,11513:2017,BIS,cr2,72083990,N,7.453,24257417,MATCHED
2000,R_HR_CO,Hot Rolled Black Coil,26GJ0400R0,26.895,2001,2.8,1190,0011000144,JSW Vijayanagar Metallics Limited,26297936,5000105406,4600000318,50,08-07-26,101,HRC,COIL,11513:2017,BIS,cr2,72083990,N,7.453,17772945,MATCHED
2000,R_HR_CO,Hot Rolled Black Coil,26GJ0401R0,27.37,2001,2.8,1190,0011000144,JSW Vijayanagar Metallics Limited,26297941,5000105408,4600000318,50,08-07-26,101,HRC,COIL,11513:2017,BIS,cr2,72083990,N,7.453,78773835,MATCHED
2000,R_HR_CO,Hot Rolled Black Coil,26GJ0402R0,25.88,2001,2.2,1230,0011000144,JSW Vijayanagar Metallics Limited,26297321,5000105409,4600000318,30,08-07-26,101,HRC,COIL,11513:2017,BIS,cr3,72083990,N,7.453,72169775,MATCHED
2000,R_HR_CO,Hot Rolled Black Coil,26GJ0403R0,27.46,2001,2,1235,0011000144,JSW Vijayanagar Metallics Limited,26297188,5000105410,4600000318,20,08-07-26,101,HRC,COIL,11513:2017,BIS,cr3,72083990,N,7.453,17319094,MATCHED
2000,R_HR_CO,Hot Rolled Black Coil,26GJ0404R0,26.12,2001,2,1260,0011000144,JSW Vijayanagar Metallics Limited,26293609,5000105412,4600000318,10,09-07-26,101,HRC,COIL,11513:2017,BIS,cr3,72083990,N,7.453,54150913,MATCHED
2000,R_HR_CO,Hot Rolled Black Coil,26GJ0405R0,27.38,2001,2.5,1230,0011000144,JSW Vijayanagar Metallics Limited,26296792,5000105415,4600000318,40,08-07-26,101,HRC,COIL,11513:2017,BIS,cr3,72083990,N,7.453,26190756,MATCHED
2000,R_HR_CO,Hot Rolled Black Coil,26GJ0406R0,27.625,2001,2.8,1260,0011000144,JSW Vijayanagar Metallics Limited,26297846,5000105416,4600000318,70,08-07-26,101,HRC,COIL,11513:2017,BIS,cr2,72083990,N,7.453,56967468,MATCHED
2000,R_HR_CO,Hot Rolled Black Coil,26GJ0407R0,27.56,2001,2.8,1190,0011000144,JSW Vijayanagar Metallics Limited,26297933,5000105417,4600000318,50,08-07-26,101,HRC,COIL,11513:2017,BIS,cr2,72083990,N,7.453,87900257,MATCHED
2000,R_HR_CO,Hot Rolled Black Coil,26GJ0408R0,27.305,2001,2,1235,0011000144,JSW Vijayanagar Metallics Limited,26296798,5000105418,4600000318,20,08-07-26,101,HRC,COIL,11513:2017,BIS,cr3,72083990,N,7.453,63963749,MATCHED
2000,R_HR_CO,Hot Rolled Black Coil,26GJ0409R0,24.225,2001,2.8,1230,0011000144,JSW Vijayanagar Metallics Limited,26297211,5000105420,4600000318,60,08-07-26,101,HRC,COIL,11513:2017,BIS,cr2,72083990,N,7.453,15484636,MATCHED
2000,R_HR_CO,Hot Rolled Black Coil,26GJ0410R0,27.41,2001,2.8,1230,0011000144,JSW Vijayanagar Metallics Limited,26297207,5000105428,4600000318,60,08-07-26,101,HRC,COIL,11513:2017,BIS,cr2,72083990,N,7.453,47716447,MATCHED
2000,R_HR_CO,Hot Rolled Black Coil,26GJ0411R0,26.945,2001,2.8,1190,0011000144,JSW Vijayanagar Metallics Limited,26297938,5000105429,4600000318,50,08-07-26,101,HRC,COIL,11513:2017,BIS,cr2,72083990,N,7.453,99623860,MATCHED
2000,R_HR_CO,Hot Rolled Black Coil,26GJ0412R0,27.465,2001,2.2,1230,0011000144,JSW Vijayanagar Metallics Limited,26297093,5000105433,4600000318,30,08-07-26,101,HRC,COIL,11513:2017,BIS,cr3,72083990,N,7.453,78590895,MATCHED
2000,R_HR_CO,Hot Rolled Black Coil,26GJ0413R0,27.445,2001,2.5,1230,0011000144,JSW Vijayanagar Metallics Limited,26296957,5000105435,4600000318,40,08-07-26,101,HRC,COIL,11513:2017,BIS,cr3,72083990,N,7.453,10330372,MATCHED
2000,R_HR_CO,Hot Rolled Black Coil,26GJ0414R0,27.47,2001,2.2,1230,0011000144,JSW Vijayanagar Metallics Limited,26297186,5000105437,4600000318,30,08-07-26,101,HRC,COIL,11513:2017,BIS,cr3,72083990,N,7.453,43298007,MATCHED
2000,R_HR_CO,Hot Rolled Black Coil,26GJ0415R0,27.365,2001,2.5,1230,0011000144,JSW Vijayanagar Metallics Limited,26296903,5000105438,4600000318,40,08-07-26,101,HRC,COIL,11513:2017,BIS,cr3,72083990,N,7.453,45207940,MATCHED
2000,R_HR_CO,Hot Rolled Black Coil,26GJ0416R0,27.37,2001,2,1235,0011000144,JSW Vijayanagar Metallics Limited,26296801,5000105440,4600000318,20,08-07-26,101,HRC,COIL,11513:2017,BIS,cr3,72083990,N,7.453,20904990,MATCHED
2000,R_HR_CO,Hot Rolled Black Coil,26GJ0417R0,27.315,2001,2.5,1230,0011000144,JSW Vijayanagar Metallics Limited,26297319,5000105442,4600000318,40,08-07-26,101,HRC,COIL,11513:2017,BIS,cr3,72083990,N,7.453,36774593,MATCHED
2000,R_HR_CO,Hot Rolled Black Coil,26GJ0418R0,27.595,2001,2,1235,0011000144,JSW Vijayanagar Metallics Limited,26297179,5000105443,4600000318,20,08-07-26,101,HRC,COIL,11513:2017,BIS,cr3,72083990,N,7.453,76520028,MATCHED
2000,R_HR_CO,Hot Rolled Black Coil,26GJ0421R0,27.405,2001,2.2,1230,0011000144,JSW Vijayanagar Metallics Limited,26296905,5000105470,4600000318,30,08-07-26,101,HRC,COIL,11513:2017,BIS,cr3,72083990,N,7.453,61886383,MATCHED
2000,R_HR_CO,Hot Rolled Black Coil,26GJ0422R0,27.445,2001,2.5,1230,0011000144,JSW Vijayanagar Metallics Limited,26296899,5000105471,4600000318,40,08-07-26,101,HRC,COIL,11513:2017,BIS,cr3,72083990,N,7.453,58058177,MATCHED
2000,R_HR_CO,Hot Rolled Black Coil,26GJ0423R0,27.32,2001,2,1235,0011000144,JSW Vijayanagar Metallics Limited,26296796,5000105482,4600000318,20,08-07-26,101,HRC,COIL,11513:2017,BIS,cr3,72083990,N,7.453,28326497,MATCHED
2000,R_HR_CO,Hot Rolled Black Coil,26GJ0424R0,27.695,2001,2,1235,0011000144,JSW Vijayanagar Metallics Limited,26296800,5000105483,4600000318,20,08-07-26,101,HRC,COIL,11513:2017,BIS,cr3,72083990,N,7.453,65043343,MATCHED
2000,R_HR_CO,Hot Rolled Black Coil,26GJ0425R0,27.775,2001,2,1235,0011000144,JSW Vijayanagar Metallics Limited,26296802,5000105484,4600000318,20,08-07-26,101,HRC,COIL,11513:2017,BIS,cr3,72083990,N,7.453,74767028,MATCHED
2000,R_HR_CO,Hot Rolled Black Coil,26GJ0426R0,27.46,2001,2.5,1230,0011000144,JSW Vijayanagar Metallics Limited,26297171,5000105485,4600000318,40,08-07-26,101,HRC,COIL,11513:2017,BIS,cr3,72083990,N,7.453,69432201,MATCHED
2000,R_HR_CO,Hot Rolled Black Coil,26GJ0427R0,27.75,2001,2,1235,0011000144,JSW Vijayanagar Metallics Limited,26296803,5000105486,4600000318,20,08-07-26,101,HRC,COIL,11513:2017,BIS,cr3,72083990,N,7.453,91329424,MATCHED
2000,R_HR_CO,Hot Rolled Black Coil,26GJ0428R0,27.525,2001,2.2,1230,0011000144,JSW Vijayanagar Metallics Limited,26296907,5000105487,4600000318,30,08-07-26,101,HRC,COIL,11513:2017,BIS,cr3,72083990,N,7.453,88224184,MATCHED
2000,R_HR_CO,Hot Rolled Black Coil,26GJ0429R0,27.625,2001,2.5,1230,0011000144,JSW Vijayanagar Metallics Limited,26296961,5000105488,4600000318,40,08-07-26,101,HRC,COIL,11513:2017,BIS,cr3,72083990,N,7.453,77522407,MATCHED
2000,R_HR_CO,Hot Rolled Black Coil,26GJ0430R0,27.49,2001,2.5,1230,0011000144,JSW Vijayanagar Metallics Limited,26296950,5000105489,4600000318,40,08-07-26,101,HRC,COIL,11513:2017,BIS,cr3,72083990,N,7.453,37400209,MATCHED
2000,R_HR_CO,Hot Rolled Black Coil,26GJ0431R0,20.805,2001,2.2,1230,0011000139,JSW Steel Limited,26055326,5000105490,4600000317,20,08-07-26,101,HRC,COIL,11513:2017,BIS,cr3,72083990,N,7.453,71224083,MATCHED
2000,R_HR_CO,Hot Rolled Black Coil,26GJ0432R0,27.47,2001,2,1235,0011000144,JSW Vijayanagar Metallics Limited,26297181,5000105496,4600000318,20,08-07-26,101,HRC,COIL,11513:2017,BIS,cr3,72083990,N,7.453,76553187,MATCHED
2000,R_HR_CO,Hot Rolled Black Coil,26GJ0433R0,27.42,2001,2.8,1230,0011000144,JSW Vijayanagar Metallics Limited,26297208,5000105497,4600000318,60,08-07-26,101,HRC,COIL,11513:2017,BIS,cr2,72083990,N,7.453,91908668,MATCHED
2000,R_HR_CO,Hot Rolled Black Coil,26GJ0434R0,27.505,2001,2,1235,0011000144,JSW Vijayanagar Metallics Limited,26297183,5000105500,4600000318,20,08-07-26,101,HRC,COIL,11513:2017,BIS,cr3,72083990,N,7.453,72884773,MATCHED
2000,R_HR_CO,Hot Rolled Black Coil,26GJ0435R0,27.47,2001,2.2,1230,0011000144,JSW Vijayanagar Metallics Limited,26297090,5000105508,4600000318,30,08-07-26,101,HRC,COIL,11513:2017,BIS,cr3,72083990,N,7.453,11034369,MATCHED
2000,R_HR_CO,Hot Rolled Black Coil,26GJ0436R0,27.335,2001,2.2,1230,0011000144,JSW Vijayanagar Metallics Limited,26297184,5000105511,4600000318,30,08-07-26,101,HRC,COIL,11513:2017,BIS,cr3,72083990,N,7.453,34029100,MATCHED
2000,R_HR_CO,Hot Rolled Black Coil,26GJ0437R0,27.435,2001,2.2,1230,0011000144,JSW Vijayanagar Metallics Limited,26296906,5000105513,4600000318,30,08-07-26,101,HRC,COIL,11513:2017,BIS,cr3,72083990,N,7.453,40538221,MATCHED
2000,R_HR>3MM_CO,Hot Rolled Black Coil 3mm & Above,26GJ0438R0,27.47,2001,3.6,1265,0011000144,JSW Vijayanagar Metallics Limited,26297023,5000105514,4600000318,120,08-07-26,101,HRC,COIL,11513:2017,BIS,cr3,72083890,N,7.453,72978958,MATCHED
2000,R_HR_CO,Hot Rolled Black Coil,26GJ0439R0,27.47,2001,2.2,1230,0011000144,JSW Vijayanagar Metallics Limited,26296904,5000105521,4600000318,30,08-07-26,101,HRC,COIL,11513:2017,BIS,cr3,72083990,N,7.453,10862027,MATCHED
2000,R_HR_CO,Hot Rolled Black Coil,26GJ0440R0,26.965,2001,2.8,1190,0011000144,JSW Vijayanagar Metallics Limited,26297935,5000105522,4600000318,50,08-07-26,101,HRC,COIL,11513:2017,BIS,cr2,72083990,N,7.453,98620292,MATCHED
2000,R_HR_CO,Hot Rolled Black Coil,26GJ0441R0,27.64,2001,2.8,1190,0011000144,JSW Vijayanagar Metallics Limited,26297930,5000105523,4600000318,50,08-07-26,101,HRC,COIL,11513:2017,BIS,cr2,72083990,N,7.453,45982914,MATCHED
2000,R_HR_CO,Hot Rolled Black Coil,26GJ0442R0,23.31,2001,2.8,1260,0011000144,JSW Vijayanagar Metallics Limited,26297945,5000105524,4600000318,70,08-07-26,101,HRC,COIL,11513:2017,BIS,cr2,72083990,N,7.453,89953850,MATCHED
2000,R_HR_CO,Hot Rolled Black Coil,26GJ0443R0,22.865,2001,2.2,1230,0011000144,JSW Vijayanagar Metallics Limited,26293172,5000105525,4600000318,30,08-07-26,101,HRC,COIL,11513:2017,BIS,cr3,72083990,N,7.453,65100240,MATCHED
2000,R_HR_CO,Hot Rolled Black Coil,26GJ0444R0,24.235,2001,2.8,1230,0011000144,JSW Vijayanagar Metallics Limited,26297316,5000105526,4600000318,60,08-07-26,101,HRC,COIL,11513:2017,BIS,cr2,72083990,N,7.453,96224139,MATCHED
2000,R_HR_CO,Hot Rolled Black Coil,26GJ0445R0,26.865,2001,2.8,1190,0011000144,JSW Vijayanagar Metallics Limited,26297934,5000105527,4600000318,50,08-07-26,101,HRC,COIL,11513:2017,BIS,cr2,72083990,N,7.453,40792106,MATCHED
2000,R_HR_CO,Hot Rolled Black Coil,26GJ0446R0,24.165,2001,2.8,1230,0011000144,JSW Vijayanagar Metallics Limited,26297210,5000105529,4600000318,60,08-07-26,101,HRC,COIL,11513:2017,BIS,cr2,72083990,N,7.453,88303590,MATCHED
2000,R_HR>3MM_CO,Hot Rolled Black Coil 3mm & Above,26GJ0447R0,26.82,2001,3.6,1265,0011000144,JSW Vijayanagar Metallics Limited,26297020,5000105530,4600000318,120,08-07-26,101,HRC,COIL,11513:2017,BIS,cr3,72083890,N,7.453,65794046,MATCHED
2000,R_HR>3MM_CO,Hot Rolled Black Coil 3mm & Above,26GJ0448R0,27.535,2001,3.6,1265,0011000144,JSW Vijayanagar Metallics Limited,26296925,5000105531,4600000318,120,08-07-26,101,HRC,COIL,11513:2017,BIS,cr3,72083890,N,7.453,56559064,MATCHED
2000,R_HR_CO,Hot Rolled Black Coil,26GJ0449R0,26.015,2001,2.2,1230,0011000144,JSW Vijayanagar Metallics Limited,26297320,5000105533,4600000318,30,08-07-26,101,HRC,COIL,11513:2017,BIS,cr3,72083990,N,7.453,49962307,MATCHED
2000,R_HR_CO,Hot Rolled Black Coil,26GJ0450R0,27.47,2001,2.5,1230,0011000144,JSW Vijayanagar Metallics Limited,26297318,5000105534,4600000318,40,08-07-26,101,HRC,COIL,11513:2017,BIS,cr3,72083990,N,7.453,93996241,MATCHED
2000,R_HR_CO,Hot Rolled Black Coil,26GJ0451R0,27.505,2001,2.8,1190,0011000144,JSW Vijayanagar Metallics Limited,26297942,5000105535,4600000318,50,08-07-26,101,HRC,COIL,11513:2017,BIS,cr2,72083990,N,7.453,93001221,MATCHED
2000,R_HR_CO,Hot Rolled Black Coil,26GJ0452R0,27.545,2001,2.5,1230,0011000144,JSW Vijayanagar Metallics Limited,26296793,5000105536,4600000318,40,08-07-26,101,HRC,COIL,11513:2017,BIS,cr3,72083990,N,7.453,71641959,MATCHED
2000,R_HR_CO,Hot Rolled Black Coil,26GJ0453R0,27.695,2001,2.2,1230,0011000144,JSW Vijayanagar Metallics Limited,26297091,5000105538,4600000318,30,08-07-26,101,HRC,COIL,11513:2017,BIS,cr3,72083990,N,7.453,15002725,MATCHED
2000,R_HR_CO,Hot Rolled Black Coil,26GJ0454R0,27.5,2001,2,1235,0011000144,JSW Vijayanagar Metallics Limited,26297180,5000105540,4600000318,20,08-07-26,101,HRC,COIL,11513:2017,BIS,cr3,72083990,N,7.453,76494768,MATCHED
2000,R_HR>3MM_CO,Hot Rolled Black Coil 3mm & Above,26GJ0455R0,27.475,2001,3.6,1265,0011000144,JSW Vijayanagar Metallics Limited,26297022,5000105546,4600000318,120,08-07-26,101,HRC,COIL,11513:2017,BIS,cr3,72083890,N,7.453,78629142,MATCHED
2000,R_HR>3MM_CO,Hot Rolled Black Coil 3mm & Above,26GJ0456R0,27.425,2001,3.6,1265,0011000144,JSW Vijayanagar Metallics Limited,26296926,5000105550,4600000318,120,08-07-26,101,HRC,COIL,11513:2017,BIS,cr3,72083890,N,7.453,74775777,MATCHED
2000,R_HR_CO,Hot Rolled Black Coil,26GJ0457R0,27.74,2001,2.2,1230,0011000144,JSW Vijayanagar Metallics Limited,26297175,5000105554,4600000318,30,08-07-26,101,HRC,COIL,11513:2017,BIS,cr3,72083990,N,7.453,70368718,MATCHED
2000,R_HR_CO,Hot Rolled Black Coil,26GJ0458R0,27.51,2001,2.2,1230,0011000144,JSW Vijayanagar Metallics Limited,26297173,5000105556,4600000318,30,08-07-26,101,HRC,COIL,11513:2017,BIS,cr3,72083990,N,7.453,67886127,MATCHED
2000,R_HR_CO,Hot Rolled Black Coil,26GJ0459R0,27.14,2001,2.8,1260,0011000144,JSW Vijayanagar Metallics Limited,26297847,5000105559,4600000318,70,08-07-26,101,HRC,COIL,11513:2017,BIS,cr2,72083990,N,7.453,25742026,MATCHED
2000,R_HR_CO,Hot Rolled Black Coil,26GJ0460R0,27.37,2001,2,1235,0011000144,JSW Vijayanagar Metallics Limited,26297178,5000105560,4600000318,20,08-07-26,101,HRC,COIL,11513:2017,BIS,cr3,72083990,N,7.453,96315057,MATCHED
2000,R_HR>3MM_CO,Hot Rolled Black Coil 3mm & Above,26GJ0461R0,27.485,2001,3.6,1265,0011000144,JSW Vijayanagar Metallics Limited,26297024,5000105561,4600000318,120,08-07-26,101,HRC,COIL,11513:2017,BIS,cr3,72083890,N,7.453,46352602,MATCHED
2000,R_HR_CO,Hot Rolled Black Coil,26GJ0462R0,27.265,2001,2.8,1260,0011000144,JSW Vijayanagar Metallics Limited,26297944,5000105562,4600000318,70,08-07-26,101,HRC,COIL,11513:2017,BIS,cr2,72083990,N,7.453,34542068,MATCHED
2000,R_HR_CO,Hot Rolled Black Coil,26GJ0463R0,26.935,2001,2,1235,0011000144,JSW Vijayanagar Metallics Limited,26296799,5000105563,4600000318,20,08-07-26,101,HRC,COIL,11513:2017,BIS,cr3,72083990,N,7.453,64528951,MATCHED
2000,R_HR_CO,Hot Rolled Black Coil,26GJ0464R0,27.455,2001,2,1235,0011000144,JSW Vijayanagar Metallics Limited,26296797,5000105564,4600000318,20,08-07-26,101,HRC,COIL,11513:2017,BIS,cr3,72083990,N,7.453,22773196,MATCHED
2000,R_HR>3MM_CO,Hot Rolled Black Coil 3mm & Above,26GJ0465R0,27.475,2001,3.6,1265,0011000144,JSW Vijayanagar Metallics Limited,26296929,5000105566,4600000318,120,08-07-26,101,HRC,COIL,11513:2017,BIS,cr3,72083890,N,7.453,24967557,MATCHED
2000,R_HR_CO,Hot Rolled Black Coil,26GJ0466R0,20.285,2001,2,1235,0011000139,JSW Steel Limited,26055432,5000105630,4600000324,30,17-07-26,101,HRC,COIL,11513:2017,BIS,cr3,72083990,N,7.453,55242655,MATCHED
2000,R_HR_CO,Hot Rolled Black Coil,26GJ0467R0,21.16,2001,2,1235,0011000139,JSW Steel Limited,26057240,5000105631,4600000324,30,17-07-26,101,HRC,COIL,11513:2017,BIS,cr3,72083990,N,7.453,65496781,MATCHED
2000,R_HR_CO,Hot Rolled Black Coil,26GJ0468R0,21.05,2001,2,1235,11000139,JSW-VJNR,26056733,5000105633,4600000324,30,18-07-26,101,HRC,COIL,11513:2017,BIS,cr3,72083990,N,7.453,70273304,MATCHED
2000,R_HR_CO,Hot Rolled Black Coil,26GJ0469R0,20.87,2001,2,1235,11000139,JSW-VJNR,26057241,5000105633,4600000324,30,18-07-26,101,HRC,COIL,11513:2017,BIS,cr3,72083990,N,7.453,42338857,MATCHED
2000,R_HR_CO,Hot Rolled Black Coil,26GJ0470R0,17.28,2001,2,1235,0011000139,JSW Steel Limited,26056730,5000105634,4600000324,30,17-07-26,101,HRC,COIL,11513:2017,BIS,cr3,72083990,N,7.453,83075785,MATCHED
2000,R_HR_CO,Hot Rolled Black Coil,26GJ0471R0,21.26,2001,2,1235,0011000139,JSW Steel Limited,26055428,5000105635,4600000324,30,17-07-26,101,HRC,COIL,11513:2017,BIS,cr3,72083990,N,7.453,76376733,MATCHED
2000,R_HR_CO,Hot Rolled Black Coil,26GJ0472R0,21.17,2001,2.5,1230,0011000139,JSW Steel Limited,26057237,5000105639,4600000324,20,17-07-26,101,HRC,COIL,11513:2017,BIS,cr3,72083990,N,7.453,71131901,MATCHED
2000,R_HR_CO,Hot Rolled Black Coil,26GJ0473R0,20.975,2001,2.5,1230,0011000139,JSW Steel Limited,26596917,5000105639,4600000324,20,17-07-26,101,HRC,COIL,11513:2017,BIS,cr3,72083990,N,7.453,76904372,MATCHED
2000,R_HR_CO,Hot Rolled Black Coil,26GJ0474R0,21.02,2001,2.5,1230,0011000139,JSW Steel Limited,26057236,5000105642,4600000324,20,17-07-26,101,HRC,COIL,11513:2017,BIS,cr3,72083990,N,7.453,87517834,MATCHED
2000,R_HR_CO,Hot Rolled Black Coil,26GJ0475R0,20.96,2001,2.5,1230,0011000139,JSW Steel Limited,26057238,5000105642,4600000324,20,17-07-26,101,HRC,COIL,11513:2017,BIS,cr3,72083990,N,7.453,59754918,MATCHED
2000,R_HR_CO,Hot Rolled Black Coil,26GJ0476R0,21.185,2001,2,1235,0011000139,JSW Steel Limited,26056676,5000105645,4600000321,10,16-07-26,101,HRC,COIL,11513:2017,BIS,cr3,72083990,N,7.453,91000313,MATCHED
2000,R_HR_CO,Hot Rolled Black Coil,26GJ0477R0,21.135,2001,2,1235,0011000139,JSW Steel Limited,26057239,5000105645,4600000321,10,16-07-26,101,HRC,COIL,11513:2017,BIS,cr3,72083990,N,7.453,87112708,MATCHED
2000,R_HR_CO,Hot Rolled Black Coil,26GJ0478R0,20.94,2001,2,1235,0011000139,JSW Steel Limited,26056668,5000105649,4600000321,10,16-07-26,101,HRC,COIL,11513:2017,BIS,cr3,72083990,N,7.453,98020203,MATCHED
2000,R_HR_CO,Hot Rolled Black Coil,26GJ0479R0,20.81,2001,2,1235,0011000139,JSW Steel Limited,26056669,5000105649,4600000324,30,17-07-26,101,HRC,COIL,11513:2017,BIS,cr3,72083990,N,7.453,20901224,MATCHED
2000,R_HR>3MM_CO,Hot Rolled Black Coil 3mm & Above,26GJ0480R0,27.475,2001,3,1260,0011000144,JSW Vijayanagar Metallics Limited,26297029,5000105651,4600000325,40,17-07-26,101,HRC,COIL,11513:2017,BIS,cr2,72083890,N,7.453,28846068,MATCHED
2000,R_HR>3MM_CO,Hot Rolled Black Coil 3mm & Above,26GJ0481R0,27.385,2001,3,1260,0011000144,JSW Vijayanagar Metallics Limited,26297026,5000105653,4600000325,40,17-07-26,101,HRC,COIL,11513:2017,BIS,cr2,72083890,N,7.453,61211972,MATCHED
2000,R_HR>3MM_CO,Hot Rolled Black Coil 3mm & Above,26GJ0482R0,27.39,2001,3,1260,0011000144,JSW Vijayanagar Metallics Limited,26297032,5000105659,4600000325,40,17-07-26,101,HRC,COIL,11513:2017,BIS,cr2,72083890,N,7.453,43783833,MATCHED
2000,R_HR>3MM_CO,Hot Rolled Black Coil 3mm & Above,26GJ0483R0,27.44,2001,3,1260,0011000144,JSW Vijayanagar Metallics Limited,26297025,5000105661,4600000325,40,17-07-26,101,HRC,COIL,11513:2017,BIS,cr2,72083890,N,7.453,20867762,MATCHED
2000,R_HR>3MM_CO,Hot Rolled Black Coil 3mm & Above,26GJ0484R0,27.035,2001,3,1260,0011000144,JSW Vijayanagar Metallics Limited,26297156,5000105662,4600000325,40,17-07-26,101,HRC,COIL,11513:2017,BIS,cr2,72083890,N,7.453,93607020,MATCHED
2000,R_HR>3MM_CO,Hot Rolled Black Coil 3mm & Above,26GJ0485R0,27.175,2001,3,1260,0011000139,JSW Steel Limited,26298014,5000105664,4600000317,80,08-07-26,101,HRC,COIL,11513:2017,BIS,cr2,72083890,N,7.453,18990416,MATCHED
2000,R_HR>3MM_CO,Hot Rolled Black Coil 3mm & Above,26GJ0486R0,27.235,2001,3,1260,0011000144,JSW Vijayanagar Metallics Limited,26298015,5000105669,4600000318,90,08-07-26,101,HRC,COIL,11513:2017,BIS,cr2,72083890,N,7.453,93120661,MATCHED
2000,R_HR>3MM_CO,Hot Rolled Black Coil 3mm & Above,26GJ0487R0,27.57,2001,3,1260,0011000144,JSW Vijayanagar Metallics Limited,26297030,5000105672,4600000318,90,08-07-26,101,HRC,COIL,11513:2017,BIS,cr2,72083890,N,7.453,95130627,MATCHED
2000,R_HR>3MM_CO,Hot Rolled Black Coil 3mm & Above,26GJ0488R0,26.135,2001,3,1260,0011000144,JSW Vijayanagar Metallics Limited,26297532,5000105673,4600000318,90,08-07-26,101,HRC,COIL,11513:2017,BIS,cr2,72083890,N,7.453,87469346,MATCHED
2000,R_HR>3MM_CO,Hot Rolled Black Coil 3mm & Above,26GJ0489R0,27.48,2001,3,1260,0011000144,JSW Vijayanagar Metallics Limited,26297028,5000105675,4600000318,90,08-07-26,101,HRC,COIL,11513:2017,BIS,cr2,72083890,N,7.453,93260865,MATCHED
2000,R_HR>3MM_CO,Hot Rolled Black Coil 3mm & Above,26GJ0490R0,27.42,2001,3,1260,0011000144,JSW Vijayanagar Metallics Limited,26297031,5000105678,4600000318,90,08-07-26,101,HRC,COIL,11513:2017,BIS,cr2,72083890,N,7.453,39191216,MATCHED
2000,R_HR>3MM_CO,Hot Rolled Black Coil 3mm & Above,26GJ0491R0,27.585,2001,3,1260,0011000144,JSW Vijayanagar Metallics Limited,26297027,5000105680,4600000318,90,08-07-26,101,HRC,COIL,11513:2017,BIS,cr2,72083890,N,7.453,81717852,MATCHED
2000,R_HR>3MM_CO,Hot Rolled Black Coil 3mm & Above,26GJ0492R0,27.545,2001,3,1260,0011000144,JSW Vijayanagar Metallics Limited,26298013,5000105682,4600000318,90,08-07-26,101,HRC,COIL,11513:2017,BIS,cr2,72083890,N,7.453,58984843,MATCHED
2000,R_HR>3MM_CO,Hot Rolled Black Coil 3mm & Above,26GJ0493R0,27.42,2001,3,1260,0011000144,JSW Vijayanagar Metallics Limited,26297533,5000105684,4600000318,90,08-07-26,101,HRC,COIL,11513:2017,BIS,cr2,72083890,N,7.453,71765116,MATCHED
2000,R_HR>3MM_CO,Hot Rolled Black Coil 3mm & Above,26GJ0494R0,26.955,2001,3,1260,0011000144,JSW Vijayanagar Metallics Limited,26297154,5000105688,4600000318,90,08-07-26,101,HRC,COIL,11513:2017,BIS,cr2,72083890,N,7.453,94535417,MATCHED
2000,R_HR>3MM_CO,Hot Rolled Black Coil 3mm & Above,26GJ0495R0,26.94,2001,3,1260,0011000144,JSW Vijayanagar Metallics Limited,26297155,5000105689,4600000318,90,08-07-26,101,HRC,COIL,11513:2017,BIS,cr2,72083890,N,7.453,88369719,MATCHED
2000,R_HR>3MM_CO,Hot Rolled Black Coil 3mm & Above,26GJ0497R0,27.525,2001,3.6,1265,0011000144,JSW Vijayanagar Metallics Limited,26596414,5000105730,4600000326,20,18-07-26,101,HRC,COIL,11513:2017,BIS,cr3,72083890,N,7.453,35537036,MATCHED
2000,R_HR>3MM_CO,Hot Rolled Black Coil 3mm & Above,26GJ0498R0,21,2001,3,1265,0011000139,JSW Steel Limited,26055243,5000105731,4600000327,10,18-07-26,101,HRC,COIL,11513:2017,BIS,cr3,72083890,N,7.453,46903855,MATCHED
2000,R_HR>3MM_CO,Hot Rolled Black Coil 3mm & Above,26GJ0499R0,27.23,2001,3,1500,0011000139,JSW Steel Limited,26596320,5000105889,4600000328,10,20-07-26,101,HRC,COIL,11513:2017,BIS,cr3,72083890,N,7.453,65250204,MATCHED
2000,R_HR>3MM_CO,Hot Rolled Black Coil 3mm & Above,26GJ0500R0,27.19,2001,3,1500,0011000139,JSW Steel Limited,26596414,5000105890,4600000328,10,20-07-26,101,HRC,COIL,11513:2017,BIS,cr3,72083890,N,7.453,92999106,MATCHED
2000,R_HR_CO,Hot Rolled Black Coil,26GJ0637R0,21.43,2001,2.2,1230,0011000139,JSW Steel Limited,26064448,5000106488,4600000331,20,27-07-26,101,HRC,COIL,11513:2017,BIS,cr3,72083990,N,7.453,48220713,MATCHED
2000,R_HR_CO,Hot Rolled Black Coil,26GJ0638R0,21.36,2001,2.2,1230,0011000139,JSW Steel Limited,26064454,5000106488,4600000331,20,27-07-26,101,HRC,COIL,11513:2017,BIS,cr3,72083990,N,7.453,24087605,MATCHED
2000,R_HR_CO,Hot Rolled Black Coil,26GJ0639R0,21.31,2001,2.2,1230,0011000139,JSW Steel Limited,26064463,5000106489,4600000331,20,27-07-26,101,HRC,COIL,11513:2017,BIS,cr3,72083990,N,7.453,60068097,MATCHED
2000,R_HR_CO,Hot Rolled Black Coil,26GJ0640R0,21.09,2001,2.2,1230,0011000139,JSW Steel Limited,26064710,5000106489,4600000331,20,27-07-26,101,HRC,COIL,11513:2017,BIS,cr3,72083990,N,7.453,20941915,MATCHED
2000,R_HR_CO,Hot Rolled Black Coil,26GJ0641R0,21.31,2001,2,1235,0011000139,JSW Steel Limited,26064756,5000106490,4600000331,10,27-07-26,101,HRC,COIL,11513:2017,BIS,cr3,72083990,N,7.453,11028729,MATCHED
2000,R_HR_CO,Hot Rolled Black Coil,26GJ0642R0,21.45,2001,2,1235,0011000139,JSW Steel Limited,26064453,5000106490,4600000331,20,27-07-26,101,HRC,COIL,11513:2017,BIS,cr3,72083990,N,7.453,15098426,MATCHED
2000,R_HR_CO,Hot Rolled Black Coil,26GJ0643R0,21.12,2001,2.2,1230,0011000139,JSW Steel Limited,26064586,5000106491,4600000331,20,27-07-26,101,HRC,COIL,11513:2017,BIS,cr3,72083990,N,7.453,81017698,MATCHED
2000,R_HR_CO,Hot Rolled Black Coil,26GJ0644R0,20.84,2001,2.2,1230,0011000139,JSW Steel Limited,26064946,5000106491,4600000331,20,27-07-26,101,HRC,COIL,11513:2017,BIS,cr3,72083990,N,7.453,39430270,MATCHED
2000,R_HR_CO,Hot Rolled Black Coil,26GJ0645R0,21.07,2001,2,1235,0011000139,JSW Steel Limited,26064550,5000106610,4600000331,10,27-07-26,101,HRC,COIL,11513:2017,BIS,cr3,72083990,N,7.453,47601193,MATCHED
2000,R_HR_CO,Hot Rolled Black Coil,26GJ0646R0,21.19,2001,2,1235,0011000139,JSW Steel Limited,26064650,5000106610,4600000331,10,27-07-26,101,HRC,COIL,11513:2017,BIS,cr3,72083990,N,7.453,83637578,MATCHED
2000,R_HR_CO,Hot Rolled Black Coil,26GJ0647R0,20.195,2001,2,1235,0011000139,JSW Steel Limited,26064503,5000106619,4600000331,10,27-07-26,101,HRC,COIL,11513:2017,BIS,cr3,72083990,N,7.453,78064479,MATCHED
2000,R_HR_CO,Hot Rolled Black Coil,26GJ0648R0,21.475,2001,2,1235,0011000139,JSW Steel Limited,26064520,5000106619,4600000331,10,27-07-26,101,HRC,COIL,11513:2017,BIS,cr3,72083990,N,7.453,23233317,MATCHED
2000,R_HR_CO,Hot Rolled Black Coil,26GJ0649R0,21.14,2001,2.2,1230,0011000139,JSW Steel Limited,26064588,5000106624,4600000331,20,27-07-26,101,HRC,COIL,11513:2017,BIS,cr3,72083990,N,7.453,13879449,MATCHED
2000,R_HR_CO,Hot Rolled Black Coil,26GJ0650R0,21.075,2001,2.2,1230,0011000139,JSW Steel Limited,26064707,5000106624,4600000331,20,27-07-26,101,HRC,COIL,11513:2017,BIS,cr3,72083990,N,7.453,79409142,MATCHED
2000,R_HR_CO,Hot Rolled Black Coil,26GJ0667R0,21.57,2001,2.2,1230,0011000139,JSW Steel Limited,26064442,5000106853,4600000331,20,27-07-26,101,HRC,COIL,11513:2017,BIS,cr3,72083990,N,7.453,50681247,MATCHED
2000,R_HR_CO,Hot Rolled Black Coil,26GJ0668R0,21.49,2001,2.2,1230,0011000139,JSW Steel Limited,26064593,5000106854,4600000331,20,27-07-26,101,HRC,COIL,11513:2017,BIS,cr3,72083990,N,7.453,84065701,MATCHED
2000,R_HR_CO,Hot Rolled Black Coil,26GJ0669R0,21.235,2001,2.2,1230,0011000139,JSW Steel Limited,26064556,5000106855,4600000331,20,27-07-26,101,HRC,COIL,11513:2017,BIS,cr3,72083990,N,7.453,65181300,MATCHED
2000,R_HR_CO,Hot Rolled Black Coil,26GJ0670R0,21.06,2001,2.2,1260,0011000139,JSW Steel Limited,26064639,5000106856,4600000331,30,27-07-26,101,HRC,COIL,11513:2017,BIS,cr3,72083990,N,7.453,28389285,MATCHED
2000,R_HR_CO,Hot Rolled Black Coil,26GJ0671R0,21.37,2001,2.2,1230,0011000139,JSW Steel Limited,26064590,5000106857,4600000331,20,27-07-26,101,HRC,COIL,11513:2017,BIS,cr3,72083990,N,7.453,54121530,MATCHED
2000,R_HR_CO,Hot Rolled Black Coil,26GJ0672R0,27.55,2001,2.5,1260,0011000144,JSW Vijayanagar Metallics Limited,26304623,5000106860,4600000332,50,27-07-26,101,HRC,COIL,11513:2017,BIS,cr3,72083990,N,7.453,26835331,MATCHED
2000,R_HR_CO,Hot Rolled Black Coil,26GJ0673R0,26.675,2001,2.5,1230,0011000144,JSW Vijayanagar Metallics Limited,26304753,5000106861,4600000332,40,27-07-26,101,HRC,COIL,11513:2017,BIS,cr3,72083990,N,7.453,53877383,MATCHED
2000,R_HR_CO,Hot Rolled Black Coil,26GJ0674R0,21.42,2001,2.2,1230,0011000139,JSW Steel Limited,26064456,5000106862,4600000331,20,27-07-26,101,HRC,COIL,11513:2017,BIS,cr3,72083990,N,7.453,76463456,MATCHED
2000,R_HR>3MM_CO,Hot Rolled Black Coil 3mm & Above,26GJ0675R0,27.64,2001,3,1265,0011000144,JSW Vijayanagar Metallics Limited,26304551,5000106863,4600000332,70,27-07-26,101,HRC,COIL,11513:2017,BIS,cr3,72083890,N,7.453,74697726,MATCHED
2000,R_HR_CO,Hot Rolled Black Coil,26GJ0676R0,21.495,2001,2.2,1230,0011000139,JSW Steel Limited,26064557,5000106867,4600000331,20,27-07-26,101,HRC,COIL,11513:2017,BIS,cr3,72083990,N,7.453,65195566,MATCHED
2000,R_HR_CO,Hot Rolled Black Coil,26GJ0677R0,21.45,2001,2,1235,0011000139,JSW Steel Limited,26064460,5000106868,4600000331,10,27-07-26,101,HRC,COIL,11513:2017,BIS,cr3,72083990,N,7.453,94722100,MATCHED
2000,R_HR_CO,Hot Rolled Black Coil,26GJ0678R0,21.5,2001,2.2,1230,0011000139,JSW Steel Limited,26064444,5000106869,4600000331,20,27-07-26,101,HRC,COIL,11513:2017,BIS,cr3,72083990,N,7.453,75390594,MATCHED
2000,R_HR_CO,Hot Rolled Black Coil,26GJ0679R0,21.49,2001,2,1235,0011000139,JSW Steel Limited,26064510,5000106870,4600000331,10,27-07-26,101,HRC,COIL,11513:2017,BIS,cr3,72083990,N,7.453,65586967,MATCHED
2000,R_HR_CO,Hot Rolled Black Coil,26GJ0680R0,24.115,2001,2.5,1230,0011000144,JSW Vijayanagar Metallics Limited,26304723,5000106871,4600000332,40,27-07-26,101,HRC,COIL,11513:2017,BIS,cr3,72083990,N,7.453,11607016,MATCHED
2000,R_HR_CO,Hot Rolled Black Coil,26GT0116R0,28.31,2001,2.2,1230,0011000082,TATA STEEL LTD,268524099,5000104303,4600000311,20,25-06-26,101,HRC,COIL,11513:2017,BIS,cr3,72083990,N,7.453,16257940,MATCHED
2000,R_HR_CO,Hot Rolled Black Coil,26GT0117R0,28.64,2001,2,1235,0011000082,TATA STEEL LTD,268525068,5000104304,4600000311,10,25-06-26,101,HRC,COIL,11513:2017,BIS,cr3,72083990,N,7.453,90276118,MATCHED
2000,R_HR_CO,Hot Rolled Black Coil,26GT0118R0,28.77,2001,2,1235,0011000082,TATA STEEL LTD,268525067,5000104305,4600000311,10,25-06-26,101,HRC,COIL,11513:2017,BIS,cr3,72083990,N,7.453,13387521,MATCHED
2000,R_HR_CO,Hot Rolled Black Coil,26GT0119R0,28.64,2001,2.2,1230,0011000082,TATA STEEL LTD,268525062,5000104306,4600000311,20,25-06-26,101,HRC,COIL,11513:2017,BIS,cr3,72083990,N,7.453,58724928,MATCHED
2000,R_HR_CO,Hot Rolled Black Coil,26GT0120R0,28.39,2001,2.5,1245,0011000082,TATA STEEL LTD,268509083,5000104307,4600000311,80,30-06-26,101,HRC,COIL,11513:2017,BIS,cr3,72083990,N,7.453,62380800,MATCHED
2000,R_HR_CO,Hot Rolled Black Coil,26GT0121R0,23.8,2001,2,1235,0011000082,TATA STEEL LTD,268499057,5000104308,4600000311,10,25-06-26,101,HRC,COIL,11513:2017,BIS,cr3,72083990,N,7.453,85882616,MATCHED
2000,R_HR_CO,Hot Rolled Black Coil,26GT0122R0,28.7,2001,2.2,1230,0011000082,TATA STEEL LTD,268524100,5000104309,4600000311,20,25-06-26,101,HRC,COIL,11513:2017,BIS,cr3,72083990,N,7.453,63449391,MATCHED
2000,R_HR_CO,Hot Rolled Black Coil,26GT0123R0,23.4,2001,2,1235,0011000082,TATA STEEL LTD,268499084,5000104311,4600000311,10,25-06-26,101,HRC,COIL,11513:2017,BIS,cr3,72083990,N,7.453,47594975,MATCHED
2000,R_HR_CO,Hot Rolled Black Coil,26GT0124R0,23.9,2001,2,1235,0011000082,TATA STEEL LTD,268522072,5000104313,4600000311,10,25-06-26,101,HRC,COIL,11513:2017,BIS,cr3,72083990,N,7.453,58554700,MATCHED
2000,R_HR_CO,Hot Rolled Black Coil,26GT0125R0,28.4,2001,2.5,1245,0011000082,TATA STEEL LTD,268525072,5000104314,4600000311,80,30-06-26,101,HRC,COIL,11513:2017,BIS,cr3,72083990,N,7.453,23416108,MATCHED
2000,R_HR_CO,Hot Rolled Black Coil,26GT0126R0,23.65,2001,2,1235,0011000082,TATA STEEL LTD,268521095,5000104315,4600000311,10,25-06-26,101,HRC,COIL,11513:2017,BIS,cr3,72083990,N,7.453,67900583,MATCHED
2000,R_HR_CO,Hot Rolled Black Coil,26GT0127R0,28.62,2001,2.5,1230,0011000082,TATA STEEL LTD,268525059,5000104317,4600000311,30,25-06-26,101,HRC,COIL,11513:2017,BIS,cr3,72083990,N,7.453,27353288,MATCHED
2000,R_HR_CO,Hot Rolled Black Coil,26GT0128R0,28.52,2001,2.5,1230,0011000082,TATA STEEL LTD,268525054,5000104318,4600000311,30,25-06-26,101,HRC,COIL,11513:2017,BIS,cr3,72083990,N,7.453,68038228,MATCHED
2000,R_HR_CO,Hot Rolled Black Coil,26GT0129R0,28.6,2001,2,1235,0011000082,TATA STEEL LTD,268525064,5000104319,4600000311,10,25-06-26,101,HRC,COIL,11513:2017,BIS,cr3,72083990,N,7.453,16296295,MATCHED
2000,R_HR_CO,Hot Rolled Black Coil,26GT0130R0,28.7,2001,2.5,1230,0011000082,TATA STEEL LTD,268525056,5000104327,4600000311,30,25-06-26,101,HRC,COIL,11513:2017,BIS,cr3,72083990,N,7.453,31878910,MATCHED
2000,R_HR_CO,Hot Rolled Black Coil,26GT0131R0,23.72,2001,2,1235,0011000082,TATA STEEL LTD,268521083,5000104328,4600000311,10,25-06-26,101,HRC,COIL,11513:2017,BIS,cr3,72083990,N,7.453,88786242,MATCHED
2000,R_HR_CO,Hot Rolled Black Coil,26GT0132R0,20.82,2001,2,1235,0011000082,TATA STEEL LTD,268516103,5000104329,4600000311,10,25-06-26,101,HRC,COIL,11513:2017,BIS,cr3,72083990,N,7.453,82681890,MATCHED
2000,R_HR_CO,Hot Rolled Black Coil,26GT0133R0,28.8,2001,2.5,1230,0011000082,TATA STEEL LTD,268523103,5000104330,4600000311,30,25-06-26,101,HRC,COIL,11513:2017,BIS,cr3,72083990,N,7.453,87274256,MATCHED
2000,R_HR_CO,Hot Rolled Black Coil,26GT0134R0,28.88,2001,2.5,1230,0011000082,TATA STEEL LTD,268523116,5000104331,4600000311,30,25-06-26,101,HRC,COIL,11513:2017,BIS,cr3,72083990,N,7.453,10659240,MATCHED
2000,R_HR_CO,Hot Rolled Black Coil,26GT0135R0,28.61,2001,2.2,1230,0011000082,TATA STEEL LTD,268525061,5000104334,4600000311,20,25-06-26,101,HRC,COIL,11513:2017,BIS,cr3,72083990,N,7.453,81691942,MATCHED
2000,R_HR_CO,Hot Rolled Black Coil,26GT0136R0,28.81,2001,2.5,1230,0011000082,TATA STEEL LTD,268522062,5000104335,4600000311,30,25-06-26,101,HRC,COIL,11513:2017,BIS,cr3,72083990,N,7.453,89495237,MATCHED
2000,R_HR_CO,Hot Rolled Black Coil,26GT0137R0,28.69,2001,2.5,1230,0011000082,TATA STEEL LTD,268525055,5000104336,4600000311,30,25-06-26,101,HRC,COIL,11513:2017,BIS,cr3,72083990,N,7.453,54131203,MATCHED
2000,R_HR_CO,Hot Rolled Black Coil,26GT0138R0,28.59,2001,2.2,1230,0011000082,TATA STEEL LTD,268525060,5000104337,4600000311,20,25-06-26,101,HRC,COIL,11513:2017,BIS,cr3,72083990,N,7.453,12806246,MATCHED
2000,R_HR_CO,Hot Rolled Black Coil,26GT0139R0,20.69,2001,2,1235,0011000082,TATA STEEL LTD,268489080,5000104338,4600000311,10,25-06-26,101,HRC,COIL,11513:2017,BIS,cr3,72083990,N,7.453,51700337,MATCHED
2000,R_HR_CO,Hot Rolled Black Coil,26GT0140R0,28.67,2001,2.2,1230,0011000082,TATA STEEL LTD,268524094,5000104340,4600000311,20,25-06-26,101,HRC,COIL,11513:2017,BIS,cr3,72083990,N,7.453,63817756,MATCHED
2000,R_HR_CO,Hot Rolled Black Coil,26GT0141R0,28.46,2001,2.5,1230,0011000082,TATA STEEL LTD,268524088,5000104348,4600000311,30,25-06-26,101,HRC,COIL,11513:2017,BIS,cr3,72083990,N,7.453,76071845,MATCHED
2000,R_HR_CO,Hot Rolled Black Coil,26GT0142R0,28.56,2001,2.2,1230,0011000082,TATA STEEL LTD,268524092,5000104354,4600000311,20,25-06-26,101,HRC,COIL,11513:2017,BIS,cr3,72083990,N,7.453,63246123,MATCHED
2000,R_HR_CO,Hot Rolled Black Coil,26GT0143R0,28.63,2001,2,1235,0011000082,TATA STEEL LTD,268524084,5000104356,4600000311,10,25-06-26,101,HRC,COIL,11513:2017,BIS,cr3,72083990,N,7.453,78708254,MATCHED
2000,R_HR_CO,Hot Rolled Black Coil,26GT0144R0,28.58,2001,2,1235,0011000082,TATA STEEL LTD,268524082,5000104357,4600000311,10,25-06-26,101,HRC,COIL,11513:2017,BIS,cr3,72083990,N,7.453,89407499,MATCHED
2000,R_HR_CO,Hot Rolled Black Coil,26GT0145R0,28.69,2001,2.2,1230,0011000082,TATA STEEL LTD,268524101,5000104359,4600000311,20,25-06-26,101,HRC,COIL,11513:2017,BIS,cr3,72083990,N,7.453,47647220,MATCHED
2000,R_HR_CO,Hot Rolled Black Coil,26GT0146R0,28.34,2001,2.5,1230,0011000082,TATA STEEL LTD,268524067,5000104361,4600000311,30,25-06-26,101,HRC,COIL,11513:2017,BIS,cr3,72083990,N,7.453,74803444,MATCHED
2000,R_HR_CO,Hot Rolled Black Coil,26GT0147R0,28.66,2001,2.2,1230,0011000082,TATA STEEL LTD,268524090,5000104363,4600000311,20,25-06-26,101,HRC,COIL,11513:2017,BIS,cr3,72083990,N,7.453,60284291,MATCHED
2000,R_HR_CO,Hot Rolled Black Coil,26GT0148R0,28.73,2001,2,1235,0011000082,TATA STEEL LTD,268524083,5000104378,4600000311,10,25-06-26,101,HRC,COIL,11513:2017,BIS,cr3,72083990,N,7.453,93806090,MATCHED
2000,R_HR_CO,Hot Rolled Black Coil,26GT0149R0,28.7,2001,2.2,1230,0011000082,TATA STEEL LTD,268524091,5000104380,4600000311,20,25-06-26,101,HRC,COIL,11513:2017,BIS,cr3,72083990,N,7.453,60417546,MATCHED
2000,R_HR_CO,Hot Rolled Black Coil,26GT0150R0,28.68,2001,2.2,1230,0011000082,TATA STEEL LTD,268525058,5000104381,4600000311,20,25-06-26,101,HRC,COIL,11513:2017,BIS,cr3,72083990,N,7.453,79873763,MATCHED
2000,R_HR_CO,Hot Rolled Black Coil,26GT0151R0,28.58,2001,2.5,1230,0011000082,TATA STEEL LTD,268525057,5000104383,4600000311,30,25-06-26,101,HRC,COIL,11513:2017,BIS,cr3,72083990,N,7.453,44088861,MATCHED
2000,R_HR_CO,Hot Rolled Black Coil,26GT0152R0,28.6,2001,2.2,1230,0011000082,TATA STEEL LTD,268525065,5000104388,4600000311,20,25-06-26,101,HRC,COIL,11513:2017,BIS,cr3,72083990,N,7.453,63967830,MATCHED
2000,R_HR_CO,Hot Rolled Black Coil,26GT0153R0,28.67,2001,2,1235,0011000082,TATA STEEL LTD,268525071,5000104389,4600000311,10,25-06-26,101,HRC,COIL,11513:2017,BIS,cr3,72083990,N,7.453,16152394,MATCHED
2000,R_HR_CO,Hot Rolled Black Coil,26GT0154R0,20.74,2001,2,1235,0011000082,TATA STEEL LTD,268516127,5000104391,4600000311,10,25-06-26,101,HRC,COIL,11513:2017,BIS,cr3,72083990,N,7.453,27691956,MATCHED
2000,R_HR_CO,Hot Rolled Black Coil,26GT0155R0,23.5,2001,2,1235,0011000082,TATA STEEL LTD,268518088,5000104393,4600000311,10,25-06-26,101,HRC,COIL,11513:2017,BIS,cr3,72083990,N,7.453,70144436,MATCHED
2000,R_HR_CO,Hot Rolled Black Coil,26GT0156R0,28.58,2001,2.2,1230,0011000082,TATA STEEL LTD,268524098,5000104395,4600000311,20,25-06-26,101,HRC,COIL,11513:2017,BIS,cr3,72083990,N,7.453,86798825,MATCHED
2000,R_HR_CO,Hot Rolled Black Coil,26GT0157R0,28.56,2001,2.5,1230,0011000082,TATA STEEL LTD,268524089,5000104396,4600000311,30,25-06-26,101,HRC,COIL,11513:2017,BIS,cr3,72083990,N,7.453,76748675,MATCHED
2000,R_HR_CO,Hot Rolled Black Coil,26GT0158R0,28.66,2001,2,1235,0011000082,TATA STEEL LTD,268524081,5000104397,4600000311,10,25-06-26,101,HRC,COIL,11513:2017,BIS,cr3,72083990,N,7.453,44595866,MATCHED
2000,R_HR_CO,Hot Rolled Black Coil,26GT0159R0,21.05,2001,2,1235,0011000082,TATA STEEL LTD,268503118A,5000104398,4600000311,10,25-06-26,101,HRC,COIL,11513:2017,BIS,cr3,72083990,N,7.453,53925975,MATCHED
2000,R_HR_CO,Hot Rolled Black Coil,26GT0160R0,28.68,2001,2,1235,0011000082,TATA STEEL LTD,268522076,5000104400,4600000311,10,25-06-26,101,HRC,COIL,11513:2017,BIS,cr3,72083990,N,7.453,91633787,MATCHED
2000,R_HR_CO,Hot Rolled Black Coil,26GT0161R0,28.81,2001,2,1235,0011000082,TATA STEEL LTD,268522079,5000104403,4600000311,10,25-06-26,101,HRC,COIL,11513:2017,BIS,cr3,72083990,N,7.453,13947091,MATCHED
2000,R_HR_CO,Hot Rolled Black Coil,26GT0162R0,22.28,2001,2,1235,0011000082,TATA STEEL LTD,268506056,5000104405,4600000311,10,25-06-26,101,HRC,COIL,11513:2017,BIS,cr3,72083990,N,7.453,50615833,MATCHED
2000,R_HR_CO,Hot Rolled Black Coil,26GT0163R0,28.66,2001,2,1235,0011000082,TATA STEEL LTD,268524080,5000104406,4600000311,10,25-06-26,101,HRC,COIL,11513:2017,BIS,cr3,72083990,N,7.453,19284129,MATCHED
2000,R_HR_CO,Hot Rolled Black Coil,26GT0164R0,23.8,2001,2,1235,0011000082,TATA STEEL LTD,268522073,5000104408,4600000311,10,25-06-26,101,HRC,COIL,11513:2017,BIS,cr3,72083990,N,7.453,95472166,MATCHED
2000,R_HR_CO,Hot Rolled Black Coil,26GT0165R0,28.67,2001,2,1235,0011000082,TATA STEEL LTD,268522077,5000104412,4600000311,10,25-06-26,101,HRC,COIL,11513:2017,BIS,cr3,72083990,N,7.453,71766377,MATCHED
2000,R_HR_CO,Hot Rolled Black Coil,26GT0166R0,28.12,2001,2.5,1245,0011000082,TATA STEEL LTD,268519083,5000104415,4600000311,80,30-06-26,101,HRC,COIL,11513:2017,BIS,cr3,72083990,N,7.453,31955861,MATCHED
2000,R_HR_CO,Hot Rolled Black Coil,26GT0167R0,28.68,2001,2.2,1230,0011000082,TATA STEEL LTD,268524093,5000104417,4600000311,20,25-06-26,101,HRC,COIL,11513:2017,BIS,cr3,72083990,N,7.453,62351833,MATCHED
2000,R_HR_CO,Hot Rolled Black Coil,26GT0168R0,28.6,2001,2,1235,0011000082,TATA STEEL LTD,268523126,5000104447,4600000311,10,25-06-26,101,HRC,COIL,11513:2017,BIS,cr3,72083990,N,7.453,90595610,MATCHED
2000,R_HR_CO,Hot Rolled Black Coil,26GT0169R0,28.64,2001,2,1235,0011000082,TATA STEEL LTD,268523127,5000104448,4600000311,10,25-06-26,101,HRC,COIL,11513:2017,BIS,cr3,72083990,N,7.453,80244774,MATCHED
2000,R_HR_CO,Hot Rolled Black Coil,26GT0170R0,28.62,2001,2,1235,0011000082,TATA STEEL LTD,268522082,5000104449,4600000311,10,25-06-26,101,HRC,COIL,11513:2017,BIS,cr3,72083990,N,7.453,98014034,MATCHED
2000,R_HR_CO,Hot Rolled Black Coil,26GT0171R0,28.72,2001,2.5,1230,0011000082,TATA STEEL LTD,268523100,5000104450,4600000311,30,25-06-26,101,HRC,COIL,11513:2017,BIS,cr3,72083990,N,7.453,86999537,MATCHED
2000,R_HR_CO,Hot Rolled Black Coil,26GT0172R0,28.39,2001,2.5,1230,0011000082,TATA STEEL LTD,268522086,5000104451,4600000311,30,25-06-26,101,HRC,COIL,11513:2017,BIS,cr3,72083990,N,7.453,12316349,MATCHED
2000,R_HR_CO,Hot Rolled Black Coil,26GT0173R0,28.5,2001,2.2,1230,0011000082,TATA STEEL LTD,268523121,5000104453,4600000311,20,25-06-26,101,HRC,COIL,11513:2017,BIS,cr3,72083990,N,7.453,14476822,MATCHED
2000,R_HR_CO,Hot Rolled Black Coil,26GT0174R0,28.54,2001,2.5,1230,0011000082,TATA STEEL LTD,268524087,5000104455,4600000311,30,25-06-26,101,HRC,COIL,11513:2017,BIS,cr3,72083990,N,7.453,63652884,MATCHED
2000,R_HR_CO,Hot Rolled Black Coil,26GT0175R0,28.6,2001,2.5,1230,0011000082,TATA STEEL LTD,268522085,5000104456,4600000311,30,25-06-26,101,HRC,COIL,11513:2017,BIS,cr3,72083990,N,7.453,37382128,MATCHED
2000,R_HR_CO,Hot Rolled Black Coil,26GT0176R0,28.74,2001,2,1235,0011000082,TATA STEEL LTD,268524079,5000104457,4600000311,10,25-06-26,101,HRC,COIL,11513:2017,BIS,cr3,72083990,N,7.453,53106618,MATCHED
2000,R_HR_CO,Hot Rolled Black Coil,26GT0177R0,28.7,2001,2.2,1230,0011000082,TATA STEEL LTD,268524072,5000104458,4600000311,20,25-06-26,101,HRC,COIL,11513:2017,BIS,cr3,72083990,N,7.453,58253784,MATCHED
2000,R_HR_CO,Hot Rolled Black Coil,26GT0178R0,28.55,2001,2.2,1230,0011000082,TATA STEEL LTD,268524096,5000104459,4600000311,20,25-06-26,101,HRC,COIL,11513:2017,BIS,cr3,72083990,N,7.453,72002886,MATCHED
2000,R_HR_CO,Hot Rolled Black Coil,26GT0179R0,28.38,2001,2.2,1230,0011000082,TATA STEEL LTD,268524076,5000104460,4600000311,20,25-06-26,101,HRC,COIL,11513:2017,BIS,cr3,72083990,N,7.453,14939810,MATCHED
2000,R_HR_CO,Hot Rolled Black Coil,26GT0180R0,28.79,2001,2.2,1230,0011000082,TATA STEEL LTD,268522064,5000104461,4600000311,20,25-06-26,101,HRC,COIL,11513:2017,BIS,cr3,72083990,N,7.453,87436582,MATCHED
2000,R_HR_CO,Hot Rolled Black Coil,26GT0181R0,21.43,2001,2.15,1235,0011000082,TATA STEEL LTD,268433114,5000104462,4600000311,50,30-06-26,101,HRC,COIL,11513:2017,BIS,cr3,72083990,N,7.453,11183763,MATCHED
2000,R_HR_CO,Hot Rolled Black Coil,26GT0182R0,28.68,2001,2.5,1230,0011000082,TATA STEEL LTD,268523118,5000104463,4600000311,30,25-06-26,101,HRC,COIL,11513:2017,BIS,cr3,72083990,N,7.453,76787793,MATCHED
2000,R_HR_CO,Hot Rolled Black Coil,26GT0183R0,28.8,2001,2.5,1230,0011000082,TATA STEEL LTD,268522061,5000104464,4600000311,30,25-06-26,101,HRC,COIL,11513:2017,BIS,cr3,72083990,N,7.453,92310067,MATCHED
2000,R_HR_CO,Hot Rolled Black Coil,26GT0184R0,28.52,2001,2,1235,0011000082,TATA STEEL LTD,268523122,5000104465,4600000311,10,25-06-26,101,HRC,COIL,11513:2017,BIS,cr3,72083990,N,7.453,63940018,MATCHED
2000,R_HR_CO,Hot Rolled Black Coil,26GT0185R0,28.63,2001,2.2,1230,0011000082,TATA STEEL LTD,268523120,5000104466,4600000311,20,25-06-26,101,HRC,COIL,11513:2017,BIS,cr3,72083990,N,7.453,10485876,MATCHED
2000,R_HR_CO,Hot Rolled Black Coil,26GT0186R0,28.75,2001,2.5,1230,0011000082,TATA STEEL LTD,268523117,5000104467,4600000311,30,25-06-26,101,HRC,COIL,11513:2017,BIS,cr3,72083990,N,7.453,31769060,MATCHED
2000,R_HR_CO,Hot Rolled Black Coil,26GT0187R0,28.6,2001,2,1235,0011000082,TATA STEEL LTD,268525069,5000104468,4600000311,10,25-06-26,101,HRC,COIL,11513:2017,BIS,cr3,72083990,N,7.453,57514314,MATCHED
2000,R_HR_CO,Hot Rolled Black Coil,26GT0188R0,28.85,2001,2,1235,0011000082,TATA STEEL LTD,268522080,5000104483,4600000311,10,25-06-26,101,HRC,COIL,11513:2017,BIS,cr3,72083990,N,7.453,64338568,MATCHED
2000,R_HR_CO,Hot Rolled Black Coil,26GT0189R0,28.5,2001,2.5,1230,0011000082,TATA STEEL LTD,268525052,5000104484,4600000311,30,25-06-26,101,HRC,COIL,11513:2017,BIS,cr3,72083990,N,7.453,47267061,MATCHED
2000,R_HR_CO,Hot Rolled Black Coil,26GT0190R0,28.61,2001,2.2,1230,0011000082,TATA STEEL LTD,268524097,5000104490,4600000311,20,25-06-26,101,HRC,COIL,11513:2017,BIS,cr3,72083990,N,7.453,28978463,MATCHED
2000,R_HR_CO,Hot Rolled Black Coil,26GT0191R0,28.6,2001,2.2,1230,0011000082,TATA STEEL LTD,268524073,5000104508,4600000311,20,25-06-26,101,HRC,COIL,11513:2017,BIS,cr3,72083990,N,7.453,97893694,MATCHED
2000,R_HR_CO,Hot Rolled Black Coil,26GT0192R0,28.44,2001,2.5,1230,0011000082,TATA STEEL LTD,268524069,5000104510,4600000311,30,25-06-26,101,HRC,COIL,11513:2017,BIS,cr3,72083990,N,7.453,31981504,MATCHED
2000,R_HR_CO,Hot Rolled Black Coil,26GT0193R0,28.58,2001,2.5,1230,0011000082,TATA STEEL LTD,268525051,5000104511,4600000311,30,25-06-26,101,HRC,COIL,11513:2017,BIS,cr3,72083990,N,7.453,83835468,MATCHED
2000,R_HR_CO,Hot Rolled Black Coil,26GT0194R0,28.6,2001,2.2,1230,0011000082,TATA STEEL LTD,268524074,5000104512,4600000311,20,25-06-26,101,HRC,COIL,11513:2017,BIS,cr3,72083990,N,7.453,33310144,MATCHED
2000,R_HR_CO,Hot Rolled Black Coil,26GT0195R0,20.86,2001,2,1235,0011000082,TATA STEEL LTD,268489076,5000104514,4600000311,10,25-06-26,101,HRC,COIL,11513:2017,BIS,cr3,72083990,N,7.453,32424124,MATCHED
2000,R_HR_CO,Hot Rolled Black Coil,26GT0196R0,28.5,2001,2.2,1230,0011000082,TATA STEEL LTD,268524070,5000104515,4600000311,20,25-06-26,101,HRC,COIL,11513:2017,BIS,cr3,72083990,N,7.453,82583312,MATCHED
2000,R_HR_CO,Hot Rolled Black Coil,26GT0197R0,28.79,2001,2,1235,0011000082,TATA STEEL LTD,268522081,5000104516,4600000311,10,25-06-26,101,HRC,COIL,11513:2017,BIS,cr3,72083990,N,7.453,96898228,MATCHED
2000,R_HR_CO,Hot Rolled Black Coil,26GT0198R0,28.54,2001,2.5,1230,0011000082,TATA STEEL LTD,268525053,5000104517,4600000311,30,25-06-26,101,HRC,COIL,11513:2017,BIS,cr3,72083990,N,7.453,40104167,MATCHED
2000,R_HR_CO,Hot Rolled Black Coil,26GT0199R0,28.45,2001,2.5,1230,0011000082,TATA STEEL LTD,268524068,5000104523,4600000311,30,25-06-26,101,HRC,COIL,11513:2017,BIS,cr3,72083990,N,7.453,20414504,MATCHED
2000,R_HR_CO,Hot Rolled Black Coil,26GT0200R0,28.61,2001,2.2,1230,0011000082,TATA STEEL LTD,268524075,5000104526,4600000311,20,25-06-26,101,HRC,COIL,11513:2017,BIS,cr3,72083990,N,7.453,99552026,MATCHED
2000,R_HR_CO,Hot Rolled Black Coil,26GT0201R0,28.69,2001,2.5,1230,0011000082,TATA STEEL LTD,268523102,5000104530,4600000311,30,25-06-26,101,HRC,COIL,11513:2017,BIS,cr3,72083990,N,7.453,92881952,MATCHED
2000,R_HR_CO,Hot Rolled Black Coil,26GT0202R0,28.62,2001,2.5,1230,11000082,TATA STEEL MERAMANDLI,268523119,5000104534,4600000311,70,06-07-26,101,HRC,COIL,11513:2017,BIS,cr3,72083990,N,7.453,94564293,MATCHED
2000,R_HR_CO,Hot Rolled Black Coil,26GT0203R0,28.51,2001,2.2,1230,0011000082,TATA STEEL LTD,268525063,5000104538,4600000311,20,25-06-26,101,HRC,COIL,11513:2017,BIS,cr3,72083990,N,7.453,28565390,MATCHED
2000,R_HR_CO,Hot Rolled Black Coil,26GT0204R0,28.59,2001,2,1235,0011000082,TATA STEEL LTD,268524078,5000104543,4600000311,10,25-06-26,101,HRC,COIL,11513:2017,BIS,cr3,72083990,N,7.453,58394521,MATCHED
2000,R_HR_CO,Hot Rolled Black Coil,26GT0205R0,23.7,2001,2,1235,0011000082,TATA STEEL LTD,268494128,5000104544,4600000311,10,25-06-26,101,HRC,COIL,11513:2017,BIS,cr3,72083990,N,7.453,59351825,MATCHED
2000,R_HR_CO,Hot Rolled Black Coil,26GT0206R0,28.77,2001,2.2,1230,0011000082,TATA STEEL LTD,268522063,5000104545,4600000311,20,25-06-26,101,HRC,COIL,11513:2017,BIS,cr3,72083990,N,7.453,36206116,MATCHED
2000,R_HR_CO,Hot Rolled Black Coil,26GT0207R0,28.41,2001,2,1235,0011000082,TATA STEEL LTD,268524077,5000104546,4600000311,10,25-06-26,101,HRC,COIL,11513:2017,BIS,cr3,72083990,N,7.453,69998654,MATCHED
2000,R_HR_CO,Hot Rolled Black Coil,26GT0208R0,28.74,2001,2,1235,0011000082,TATA STEEL LTD,268523125,5000104547,4600000311,10,25-06-26,101,HRC,COIL,11513:2017,BIS,cr3,72083990,N,7.453,69941046,MATCHED
2000,R_HR_CO,Hot Rolled Black Coil,26GT0209R0,28.5,2001,2.2,1230,11000082,TATA STEEL MERAMANDLI,268524095,5000104548,4600000311,60,06-07-26,101,HRC,COIL,11513:2017,BIS,cr3,72083990,N,7.453,15543672,MATCHED
2000,R_HR_CO,Hot Rolled Black Coil,26GT0210R0,28.75,2001,2,1235,0011000082,TATA STEEL LTD,268523124,5000104549,4600000311,10,25-06-26,101,HRC,COIL,11513:2017,BIS,cr3,72083990,N,7.453,72946305,MATCHED
2000,R_HR_CO,Hot Rolled Black Coil,26GT0211R0,28.51,2001,2,1235,0011000082,TATA STEEL LTD,268523123,5000104552,4600000311,10,25-06-26,101,HRC,COIL,11513:2017,BIS,cr3,72083990,N,7.453,36735222,MATCHED
2000,R_HR_CO,Hot Rolled Black Coil,26GT0212R0,28.75,2001,2.5,1230,0011000082,TATA STEEL LTD,268523101,5000104553,4600000311,70,30-06-26,101,HRC,COIL,11513:2017,BIS,cr3,72083990,N,7.453,19822508,MATCHED
2000,R_HR_CO,Hot Rolled Black Coil,26GT0213R0,24.26,2001,2,1235,0011000082,TATA STEEL LTD,268482083,5000104559,4600000311,10,25-06-26,101,HRC,COIL,11513:2017,BIS,cr3,72083990,N,7.453,86141172,MATCHED
2000,R_HR_CO,Hot Rolled Black Coil,26GT0214R0,24.28,2001,2,1235,0011000082,TATA STEEL LTD,268482086,5000104562,4600000311,10,25-06-26,101,HRC,COIL,11513:2017,BIS,cr3,72083990,N,7.453,18883864,MATCHED
2000,R_HR_CO,Hot Rolled Black Coil,26GT0215R0,24.34,2001,2,1235,0011000082,TATA STEEL LTD,268482085,5000104692,4600000311,10,25-06-26,101,HRC,COIL,11513:2017,BIS,cr3,72083990,N,7.453,24981351,MATCHED
2000,R_HR_CO,Hot Rolled Black Coil,26GT0216R0,24.035,2001,2,1235,0011000082,TATA STEEL LTD,268533069B,5000104693,4600000311,10,25-06-26,101,HRC,COIL,11513:2017,BIS,cr3,72083990,N,7.453,16933419,MATCHED
2000,R_HR_CO,Hot Rolled Black Coil,26GT0217R0,28.65,2001,2.2,1230,0011000082,TATA STEEL LTD,268534077,5000104758,4600000311,60,30-06-26,101,HRC,COIL,11513:2017,BIS,cr3,72083990,N,7.453,45383861,MATCHED
2000,R_HR_CO,Hot Rolled Black Coil,26GT0218R0,28.44,2001,2.5,1230,0011000082,TATA STEEL LTD,268533095,5000104759,4600000311,70,30-06-26,101,HRC,COIL,11513:2017,BIS,cr3,72083990,N,7.453,74860534,MATCHED
2000,R_HR_CO,Hot Rolled Black Coil,26GT0219R0,28.59,2001,2,1235,0011000082,TATA STEEL LTD,268534085,5000104760,4600000311,10,25-06-26,101,HRC,COIL,11513:2017,BIS,cr3,72083990,N,7.453,31425271,MATCHED
2000,R_HR_CO,Hot Rolled Black Coil,26GT0220R0,28.64,2001,2,1235,0011000082,TATA STEEL LTD,268544073,5000104761,4600000311,10,25-06-26,101,HRC,COIL,11513:2017,BIS,cr3,72083990,N,7.453,67594949,MATCHED
2000,R_HR_CO,Hot Rolled Black Coil,26GT0221R0,28.66,2001,2,1235,0011000082,TATA STEEL LTD,268533073,5000104762,4600000311,10,25-06-26,101,HRC,COIL,11513:2017,BIS,cr3,72083990,N,7.453,66339150,MATCHED
2000,R_HR_CO,Hot Rolled Black Coil,26GT0222R0,28.57,2001,2,1235,0011000082,TATA STEEL LTD,268534079,5000104763,4600000311,10,25-06-26,101,HRC,COIL,11513:2017,BIS,cr3,72083990,N,7.453,17721450,MATCHED
2000,R_HR_CO,Hot Rolled Black Coil,26GT0223R0,28.26,2001,2,1235,0011000082,TATA STEEL LTD,268534080,5000104764,4600000311,10,25-06-26,101,HRC,COIL,11513:2017,BIS,cr3,72083990,N,7.453,70861777,MATCHED
2000,R_HR_CO,Hot Rolled Black Coil,26GT0259R0,28.65,2001,2,1235,0011000082,TATA STEEL LTD,268533072,5000104910,4600000311,10,25-06-26,101,HRC,COIL,11513:2017,BIS,cr3,72083990,N,7.453,36197237,MATCHED
2000,R_HR_CO,Hot Rolled Black Coil,26GT0292R0,28.63,2001,2,1235,0011000082,TATA STEEL LTD,268533091,5000104972,4600000311,10,25-06-26,101,HRC,COIL,11513:2017,BIS,cr3,72083990,N,7.453,51322871,MATCHED
2000,R_HR_CO,Hot Rolled Black Coil,26GT0293R0,28.49,2001,2,1235,0011000082,TATA STEEL LTD,268533066,5000104975,4600000311,10,25-06-26,101,HRC,COIL,11513:2017,BIS,cr3,72083990,N,7.453,89181220,MATCHED
2000,R_HR_CO,Hot Rolled Black Coil,26GT0294R0,28.59,2001,2,1235,0011000082,TATA STEEL LTD,268533067,5000104977,4600000311,10,25-06-26,101,HRC,COIL,11513:2017,BIS,cr3,72083990,N,7.453,81017399,MATCHED
2000,R_HR_CO,Hot Rolled Black Coil,26GT0295R0,28.61,2001,2,1235,0011000082,TATA STEEL LTD,268533071,5000104979,4600000311,10,25-06-26,101,HRC,COIL,11513:2017,BIS,cr3,72083990,N,7.453,54715024,MATCHED
2000,R_HR_CO,Hot Rolled Black Coil,26GT0296R0,28.3,2001,2,1235,0011000082,TATA STEEL LTD,268533075,5000104984,4600000311,10,25-06-26,101,HRC,COIL,11513:2017,BIS,cr3,72083990,N,7.453,63598008,MATCHED
2000,R_HR_CO,Hot Rolled Black Coil,26GT0297R0,27.5,2001,2,1235,0011000082,TATA STEEL LTD,268522078A,5000104985,4600000311,10,25-06-26,101,HRC,COIL,11513:2017,BIS,cr3,72083990,N,7.453,47148307,MATCHED
2000,R_HR_CO,Hot Rolled Black Coil,26GT0298R0,28.48,2001,2,1235,0011000082,TATA STEEL LTD,268533070,5000104989,4600000311,10,25-06-26,101,HRC,COIL,11513:2017,BIS,cr3,72083990,N,7.453,81798686,MATCHED
2000,R_HR_CO,Hot Rolled Black Coil,26GT0299R0,28.52,2001,2,1235,0011000082,TATA STEEL LTD,268533079,5000104992,4600000311,10,25-06-26,101,HRC,COIL,11513:2017,BIS,cr3,72083990,N,7.453,10629508,MATCHED
2000,R_HR_CO,Hot Rolled Black Coil,26GT0300R0,28.53,2001,2.2,1230,0011000082,TATA STEEL LTD,268524071,5000105000,4600000311,60,30-06-26,101,HRC,COIL,11513:2017,BIS,cr3,72083990,N,7.453,23168654,MATCHED
2000,R_HR_CO,Hot Rolled Black Coil,26GT0314R0,28.17,2001,2.5,1230,0011000082,TATA STEEL LTD,268534076,5000105034,4600000311,30,25-06-26,101,HRC,COIL,11513:2017,BIS,cr3,72083990,N,7.453,94168572,MATCHED
2000,R_HR_CO,Hot Rolled Black Coil,26GT0351R0,28.53,2001,2.5,1230,0011000082,TATA STEEL LTD,268534075,5000105115,4600000311,70,30-06-26,101,HRC,COIL,11513:2017,BIS,cr3,72083990,N,7.453,44854078,MATCHED
2000,R_HR_CO,Hot Rolled Black Coil,26GT0352R0,28.62,2001,2,1235,0011000082,TATA STEEL LTD,268533090,5000105116,4600000311,10,25-06-26,101,HRC,COIL,11513:2017,BIS,cr3,72083990,N,7.453,80443487,MATCHED
2000,R_HR_CO,Hot Rolled Black Coil,26GT0353R0,28.56,2001,2,1235,0011000082,TATA STEEL LTD,268533068,5000105117,4600000311,10,25-06-26,101,HRC,COIL,11513:2017,BIS,cr3,72083990,N,7.453,49600698,MATCHED
2000,R_HR_CO,Hot Rolled Black Coil,26GT0354R0,28.58,2001,2,1235,0011000082,TATA STEEL LTD,268533089,5000105118,4600000311,10,25-06-26,101,HRC,COIL,11513:2017,BIS,cr3,72083990,N,7.453,76112878,MATCHED
2000,R_HR_CO,Hot Rolled Black Coil,26GT0355R0,28.5,2001,2,1235,0011000082,TATA STEEL LTD,268533076,5000105119,4600000311,10,25-06-26,101,HRC,COIL,11513:2017,BIS,cr3,72083990,N,7.453,78258266,MATCHED
2000,R_HR_CO,Hot Rolled Black Coil,26GT0356R0,28.41,2001,2,1235,0011000082,TATA STEEL LTD,268534083,5000105120,4600000311,10,25-06-26,101,HRC,COIL,11513:2017,BIS,cr3,72083990,N,7.453,75264895,MATCHED
2000,R_HR_CO,Hot Rolled Black Coil,26GT0357R0,28.65,2001,2,1235,0011000082,TATA STEEL LTD,268533078,5000105121,4600000311,10,25-06-26,101,HRC,COIL,11513:2017,BIS,cr3,72083990,N,7.453,77836418,MATCHED
2000,R_HR_CO,Hot Rolled Black Coil,26GT0358R0,28.4,2001,2,1235,0011000082,TATA STEEL LTD,268533086,5000105122,4600000311,10,25-06-26,101,HRC,COIL,11513:2017,BIS,cr3,72083990,N,7.453,80412140,MATCHED
2000,R_HR_CO,Hot Rolled Black Coil,26GT0361R0,28.47,2001,2.5,1230,11000082,TATA STEEL MERAMANDLI,268533084,5000105184,4600000320,40,13-07-26,101,HRC,COIL,11513:2017,BIS,cr3,72083990,N,7.453,37716577,MATCHED
2000,R_HR_CO,Hot Rolled Black Coil,26GT0362R0,28.65,2001,2.2,1230,0011000082,TATA STEEL LTD,268533065,5000105191,4600000320,30,30-06-26,101,HRC,COIL,11513:2017,BIS,cr3,72083990,N,7.453,20532302,MATCHED
2000,R_HR_CO,Hot Rolled Black Coil,26GT0363R0,28.53,2001,2.2,1230,0011000082,TATA STEEL LTD,268533085,5000105192,4600000320,30,30-06-26,101,HRC,COIL,11513:2017,BIS,cr3,72083990,N,7.453,10617100,MATCHED
2000,R_HR_CO,Hot Rolled Black Coil,26GT0419R0,28.55,2001,2,1235,0011000082,TATA STEEL LTD,268534082,5000105448,4600000311,10,25-06-26,101,HRC,COIL,11513:2017,BIS,cr3,72083990,N,7.453,84253304,MATCHED
2000,R_HR_CO,Hot Rolled Black Coil,26GT0420R0,28.61,2001,2,1235,0011000082,TATA STEEL LTD,268533074,5000105450,4600000311,10,25-06-26,101,HRC,COIL,11513:2017,BIS,cr3,72083990,N,7.453,70380676,MATCHED
2000,R_HR_CO,Hot Rolled Black Coil,26GT0496R0,28.41,2001,2,1235,0011000082,TATA STEEL LTD,268533077,5000105696,4600000311,10,25-06-26,101,HRC,COIL,11513:2017,BIS,cr3,72083990,N,7.453,18962238,MATCHED
2000,R_HR_CO,Hot Rolled Black Coil,26GT0651R0,28.76,2001,2.2,1230,0011000082,TATA STEEL LTD,268630099,5000106696,4600000334,20,28-07-26,101,HRC,COIL,11513:2017,BIS,cr3,72083990,N,7.453,77492664,MATCHED
2000,R_HR_CO,Hot Rolled Black Coil,26GT0652R0,28.81,2001,2.5,1230,0011000082,TATA STEEL LTD,268630105,5000106727,4600000334,10,28-07-26,101,HRC,COIL,11513:2017,BIS,cr3,72083990,N,7.453,52942540,MATCHED
2000,R_HR_CO,Hot Rolled Black Coil,26GT0653R0,28.73,2001,2.2,1230,0011000082,TATA STEEL LTD,268630097,5000106729,4600000334,20,28-07-26,101,HRC,COIL,11513:2017,BIS,cr3,72083990,N,7.453,50252455,MATCHED
2000,R_HR_CO,Hot Rolled Black Coil,26GT0654R0,28.76,2001,2.2,1230,0011000082,TATA STEEL LTD,268630095,5000106735,4600000334,20,28-07-26,101,HRC,COIL,11513:2017,BIS,cr3,72083990,N,7.453,37030718,MATCHED
2000,R_HR_CO,Hot Rolled Black Coil,26GT0655R0,28.74,2001,2.5,1230,0011000082,TATA STEEL LTD,268630091,5000106738,4600000334,10,28-07-26,101,HRC,COIL,11513:2017,BIS,cr3,72083990,N,7.453,11721175,MATCHED
2000,R_HR_CO,Hot Rolled Black Coil,26GT0656R0,28.75,2001,2.2,1230,0011000082,TATA STEEL LTD,268633085,5000106811,4600000334,20,28-07-26,101,HRC,COIL,11513:2017,BIS,cr3,72083990,N,7.453,55702817,MATCHED
2000,R_HR_CO,Hot Rolled Black Coil,26GT0657R0,28.71,2001,2,1235,0011000082,TATA STEEL LTD,268634057,5000106812,4600000334,30,28-07-26,101,HRC,COIL,11513:2017,BIS,cr3,72083990,N,7.453,97707904,MATCHED
2000,R_HR_CO,Hot Rolled Black Coil,26GT0658R0,28.76,2001,2,1235,0011000082,TATA STEEL LTD,268634058,5000106814,4600000334,30,28-07-26,101,HRC,COIL,11513:2017,BIS,cr3,72083990,N,7.453,15953917,MATCHED
2000,R_HR_CO,Hot Rolled Black Coil,26GT0659R0,28.65,2001,2,1235,0011000082,TATA STEEL LTD,268634056,5000106816,4600000334,30,28-07-26,101,HRC,COIL,11513:2017,BIS,cr3,72083990,N,7.453,72082295,MATCHED
2000,R_HR_CO,Hot Rolled Black Coil,26GT0660R0,28.73,2001,2.2,1230,0011000082,TATA STEEL LTD,268633087,5000106818,4600000334,20,28-07-26,101,HRC,COIL,11513:2017,BIS,cr3,72083990,N,7.453,88246935,MATCHED
2000,R_HR_CO,Hot Rolled Black Coil,26GT0661R0,28.59,2001,2.2,1230,0011000082,TATA STEEL LTD,268633061,5000106821,4600000334,20,28-07-26,101,HRC,COIL,11513:2017,BIS,cr3,72083990,N,7.453,31001930,MATCHED
2000,R_HR_CO,Hot Rolled Black Coil,26GT0662R0,28.75,2001,2.2,1230,0011000082,TATA STEEL LTD,268633088,5000106822,4600000334,20,28-07-26,101,HRC,COIL,11513:2017,BIS,cr3,72083990,N,7.453,33675677,MATCHED
2000,R_HR_CO,Hot Rolled Black Coil,26GT0663R0,28.9,2001,2.2,1230,0011000082,TATA STEEL LTD,268633086,5000106824,4600000334,20,28-07-26,101,HRC,COIL,11513:2017,BIS,cr3,72083990,N,7.453,78751240,MATCHED
2000,R_HR_CO,Hot Rolled Black Coil,26GT0664R0,28.7,2001,2.2,1230,0011000082,TATA STEEL LTD,268633059,5000106825,4600000334,20,28-07-26,101,HRC,COIL,11513:2017,BIS,cr3,72083990,N,7.453,38650547,MATCHED
2000,R_HR_CO,Hot Rolled Black Coil,26GT0665R0,28.81,2001,2.5,1230,0011000082,TATA STEEL LTD,268630107,5000106828,4600000334,10,28-07-26,101,HRC,COIL,11513:2017,BIS,cr3,72083990,N,7.453,22987885,MATCHED
2000,R_HR_CO,Hot Rolled Black Coil,26GT0666R0,25.47,2001,2.5,1230,0011000082,TATA STEEL LTD,268649093,5000106833,4600000334,10,28-07-26,101,HRC,COIL,11513:2017,BIS,cr3,72083990,N,7.453,75993341,MATCHED
2000,R_HR_CO,Hot Rolled Black Coil,26GW0501R0,20.93,2001,2.2,1230,0011000122,NMDC STEEL LIMITED,D103924205,5000106075,4600000322,20,16-07-26,101,HRC,COIL,11513:2017,BIS,cr3,72083990,N,7.453,48030497,MATCHED
2000,R_HR_CO,Hot Rolled Black Coil,26GW0502R0,20.86,2001,2.5,1230,0011000122,NMDC STEEL LIMITED,D103922101,5000106085,4600000322,30,16-07-26,101,HRC,COIL,11513:2017,BIS,cr3,72083990,N,7.453,69054200,MATCHED
2000,R_HR_CO,Hot Rolled Black Coil,26GW0503R0,20.97,2001,2.5,1230,0011000122,NMDC STEEL LIMITED,D203803108,5000106087,4600000322,30,16-07-26,101,HRC,COIL,11513:2017,BIS,cr3,72083990,N,7.453,14780840,MATCHED
2000,R_HR_CO,Hot Rolled Black Coil,26GW0504R0,20.96,2001,2.5,1230,0011000122,NMDC STEEL LIMITED,D103921201,5000106095,4600000322,30,16-07-26,101,HRC,COIL,11513:2017,BIS,cr3,72083990,N,7.453,33201904,MATCHED
2000,R_HR_CO,Hot Rolled Black Coil,26GW0505R0,20.96,2001,2,1235,0011000122,NMDC STEEL LIMITED,D203801208,5000106096,4600000322,10,16-07-26,101,HRC,COIL,11513:2017,BIS,cr3,72083990,N,7.453,67296415,MATCHED
2000,R_HR_CO,Hot Rolled Black Coil,26GW0506R0,20.96,2001,2.2,1230,0011000122,NMDC STEEL LIMITED,D103924206,5000106097,4600000322,20,16-07-26,101,HRC,COIL,11513:2017,BIS,cr3,72083990,N,7.453,36389309,MATCHED
2000,R_HR_CO,Hot Rolled Black Coil,26GW0507R0,20.89,2001,2.5,1230,0011000122,NMDC STEEL LIMITED,D203804104,5000106098,4600000322,30,16-07-26,101,HRC,COIL,11513:2017,BIS,cr3,72083990,N,7.453,98214347,MATCHED
2000,R_HR_CO,Hot Rolled Black Coil,26GW0508R0,21.03,2001,2,1235,0011000122,NMDC STEEL LIMITED,D103918109,5000106099,4600000322,10,16-07-26,101,HRC,COIL,11513:2017,BIS,cr3,72083990,N,7.453,47787177,MATCHED
2000,R_HR_CO,Hot Rolled Black Coil,26GW0509R0,20.99,2001,2.2,1230,0011000122,NMDC STEEL LIMITED,D203807102,5000106100,4600000322,20,16-07-26,101,HRC,COIL,11513:2017,BIS,cr3,72083990,N,7.453,98359009,MATCHED
2000,R_HR_CO,Hot Rolled Black Coil,26GW0510R0,20.97,2001,2.2,1230,0011000122,NMDC STEEL LIMITED,D203803101,5000106101,4600000322,20,16-07-26,101,HRC,COIL,11513:2017,BIS,cr3,72083990,N,7.453,85174514,MATCHED
2000,R_HR_CO,Hot Rolled Black Coil,26GW0511R0,20.95,2001,2.2,1230,0011000122,NMDC STEEL LIMITED,D103924204,5000106102,4600000322,20,16-07-26,101,HRC,COIL,11513:2017,BIS,cr3,72083990,N,7.453,32374211,MATCHED
2000,R_HR_CO,Hot Rolled Black Coil,26GW0512R0,20.88,2001,2,1235,0011000122,NMDC STEEL LIMITED,D203802204,5000106103,4600000322,10,16-07-26,101,HRC,COIL,11513:2017,BIS,cr3,72083990,N,7.453,77293627,MATCHED
2000,R_HR_CO,Hot Rolled Black Coil,26GW0513R0,21.08,2001,2,1235,0011000122,NMDC STEEL LIMITED,D103918108,5000106104,4600000322,10,16-07-26,101,HRC,COIL,11513:2017,BIS,cr3,72083990,N,7.453,50747514,MATCHED
2000,R_HR_CO,Hot Rolled Black Coil,26GW0514R0,20.99,2001,2,1235,0011000122,NMDC STEEL LIMITED,D103919106,5000106105,4600000322,10,16-07-26,101,HRC,COIL,11513:2017,BIS,cr3,72083990,N,7.453,47659517,MATCHED
2000,R_HR_CO,Hot Rolled Black Coil,26GW0515R0,20.98,2001,2.2,1230,0011000122,NMDC STEEL LIMITED,D103923108,5000106122,4600000322,20,16-07-26,101,HRC,COIL,11513:2017,BIS,cr3,72083990,N,7.453,86609601,MATCHED
2000,R_HR_CO,Hot Rolled Black Coil,26GW0516R0,20.99,2001,2.2,1230,0011000122,NMDC STEEL LIMITED,D203807105,5000106126,4600000322,20,16-07-26,101,HRC,COIL,11513:2017,BIS,cr3,72083990,N,7.453,84347654,MATCHED
2000,R_HR_CO,Hot Rolled Black Coil,26GW0517R0,20.99,2001,2.5,1230,0011000122,NMDC STEEL LIMITED,D103920208,5000106128,4600000322,30,16-07-26,101,HRC,COIL,11513:2017,BIS,cr3,72083990,N,7.453,97583465,MATCHED
2000,R_HR_CO,Hot Rolled Black Coil,26GW0518R0,21.28,2001,2.8,1235,0011000122,NMDC STEEL LIMITED,D103917102,5000106130,4600000322,40,16-07-26,101,HRC,COIL,11513:2017,BIS,cr3,72083990,N,7.453,59116384,MATCHED
2000,R_HR_CO,Hot Rolled Black Coil,26GW0519R0,20.915,2001,2.8,1235,0011000122,NMDC STEEL LIMITED,D103862205,5000106132,4600000322,40,16-07-26,101,HRC,COIL,11513:2017,BIS,cr3,72083990,N,7.453,84698677,MATCHED
2000,R_HR_CO,Hot Rolled Black Coil,26GW0520R0,21,2001,2.2,1230,0011000122,NMDC STEEL LIMITED,D203807106,5000106134,4600000322,20,16-07-26,101,HRC,COIL,11513:2017,BIS,cr3,72083990,N,7.453,69648494,MATCHED
2000,R_HR_CO,Hot Rolled Black Coil,26GW0521R0,21,2001,2.2,1230,0011000122,NMDC STEEL LIMITED,D203808104,5000106135,4600000322,20,16-07-26,101,HRC,COIL,11513:2017,BIS,cr3,72083990,N,7.453,55326828,MATCHED
2000,R_HR_CO,Hot Rolled Black Coil,26GW0522R0,20.78,2001,2.5,1230,0011000122,NMDC STEEL LIMITED,D103921208,5000106136,4600000322,30,16-07-26,101,HRC,COIL,11513:2017,BIS,cr3,72083990,N,7.453,17722050,MATCHED
2000,R_HR_CO,Hot Rolled Black Coil,26GW0523R0,21.02,2001,2.2,1230,0011000122,NMDC STEEL LIMITED,D203803102,5000106137,4600000322,20,16-07-26,101,HRC,COIL,11513:2017,BIS,cr3,72083990,N,7.453,93399468,MATCHED
2000,R_HR_CO,Hot Rolled Black Coil,26GW0524R0,21.19,2001,2,1235,0011000122,NMDC STEEL LIMITED,D103918102,5000106138,4600000322,10,16-07-26,101,HRC,COIL,11513:2017,BIS,cr3,72083990,N,7.453,87085859,MATCHED
2000,R_HR>3MM_CO,Hot Rolled Black Coil 3mm & Above,26GW0525R0,21.01,2001,3.2,1235,0011000122,NMDC STEEL LIMITED,D103527202,5000106140,4600000322,50,16-07-26,101,HRC,COIL,11513:2017,BIS,cr3,72083890,N,7.453,18569870,MATCHED
2000,R_HR>3MM_CO,Hot Rolled Black Coil 3mm & Above,26GW0526R0,13.47,2001,3.2,1235,0011000122,NMDC STEEL LIMITED,D203415108,5000106140,4600000322,60,16-07-26,101,HRC,COIL,11513:2017,BIS,cr3,72083890,N,7.453,27526047,MATCHED
2000,R_HR_CO,Hot Rolled Black Coil,26GW0527R0,20.93,2001,2.2,1230,0011000122,NMDC STEEL LIMITED,D203803103,5000106145,4600000322,20,16-07-26,101,HRC,COIL,11513:2017,BIS,cr3,72083990,N,7.453,57807439,MATCHED
2000,R_HR_CO,Hot Rolled Black Coil,26GW0528R0,21,2001,2,1235,0011000122,NMDC STEEL LIMITED,D103919105,5000106150,4600000322,10,16-07-26,101,HRC,COIL,11513:2017,BIS,cr3,72083990,N,7.453,77324510,MATCHED
2000,R_HR_CO,Hot Rolled Black Coil,26GW0529R0,21.14,2001,2.5,1230,0011000122,NMDC STEEL LIMITED,D203800203,5000106151,4600000322,30,16-07-26,101,HRC,COIL,11513:2017,BIS,cr3,72083990,N,7.453,42737258,MATCHED
2000,R_HR_CO,Hot Rolled Black Coil,26GW0530R0,21.02,2001,2,1235,0011000122,NMDC STEEL LIMITED,D103919108,5000106153,4600000322,10,16-07-26,101,HRC,COIL,11513:2017,BIS,cr3,72083990,N,7.453,67270868,MATCHED
2000,R_HR_CO,Hot Rolled Black Coil,26GW0531R0,20.89,2001,2.5,1230,0011000122,NMDC STEEL LIMITED,D103921205,5000106154,4600000322,30,16-07-26,101,HRC,COIL,11513:2017,BIS,cr3,72083990,N,7.453,82613902,MATCHED
2000,R_HR_CO,Hot Rolled Black Coil,26GW0532R0,21.09,2001,2.8,1235,0011000122,NMDC STEEL LIMITED,D203800202,5000106158,4600000322,40,16-07-26,101,HRC,COIL,11513:2017,BIS,cr3,72083990,N,7.453,91115410,MATCHED
2000,R_HR_CO,Hot Rolled Black Coil,26GW0533R0,20.94,2001,2,1235,0011000122,NMDC STEEL LIMITED,D203802207,5000106160,4600000322,10,16-07-26,101,HRC,COIL,11513:2017,BIS,cr3,72083990,N,7.453,92340327,MATCHED
2000,R_HR_CO,Hot Rolled Black Coil,26GW0534R0,20.86,2001,2.5,1230,0011000122,NMDC STEEL LIMITED,D203804106,5000106183,4600000322,30,16-07-26,101,HRC,COIL,11513:2017,BIS,cr3,72083990,N,7.453,48889845,MATCHED
2000,R_HR_CO,Hot Rolled Black Coil,26GW0535R0,21,2001,2.5,1230,0011000122,NMDC STEEL LIMITED,D203808105,5000106184,4600000322,30,16-07-26,101,HRC,COIL,11513:2017,BIS,cr3,72083990,N,7.453,81241913,MATCHED
2000,R_HR_CO,Hot Rolled Black Coil,26GW0536R0,20.92,2001,2.5,1230,0011000122,NMDC STEEL LIMITED,D103921204,5000106202,4600000322,30,16-07-26,101,HRC,COIL,11513:2017,BIS,cr3,72083990,N,7.453,57628034,MATCHED
2000,R_HR_CO,Hot Rolled Black Coil,26GW0537R0,20.91,2001,2.2,1230,0011000122,NMDC STEEL LIMITED,D203806204,5000106203,4600000322,20,16-07-26,101,HRC,COIL,11513:2017,BIS,cr3,72083990,N,7.453,96456403,MATCHED
2000,R_HR_CO,Hot Rolled Black Coil,26GW0538R0,21.01,2001,2,1235,0011000122,NMDC STEEL LIMITED,D203801207,5000106204,4600000322,10,16-07-26,101,HRC,COIL,11513:2017,BIS,cr3,72083990,N,7.453,46925223,MATCHED
2000,R_HR_CO,Hot Rolled Black Coil,26GW0539R0,20.81,2001,2.2,1230,0011000122,NMDC STEEL LIMITED,D103924202,5000106205,4600000322,20,16-07-26,101,HRC,COIL,11513:2017,BIS,cr3,72083990,N,7.453,51482317,MATCHED
2000,R_HR_CO,Hot Rolled Black Coil,26GW0540R0,21.03,2001,2.2,1230,0011000122,NMDC STEEL LIMITED,D103920202,5000106206,4600000322,20,16-07-26,101,HRC,COIL,11513:2017,BIS,cr3,72083990,N,7.453,37757099,MATCHED
2000,R_HR_CO,Hot Rolled Black Coil,26GW0541R0,20.98,2001,2.5,1230,0011000122,NMDC STEEL LIMITED,D203803104,5000106207,4600000322,30,16-07-26,101,HRC,COIL,11513:2017,BIS,cr3,72083990,N,7.453,71693247,MATCHED
2000,R_HR_CO,Hot Rolled Black Coil,26GW0542R0,20.95,2001,2.5,1230,0011000122,NMDC STEEL LIMITED,D103922103,5000106208,4600000322,30,16-07-26,101,HRC,COIL,11513:2017,BIS,cr3,72083990,N,7.453,61134190,MATCHED
2000,R_HR_CO,Hot Rolled Black Coil,26GW0543R0,20.92,2001,2.5,1230,0011000122,NMDC STEEL LIMITED,D103920206,5000106209,4600000322,30,16-07-26,101,HRC,COIL,11513:2017,BIS,cr3,72083990,N,7.453,49647214,MATCHED
2000,R_HR_CO,Hot Rolled Black Coil,26GW0544R0,20.99,2001,2,1235,0011000122,NMDC STEEL LIMITED,D203801204,5000106210,4600000322,10,16-07-26,101,HRC,COIL,11513:2017,BIS,cr3,72083990,N,7.453,86481522,MATCHED
2000,R_HR_CO,Hot Rolled Black Coil,26GW0545R0,21.02,2001,2.5,1230,0011000122,NMDC STEEL LIMITED,D203808107,5000106211,4600000322,30,16-07-26,101,HRC,COIL,11513:2017,BIS,cr3,72083990,N,7.453,50526430,MATCHED
2000,R_HR_CO,Hot Rolled Black Coil,26GW0546R0,20.96,2001,2,1235,0011000122,NMDC STEEL LIMITED,D203802206,5000106212,4600000322,10,16-07-26,101,HRC,COIL,11513:2017,BIS,cr3,72083990,N,7.453,54938926,MATCHED
2000,R_HR_CO,Hot Rolled Black Coil,26GW0547R0,21.27,2001,2.2,1230,0011000122,NMDC STEEL LIMITED,D103917105,5000106214,4600000322,20,16-07-26,101,HRC,COIL,11513:2017,BIS,cr3,72083990,N,7.453,75169724,MATCHED
2000,R_HR_CO,Hot Rolled Black Coil,26GW0548R0,21,2001,2,1235,0011000122,NMDC STEEL LIMITED,D103919101,5000106215,4600000322,10,16-07-26,101,HRC,COIL,11513:2017,BIS,cr3,72083990,N,7.453,17697390,MATCHED
2000,R_HR_CO,Hot Rolled Black Coil,26GW0549R0,21,2001,2.5,1230,0011000122,NMDC STEEL LIMITED,D203803106,5000106216,4600000322,30,16-07-26,101,HRC,COIL,11513:2017,BIS,cr3,72083990,N,7.453,28383797,MATCHED
2000,R_HR_CO,Hot Rolled Black Coil,26GW0550R0,20.97,2001,2.2,1230,0011000122,NMDC STEEL LIMITED,D203807101,5000106217,4600000322,20,16-07-26,101,HRC,COIL,11513:2017,BIS,cr3,72083990,N,7.453,87384136,MATCHED
2000,R_HR_CO,Hot Rolled Black Coil,26GW0551R0,21.02,2001,2.5,1230,0011000122,NMDC STEEL LIMITED,D103923102,5000106218,4600000322,30,16-07-26,101,HRC,COIL,11513:2017,BIS,cr3,72083990,N,7.453,64093034,MATCHED
2000,R_HR_CO,Hot Rolled Black Coil,26GW0552R0,20.98,2001,2.2,1230,0011000122,NMDC STEEL LIMITED,D203806209,5000106219,4600000322,20,16-07-26,101,HRC,COIL,11513:2017,BIS,cr3,72083990,N,7.453,67278555,MATCHED
2000,R_HR_CO,Hot Rolled Black Coil,26GW0553R0,21,2001,2.5,1230,0011000122,NMDC STEEL LIMITED,D203806202,5000106221,4600000322,30,16-07-26,101,HRC,COIL,11513:2017,BIS,cr3,72083990,N,7.453,99365377,MATCHED
2000,R_HR_CO,Hot Rolled Black Coil,26GW0554R0,20.88,2001,2.5,1230,0011000122,NMDC STEEL LIMITED,D103920204,5000106223,4600000322,30,16-07-26,101,HRC,COIL,11513:2017,BIS,cr3,72083990,N,7.453,69869952,MATCHED
2000,R_HR_CO,Hot Rolled Black Coil,26GW0555R0,21.29,2001,2,1235,0011000122,NMDC STEEL LIMITED,D103918101,5000106224,4600000322,10,16-07-26,101,HRC,COIL,11513:2017,BIS,cr3,72083990,N,7.453,41119508,MATCHED
2000,R_HR_CO,Hot Rolled Black Coil,26GW0556R0,20.89,2001,2.5,1230,0011000122,NMDC STEEL LIMITED,D103921209,5000106225,4600000322,30,16-07-26,101,HRC,COIL,11513:2017,BIS,cr3,72083990,N,7.453,31225052,MATCHED
2000,R_HR>3MM_CO,Hot Rolled Black Coil 3mm & Above,26GW0557R0,13.1,2001,3.6,1235,0011000122,NMDC STEEL LIMITED,D203415109,5000106225,4600000322,60,16-07-26,101,HRC,COIL,11513:2017,BIS,cr3,72083890,N,7.453,65702159,MATCHED
2000,R_HR>3MM_CO,Hot Rolled Black Coil 3mm & Above,26GW0558R0,20.85,2001,3.6,1235,0011000122,NMDC STEEL LIMITED,D203805206,5000106226,4600000322,60,16-07-26,101,HRC,COIL,11513:2017,BIS,cr3,72083890,N,7.453,46987832,MATCHED
2000,R_HR_CO,Hot Rolled Black Coil,26GW0559R0,20.97,2001,2.2,1230,0011000122,NMDC STEEL LIMITED,D203806208,5000106227,4600000322,20,16-07-26,101,HRC,COIL,11513:2017,BIS,cr3,72083990,N,7.453,54002964,MATCHED
2000,R_HR_CO,Hot Rolled Black Coil,26GW0560R0,20.98,2001,2.2,1230,0011000122,NMDC STEEL LIMITED,D203806207,5000106228,4600000322,20,16-07-26,101,HRC,COIL,11513:2017,BIS,cr3,72083990,N,7.453,12876205,MATCHED
2000,R_HR_CO,Hot Rolled Black Coil,26GW0561R0,20.94,2001,2.2,1230,0011000122,NMDC STEEL LIMITED,D203806205,5000106229,4600000322,20,16-07-26,101,HRC,COIL,11513:2017,BIS,cr3,72083990,N,7.453,38256588,MATCHED
2000,R_HR_CO,Hot Rolled Black Coil,26GW0562R0,20.9,2001,2.2,1230,0011000122,NMDC STEEL LIMITED,D203806203,5000106230,4600000322,20,16-07-26,101,HRC,COIL,11513:2017,BIS,cr3,72083990,N,7.453,44251045,MATCHED
2000,R_HR_CO,Hot Rolled Black Coil,26GW0563R0,21.23,2001,2,1235,0011000122,NMDC STEEL LIMITED,D103917108,5000106231,4600000322,10,16-07-26,101,HRC,COIL,11513:2017,BIS,cr3,72083990,N,7.453,51528093,MATCHED
2000,R_HR>3MM_CO,Hot Rolled Black Coil 3mm & Above,26GW0564R0,21.13,2001,3.2,1235,0011000122,NMDC STEEL LIMITED,D103527201,5000106232,4600000322,50,16-07-26,101,HRC,COIL,11513:2017,BIS,cr3,72083890,N,7.453,80696770,MATCHED
2000,R_HR_CO,Hot Rolled Black Coil,26GW0565R0,20.95,2001,2.2,1230,0011000122,NMDC STEEL LIMITED,D103924203,5000106233,4600000322,20,16-07-26,101,HRC,COIL,11513:2017,BIS,cr3,72083990,N,7.453,21212937,MATCHED
2000,R_HR_CO,Hot Rolled Black Coil,26GW0566R0,20.99,2001,2.2,1230,0011000122,NMDC STEEL LIMITED,D103923103,5000106234,4600000322,20,16-07-26,101,HRC,COIL,11513:2017,BIS,cr3,72083990,N,7.453,84969305,MATCHED
2000,R_HR_CO,Hot Rolled Black Coil,26GW0567R0,20.95,2001,2.8,1235,0011000122,NMDC STEEL LIMITED,D203805208,5000106235,4600000322,40,16-07-26,101,HRC,COIL,11513:2017,BIS,cr3,72083990,N,7.453,90741706,MATCHED
2000,R_HR_CO,Hot Rolled Black Coil,26GW0568R0,20.96,2001,2.2,1230,0011000122,NMDC STEEL LIMITED,D103923104,5000106236,4600000322,20,16-07-26,101,HRC,COIL,11513:2017,BIS,cr3,72083990,N,7.453,12010172,MATCHED
2000,R_HR>3MM_CO,Hot Rolled Black Coil 3mm & Above,26GW0569R0,20.84,2001,3.6,1235,0011000122,NMDC STEEL LIMITED,D203339104,5000106237,4600000322,60,16-07-26,101,HRC,COIL,11513:2017,BIS,cr3,72083890,N,7.453,30589578,MATCHED
2000,R_HR_CO,Hot Rolled Black Coil,26GW0570R0,21.04,2001,2.5,1230,0011000122,NMDC STEEL LIMITED,D103923101,5000106244,4600000322,30,16-07-26,101,HRC,COIL,11513:2017,BIS,cr3,72083990,N,7.453,65941843,MATCHED
2000,R_HR_CO,Hot Rolled Black Coil,26GW0571R0,20.94,2001,2.2,1230,0011000122,NMDC STEEL LIMITED,D103923107,5000106245,4600000322,20,16-07-26,101,HRC,COIL,11513:2017,BIS,cr3,72083990,N,7.453,85948719,MATCHED
2000,R_HR_CO,Hot Rolled Black Coil,26GW0572R0,21.01,2001,2.5,1230,0011000122,NMDC STEEL LIMITED,D203808106,5000106246,4600000322,30,16-07-26,101,HRC,COIL,11513:2017,BIS,cr3,72083990,N,7.453,50141367,MATCHED
2000,R_HR>3MM_CO,Hot Rolled Black Coil 3mm & Above,26GW0573R0,20.85,2001,3.2,1235,0011000122,NMDC STEEL LIMITED,D203410101,5000106247,4600000322,50,16-07-26,101,HRC,COIL,11513:2017,BIS,cr3,72083890,N,7.453,92525295,MATCHED
2000,R_HR_CO,Hot Rolled Black Coil,26GW0574R0,20.99,2001,2.2,1230,0011000122,NMDC STEEL LIMITED,D203806206,5000106248,4600000322,20,16-07-26,101,HRC,COIL,11513:2017,BIS,cr3,72083990,N,7.453,23410494,MATCHED
2000,R_HR_CO,Hot Rolled Black Coil,26GW0575R0,20.85,2001,2.5,1230,0011000122,NMDC STEEL LIMITED,D103922102,5000106252,4600000322,30,16-07-26,101,HRC,COIL,11513:2017,BIS,cr3,72083990,N,7.453,51809142,MATCHED
2000,R_HR_CO,Hot Rolled Black Coil,26GW0576R0,21.02,2001,2.8,1235,0011000122,NMDC STEEL LIMITED,D103922109,5000106253,4600000322,40,16-07-26,101,HRC,COIL,11513:2017,BIS,cr3,72083990,N,7.453,39358685,MATCHED
2000,R_HR>3MM_CO,Hot Rolled Black Coil 3mm & Above,26GW0577R0,20.15,2001,3.2,1235,0011000122,NMDC STEEL LIMITED,D203328208,5000106260,4600000322,50,16-07-26,101,HRC,COIL,11513:2017,BIS,cr3,72083890,N,7.453,24211517,MATCHED
2000,R_HR_CO,Hot Rolled Black Coil,26GW0578R0,20.99,2001,2.5,1230,0011000122,NMDC STEEL LIMITED,D203808108,5000106261,4600000322,30,16-07-26,101,HRC,COIL,11513:2017,BIS,cr3,72083990,N,7.453,96413291,MATCHED
2000,R_HR_CO,Hot Rolled Black Coil,26GW0579R0,21.26,2001,2.2,1230,0011000122,NMDC STEEL LIMITED,D103917107,5000106264,4600000322,20,16-07-26,101,HRC,COIL,11513:2017,BIS,cr3,72083990,N,7.453,56970782,MATCHED
2000,R_HR_CO,Hot Rolled Black Coil,26GW0580R0,20.96,2001,2.2,1230,0011000122,NMDC STEEL LIMITED,D103920201,5000106265,4600000322,20,16-07-26,101,HRC,COIL,11513:2017,BIS,cr3,72083990,N,7.453,55611844,MATCHED
2000,R_HR_CO,Hot Rolled Black Coil,26GW0581R0,20.89,2001,2.5,1230,0011000122,NMDC STEEL LIMITED,D203805203,5000106266,4600000322,30,16-07-26,101,HRC,COIL,11513:2017,BIS,cr3,72083990,N,7.453,28222033,MATCHED
2000,R_HR_CO,Hot Rolled Black Coil,26GW0582R0,21.06,2001,2.8,1235,0011000122,NMDC STEEL LIMITED,D103922108,5000106267,4600000322,40,16-07-26,101,HRC,COIL,11513:2017,BIS,cr3,72083990,N,7.453,76251821,MATCHED
2000,R_HR>3MM_CO,Hot Rolled Black Coil 3mm & Above,26GW0584R0,20.99,2001,3.6,1235,0011000122,NMDC STEEL LIMITED,D103922106,5000106269,4600000322,60,16-07-26,101,HRC,COIL,11513:2017,BIS,cr3,72083890,N,7.453,48245109,MATCHED
2000,R_HR_CO,Hot Rolled Black Coil,26GW0585R0,20.95,2001,2.2,1230,0011000122,NMDC STEEL LIMITED,D103924201,5000106270,4600000322,20,16-07-26,101,HRC,COIL,11513:2017,BIS,cr3,72083990,N,7.453,42207613,MATCHED
2000,R_HR_CO,Hot Rolled Black Coil,26GW0586R0,20.84,2001,2.5,1230,0011000122,NMDC STEEL LIMITED,D203804107,5000106272,4600000322,30,16-07-26,101,HRC,COIL,11513:2017,BIS,cr3,72083990,N,7.453,63569310,MATCHED
2000,R_HR_CO,Hot Rolled Black Coil,26GW0587R0,20.99,2001,2,1235,0011000122,NMDC STEEL LIMITED,D203801206,5000106273,4600000322,10,16-07-26,101,HRC,COIL,11513:2017,BIS,cr3,72083990,N,7.453,28399190,MATCHED
2000,R_HR_CO,Hot Rolled Black Coil,26GW0588R0,20.99,2001,2.5,1230,0011000122,NMDC STEEL LIMITED,D203803109,5000106274,4600000322,30,16-07-26,101,HRC,COIL,11513:2017,BIS,cr3,72083990,N,7.453,55824772,MATCHED
2000,R_HR_CO,Hot Rolled Black Coil,26GW0589R0,20.96,2001,2.2,1230,0011000122,NMDC STEEL LIMITED,D103923106,5000106276,4600000322,20,16-07-26,101,HRC,COIL,11513:2017,BIS,cr3,72083990,N,7.453,48084949,MATCHED
2000,R_HR_CO,Hot Rolled Black Coil,26GW0590R0,20.85,2001,2.5,1230,0011000122,NMDC STEEL LIMITED,D203804105,5000106277,4600000322,30,16-07-26,101,HRC,COIL,11513:2017,BIS,cr3,72083990,N,7.453,27055215,MATCHED
2000,R_HR_CO,Hot Rolled Black Coil,26GW0591R0,21.32,2001,2.2,1230,0011000122,NMDC STEEL LIMITED,D103917106,5000106278,4600000322,20,16-07-26,101,HRC,COIL,11513:2017,BIS,cr3,72083990,N,7.453,99345845,MATCHED
2000,R_HR_CO,Hot Rolled Black Coil,26GW0592R0,20.94,2001,2.5,1230,0011000122,NMDC STEEL LIMITED,D203806201,5000106280,4600000322,30,16-07-26,101,HRC,COIL,11513:2017,BIS,cr3,72083990,N,7.453,87838549,MATCHED
2000,R_HR_CO,Hot Rolled Black Coil,26GW0593R0,20.96,2001,2,1235,0011000122,NMDC STEEL LIMITED,D103919104,5000106281,4600000322,10,16-07-26,101,HRC,COIL,11513:2017,BIS,cr3,72083990,N,7.453,72670883,MATCHED
2000,R_HR_CO,Hot Rolled Black Coil,26GW0594R0,20.94,2001,2.5,1230,0011000122,NMDC STEEL LIMITED,D103920205,5000106282,4600000322,30,16-07-26,101,HRC,COIL,11513:2017,BIS,cr3,72083990,N,7.453,24052797,MATCHED
2000,R_HR_CO,Hot Rolled Black Coil,26GW0595R0,21.1,2001,2,1235,0011000122,NMDC STEEL LIMITED,D203800208,5000106283,4600000322,10,16-07-26,101,HRC,COIL,11513:2017,BIS,cr3,72083990,N,7.453,88223251,MATCHED
2000,R_HR_CO,Hot Rolled Black Coil,26GW0596R0,21.12,2001,2.2,1230,0011000122,NMDC STEEL LIMITED,D203800206,5000106285,4600000322,20,16-07-26,101,HRC,COIL,11513:2017,BIS,cr3,72083990,N,7.453,17782921,MATCHED
2000,R_HR_CO,Hot Rolled Black Coil,26GW0597R0,20.97,2001,2.2,1230,0011000122,NMDC STEEL LIMITED,D203808102,5000106288,4600000322,20,16-07-26,101,HRC,COIL,11513:2017,BIS,cr3,72083990,N,7.453,18414722,MATCHED
2000,R_HR_CO,Hot Rolled Black Coil,26GW0598R0,21.01,2001,2.2,1230,0011000122,NMDC STEEL LIMITED,D203807108,5000106289,4600000322,20,16-07-26,101,HRC,COIL,11513:2017,BIS,cr3,72083990,N,7.453,68227869,MATCHED
2000,R_HR_CO,Hot Rolled Black Coil,26GW0599R0,20.83,2001,2.2,1230,0011000122,NMDC STEEL LIMITED,D103923105,5000106291,4600000322,20,16-07-26,101,HRC,COIL,11513:2017,BIS,cr3,72083990,N,7.453,96552774,MATCHED
2000,R_HR>3MM_CO,Hot Rolled Black Coil 3mm & Above,26GW0600R0,21.28,2001,3.2,1235,0011000122,NMDC STEEL LIMITED,D103917101,5000106292,4600000322,50,16-07-26,101,HRC,COIL,11513:2017,BIS,cr3,72083890,N,7.453,39924592,MATCHED
2000,R_HR_CO,Hot Rolled Black Coil,26GW0601R0,21.11,2001,2,1235,0011000122,NMDC STEEL LIMITED,D103918103,5000106293,4600000322,10,16-07-26,101,HRC,COIL,11513:2017,BIS,cr3,72083990,N,7.453,40253621,MATCHED
2000,R_HR_CO,Hot Rolled Black Coil,26GW0602R0,21.05,2001,2,1235,0011000122,NMDC STEEL LIMITED,D203801201,5000106294,4600000322,10,16-07-26,101,HRC,COIL,11513:2017,BIS,cr3,72083990,N,7.453,28605401,MATCHED
2000,R_HR>3MM_CO,Hot Rolled Black Coil 3mm & Above,26GW0603R0,20.98,2001,3.6,1235,0011000122,NMDC STEEL LIMITED,D103922105,5000106316,4600000322,60,16-07-26,101,HRC,COIL,11513:2017,BIS,cr3,72083890,N,7.453,78078083,MATCHED
2000,R_HR_CO,Hot Rolled Black Coil,26GW0604R0,20.99,2001,2.2,1230,0011000122,NMDC STEEL LIMITED,D203808101,5000106317,4600000322,20,16-07-26,101,HRC,COIL,11513:2017,BIS,cr3,72083990,N,7.453,56260623,MATCHED
2000,R_HR_CO,Hot Rolled Black Coil,26GW0605R0,20.89,2001,2.5,1230,0011000122,NMDC STEEL LIMITED,D103921202,5000106318,4600000322,30,16-07-26,101,HRC,COIL,11513:2017,BIS,cr3,72083990,N,7.453,36072769,MATCHED
2000,R_HR_CO,Hot Rolled Black Coil,26GW0606R0,20.98,2001,2.2,1230,0011000122,NMDC STEEL LIMITED,D203807103,5000106322,4600000322,20,16-07-26,101,HRC,COIL,11513:2017,BIS,cr3,72083990,N,7.453,56456336,MATCHED
2000,R_HR_CO,Hot Rolled Black Coil,26GW0607R0,21,2001,2.2,1230,0011000122,NMDC STEEL LIMITED,D203807107,5000106323,4600000322,20,16-07-26,101,HRC,COIL,11513:2017,BIS,cr3,72083990,N,7.453,26458126,MATCHED
2000,R_HR_CO,Hot Rolled Black Coil,26GW0608R0,20.75,2001,2.5,1230,0011000122,NMDC STEEL LIMITED,D203804108,5000106324,4600000322,30,16-07-26,101,HRC,COIL,11513:2017,BIS,cr3,72083990,N,7.453,26104403,MATCHED
2000,R_HR_CO,Hot Rolled Black Coil,26GW0609R0,21.13,2001,2.5,1230,0011000122,NMDC STEEL LIMITED,D203800204,5000106325,4600000322,30,16-07-26,101,HRC,COIL,11513:2017,BIS,cr3,72083990,N,7.453,69239927,MATCHED
2000,R_HR_CO,Hot Rolled Black Coil,26GW0610R0,20.92,2001,2.5,1230,0011000122,NMDC STEEL LIMITED,D203805201,5000106326,4600000322,30,16-07-26,101,HRC,COIL,11513:2017,BIS,cr3,72083990,N,7.453,57610987,MATCHED
2000,R_HR_CO,Hot Rolled Black Coil,26GW0611R0,20.85,2001,2.5,1230,0011000122,NMDC STEEL LIMITED,D103921203,5000106342,4600000322,30,16-07-26,101,HRC,COIL,11513:2017,BIS,cr3,72083990,N,7.453,53009885,MATCHED
2000,R_HR_CO,Hot Rolled Black Coil,26GW0612R0,20.98,2001,2,1235,0011000122,NMDC STEEL LIMITED,D103919102,5000106358,4600000322,10,16-07-26,101,HRC,COIL,11513:2017,BIS,cr3,72083990,N,7.453,71414073,MATCHED
2000,R_HR_CO,Hot Rolled Black Coil,26GW0613R0,21.11,2001,2,1235,0011000122,NMDC STEEL LIMITED,D103918107,5000106360,4600000322,10,16-07-26,101,HRC,COIL,11513:2017,BIS,cr3,72083990,N,7.453,54109712,MATCHED
2000,R_HR_CO,Hot Rolled Black Coil,26GW0614R0,21.02,2001,2.2,1230,0011000122,NMDC STEEL LIMITED,D203808103,5000106365,4600000322,20,16-07-26,101,HRC,COIL,11513:2017,BIS,cr3,72083990,N,7.453,12826493,MATCHED
2000,R_HR_CO,Hot Rolled Black Coil,26GW0615R0,21.05,2001,2,1235,0011000122,NMDC STEEL LIMITED,D103918104,5000106368,4600000322,10,16-07-26,101,HRC,COIL,11513:2017,BIS,cr3,72083990,N,7.453,63358257,MATCHED
2000,R_HR_CO,Hot Rolled Black Coil,26GW0616R0,20.98,2001,2,1235,0011000122,NMDC STEEL LIMITED,D103919103,5000106373,4600000322,10,16-07-26,101,HRC,COIL,11513:2017,BIS,cr3,72083990,N,7.453,42116154,MATCHED
2000,R_HR_CO,Hot Rolled Black Coil,26GW0617R0,20.93,2001,2.5,1230,0011000122,NMDC STEEL LIMITED,D203804103,5000106374,4600000322,30,16-07-26,101,HRC,COIL,11513:2017,BIS,cr3,72083990,N,7.453,41289533,MATCHED
2000,R_HR_CO,Hot Rolled Black Coil,26GW0618R0,21.27,2001,2.5,1230,0011000122,NMDC STEEL LIMITED,D103917103,5000106375,4600000322,30,16-07-26,101,HRC,COIL,11513:2017,BIS,cr3,72083990,N,7.453,19024458,MATCHED
2000,R_HR_CO,Hot Rolled Black Coil,26GW0619R0,20.97,2001,2.2,1230,0011000122,NMDC STEEL LIMITED,D103924207,5000106377,4600000322,20,16-07-26,101,HRC,COIL,11513:2017,BIS,cr3,72083990,N,7.453,96181131,MATCHED
2000,R_HR_CO,Hot Rolled Black Coil,26GW0620R0,20.98,2001,2.5,1230,0011000122,NMDC STEEL LIMITED,D203803105,5000106378,4600000322,30,16-07-26,101,HRC,COIL,11513:2017,BIS,cr3,72083990,N,7.453,16492777,MATCHED
2000,R_HR_CO,Hot Rolled Black Coil,26GW0621R0,21.02,2001,2.2,1230,0011000122,NMDC STEEL LIMITED,D203807104,5000106381,4600000322,20,16-07-26,101,HRC,COIL,11513:2017,BIS,cr3,72083990,N,7.453,20945281,MATCHED
2000,R_HR_CO,Hot Rolled Black Coil,26GW0622R0,20.8,2001,2.5,1230,0011000122,NMDC STEEL LIMITED,D103921207,5000106383,4600000322,30,16-07-26,101,HRC,COIL,11513:2017,BIS,cr3,72083990,N,7.453,13926839,MATCHED
2000,R_HR_CO,Hot Rolled Black Coil,26GW0623R0,20.96,2001,2.2,1230,0011000122,NMDC STEEL LIMITED,D103920203,5000106385,4600000322,20,16-07-26,101,HRC,COIL,11513:2017,BIS,cr3,72083990,N,7.453,20412507,MATCHED
2000,R_HR_CO,Hot Rolled Black Coil,26GW0624R0,21.02,2001,2.5,1230,0011000122,NMDC STEEL LIMITED,D203803107,5000106386,4600000322,30,16-07-26,101,HRC,COIL,11513:2017,BIS,cr3,72083990,N,7.453,55220942,MATCHED
2000,R_HR_CO,Hot Rolled Black Coil,26GW0625R0,20.94,2001,2,1235,0011000122,NMDC STEEL LIMITED,D203801203,5000106387,4600000322,10,16-07-26,101,HRC,COIL,11513:2017,BIS,cr3,72083990,N,7.453,63497084,MATCHED
2000,R_HR_CO,Hot Rolled Black Coil,26GW0626R0,21.11,2001,2,1235,0011000122,NMDC STEEL LIMITED,D103918105,5000106388,4600000322,10,16-07-26,101,HRC,COIL,11513:2017,BIS,cr3,72083990,N,7.453,54596353,MATCHED
2000,R_HR_CO,Hot Rolled Black Coil,26GW0627R0,20.85,2001,2.5,1230,0011000122,NMDC STEEL LIMITED,D103921206,5000106397,4600000322,30,16-07-26,101,HRC,COIL,11513:2017,BIS,cr3,72083990,N,7.453,37273634,MATCHED
2000,R_HR_CO,Hot Rolled Black Coil,26GW0628R0,21,2001,2.5,1230,0011000122,NMDC STEEL LIMITED,D103920207,5000106399,4600000322,30,16-07-26,101,HRC,COIL,11513:2017,BIS,cr3,72083990,N,7.453,98452078,MATCHED
2000,R_HR_CO,Hot Rolled Black Coil,26GW0629R0,20.87,2001,2.5,1230,0011000122,NMDC STEEL LIMITED,D203805202,5000106400,4600000322,30,16-07-26,101,HRC,COIL,11513:2017,BIS,cr3,72083990,N,7.453,65103318,MATCHED
2000,R_HR_CO,Hot Rolled Black Coil,26GW0630R0,21.03,2001,2.2,1230,0011000122,NMDC STEEL LIMITED,D103924208,5000106401,4600000322,20,16-07-26,101,HRC,COIL,11513:2017,BIS,cr3,72083990,N,7.453,34282722,MATCHED
2000,R_HR_CO,Hot Rolled Black Coil,26GW0631R0,21.07,2001,2,1235,0011000122,NMDC STEEL LIMITED,D203801202,5000106406,4600000322,10,16-07-26,101,HRC,COIL,11513:2017,BIS,cr3,72083990,N,7.453,92504679,MATCHED
2000,R_HR_CO,Hot Rolled Black Coil,26GW0632R0,21.33,2001,2.5,1230,0011000122,NMDC STEEL LIMITED,D103917104,5000106407,4600000322,30,16-07-26,101,HRC,COIL,11513:2017,BIS,cr3,72083990,N,7.453,66770097,MATCHED
2000,R_HR_CO,Hot Rolled Black Coil,26GW0633R0,21,2001,2,1235,0011000122,NMDC STEEL LIMITED,D203802203,5000106408,4600000322,10,16-07-26,101,HRC,COIL,11513:2017,BIS,cr3,72083990,N,7.453,92962473,MATCHED
2000,R_HR_CO,Hot Rolled Black Coil,26GW0634R0,21.11,2001,2,1235,0011000122,NMDC STEEL LIMITED,D103918106,5000106409,4600000322,10,16-07-26,101,HRC,COIL,11513:2017,BIS,cr3,72083990,N,7.453,43532587,MATCHED
2000,R_HR_CO,Hot Rolled Black Coil,26GW0635R0,20.91,2001,2,1235,0011000122,NMDC STEEL LIMITED,D103919107,5000106414,4600000322,10,16-07-26,101,HRC,COIL,11513:2017,BIS,cr3,72083990,N,7.453,37802847,MATCHED
2000,R_HR_CO,Hot Rolled Black Coil,26GW0636R0,20.94,2001,2.5,1230,0011000122,NMDC STEEL LIMITED,D203804101,5000106416,4600000322,30,16-07-26,101,HRC,COIL,11513:2017,BIS,cr3,72083990,N,7.453,37316416,MATCHED
2000,R_HR_CO,Hot Rolled Black Coil,26HJ0001R0,20.1,2001,2,1235,0011000139,JSW Steel Limited,26064517,5000106876,4600000331,10,27-07-26,101,HRC,COIL,11513:2017,BIS,cr3,72083990,N,7.453,65180174,MATCHED
2000,R_HR_CO,Hot Rolled Black Coil,26HJ0002R0,24.37,2001,2.5,1230,0011000144,JSW Vijayanagar Metallics Limited,26303157,5000106877,4600000332,40,27-07-26,101,HRC,COIL,11513:2017,BIS,cr3,72083990,N,7.453,79363575,MATCHED
2000,R_HR_CO,Hot Rolled Black Coil,26HJ0003R0,26.74,2001,2.5,1230,0011000144,JSW Vijayanagar Metallics Limited,26303159,5000106878,4600000332,40,27-07-26,101,HRC,COIL,11513:2017,BIS,cr3,72083990,N,7.453,98087159,MATCHED
2000,R_HR_CO,Hot Rolled Black Coil,26HJ0004R0,27.6,2001,2.5,1230,0011000144,JSW Vijayanagar Metallics Limited,26304633,5000106879,4600000332,40,27-07-26,101,HRC,COIL,11513:2017,BIS,cr3,72083990,N,7.453,18591619,MATCHED
2000,R_HR_CO,Hot Rolled Black Coil,26HJ0007R0,27.18,2001,2.5,1230,0011000144,JSW Vijayanagar Metallics Limited,26304638,5000106885,4600000332,40,27-07-26,101,HRC,COIL,11513:2017,BIS,cr3,72083990,N,7.453,61094069,MATCHED
2000,R_HR_CO,Hot Rolled Black Coil,26HJ0008R0,26.52,2001,2.5,1230,0011000144,JSW Vijayanagar Metallics Limited,26303879,5000106886,4600000332,40,27-07-26,101,HRC,COIL,11513:2017,BIS,cr3,72083990,N,7.453,32252502,MATCHED
2000,R_HR_CO,Hot Rolled Black Coil,26HJ0009R0,27.17,2001,2.5,1230,0011000144,JSW Vijayanagar Metallics Limited,26304629,5000106887,4600000332,40,27-07-26,101,HRC,COIL,11513:2017,BIS,cr3,72083990,N,7.453,39465063,MATCHED
2000,R_HR_CO,Hot Rolled Black Coil,26HJ0010R0,26.635,2001,2.5,1230,0011000144,JSW Vijayanagar Metallics Limited,26304754,5000106888,4600000332,40,27-07-26,101,HRC,COIL,11513:2017,BIS,cr3,72083990,N,7.453,13743712,MATCHED
2000,R_HR_CO,Hot Rolled Black Coil,26HJ0011R0,21.49,2001,2.2,1230,0011000139,JSW Steel Limited,26064437,5000106889,4600000331,20,27-07-26,101,HRC,COIL,11513:2017,BIS,cr3,72083990,N,7.453,83584185,MATCHED
2000,R_HR_CO,Hot Rolled Black Coil,26HJ0012R0,21.47,2001,2.2,1230,0011000139,JSW Steel Limited,26064445,5000106890,4600000331,20,27-07-26,101,HRC,COIL,11513:2017,BIS,cr3,72083990,N,7.453,53791293,MATCHED
2000,R_HR_CO,Hot Rolled Black Coil,26HJ0013R0,21.31,2001,2.2,1230,0011000139,JSW Steel Limited,26064560,5000106892,4600000331,20,27-07-26,101,HRC,COIL,11513:2017,BIS,cr3,72083990,N,7.453,17316422,MATCHED
2000,R_HR_CO,Hot Rolled Black Coil,26HJ0014R0,21.55,2001,2.2,1230,0011000139,JSW Steel Limited,26064438,5000106893,4600000331,20,27-07-26,101,HRC,COIL,11513:2017,BIS,cr3,72083990,N,7.453,28605775,MATCHED
2000,R_HR_CO,Hot Rolled Black Coil,26HJ0015R0,22.06,2001,2.2,1230,0011000139,JSW Steel Limited,26064378,5000106894,4600000331,20,27-07-26,101,HRC,COIL,11513:2017,BIS,cr3,72083990,N,7.453,28515064,MATCHED
2000,R_HR_CO,Hot Rolled Black Coil,26HJ0016R0,21.47,2001,2.2,1230,0011000139,JSW Steel Limited,26064555,5000106895,4600000331,20,27-07-26,101,HRC,COIL,11513:2017,BIS,cr3,72083990,N,7.453,72201541,MATCHED
2000,R_HR_CO,Hot Rolled Black Coil,26HJ0017R0,21.46,2001,2.2,1230,0011000139,JSW Steel Limited,26064455,5000106898,4600000331,20,27-07-26,101,HRC,COIL,11513:2017,BIS,cr3,72083990,N,7.453,81641920,MATCHED
2000,R_HR_CO,Hot Rolled Black Coil,26HJ0018R0,27.46,2001,2.5,1230,0011000144,JSW Vijayanagar Metallics Limited,26304637,5000106901,4600000332,40,27-07-26,101,HRC,COIL,11513:2017,BIS,cr3,72083990,N,7.453,65967472,MATCHED
2000,R_HR_CO,Hot Rolled Black Coil,26HJ0019R0,27.53,2001,2.5,1230,0011000144,JSW Vijayanagar Metallics Limited,26304631,5000106903,4600000332,40,27-07-26,101,HRC,COIL,11513:2017,BIS,cr3,72083990,N,7.453,91935288,MATCHED
2000,R_HR_CO,Hot Rolled Black Coil,26HJ0020R0,27.145,2001,2.5,1230,0011000144,JSW Vijayanagar Metallics Limited,26304630,5000106904,4600000332,40,27-07-26,101,HRC,COIL,11513:2017,BIS,cr3,72083990,N,7.453,54043950,MATCHED
2000,R_HR_CO,Hot Rolled Black Coil,26HJ0021R0,21.5,2001,2.2,1230,0011000139,JSW Steel Limited,26064439,5000106908,4600000331,20,27-07-26,101,HRC,COIL,11513:2017,BIS,cr3,72083990,N,7.453,11566667,MATCHED
2000,R_HR_CO,Hot Rolled Black Coil,26HJ0022R0,21.55,2001,2.2,1230,0011000139,JSW Steel Limited,26064563,5000106909,4600000331,20,27-07-26,101,HRC,COIL,11513:2017,BIS,cr3,72083990,N,7.453,28109106,MATCHED
2000,R_HR_CO,Hot Rolled Black Coil,26HJ0023R0,27.425,2001,2.5,1230,0011000144,JSW Vijayanagar Metallics Limited,26304634,5000106910,4600000332,40,27-07-26,101,HRC,COIL,11513:2017,BIS,cr3,72083990,N,7.453,11963370,MATCHED
2000,R_HR_CO,Hot Rolled Black Coil,26HJ0024R0,26.52,2001,2.5,1230,0011000144,JSW Vijayanagar Metallics Limited,26303878,5000106911,4600000332,40,27-07-26,101,HRC,COIL,11513:2017,BIS,cr3,72083990,N,7.453,76641446,MATCHED
2000,R_HR_CO,Hot Rolled Black Coil,26HJ0025R0,27.71,2001,2.5,1230,0011000144,JSW Vijayanagar Metallics Limited,26304635,5000106912,4600000332,40,27-07-26,101,HRC,COIL,11513:2017,BIS,cr3,72083990,N,7.453,34117146,MATCHED
2000,R_HR_CO,Hot Rolled Black Coil,26HJ0026R0,27.32,2001,2.5,1230,0011000144,JSW Vijayanagar Metallics Limited,26304752,5000106913,4600000332,40,27-07-26,101,HRC,COIL,11513:2017,BIS,cr3,72083990,N,7.453,97323386,MATCHED
2000,R_HR_CO,Hot Rolled Black Coil,26HJ0027R0,21.29,2001,2,1235,0011000139,JSW Steel Limited,26064553,5000106915,4600000331,10,27-07-26,101,HRC,COIL,11513:2017,BIS,cr3,72083990,N,7.453,11187491,MATCHED
2000,R_HR_CO,Hot Rolled Black Coil,26HJ0028R0,21.12,2001,2,1235,0011000139,JSW Steel Limited,26064706,5000106916,4600000331,10,27-07-26,101,HRC,COIL,11513:2017,BIS,cr3,72083990,N,7.453,71173460,MATCHED
2000,R_HR_CO,Hot Rolled Black Coil,26HJ0029R0,21.325,2001,2,1235,0011000139,JSW Steel Limited,26064551,5000106918,4600000331,10,27-07-26,101,HRC,COIL,11513:2017,BIS,cr3,72083990,N,7.453,77922756,MATCHED
2000,R_HR_CO,Hot Rolled Black Coil,26HJ0030R0,21.165,2001,2,1235,0011000139,JSW Steel Limited,26064594,5000106919,4600000331,10,27-07-26,101,HRC,COIL,11513:2017,BIS,cr3,72083990,N,7.453,34985979,MATCHED
2000,R_HR_CO,Hot Rolled Black Coil,26HJ0031R0,20.34,2001,2,1235,0011000139,JSW Steel Limited,26064508,5000106920,4600000331,10,27-07-26,101,HRC,COIL,11513:2017,BIS,cr3,72083990,N,7.453,75555394,MATCHED
2000,R_HR_CO,Hot Rolled Black Coil,26HJ0032R0,21.48,2001,2,1235,0011000139,JSW Steel Limited,26064518,5000106921,4600000331,10,27-07-26,101,HRC,COIL,11513:2017,BIS,cr3,72083990,N,7.453,35607890,MATCHED
2000,R_HR_CO,Hot Rolled Black Coil,26HJ0033R0,16.46,2001,2,1235,0011000139,JSW Steel Limited,26055433,5000106922,4600000331,10,27-07-26,101,HRC,COIL,11513:2017,BIS,cr3,72083990,N,7.453,94751505,MATCHED
2000,R_HR_CO,Hot Rolled Black Coil,26HJ0034R0,21.26,2001,2.2,1260,0011000139,JSW Steel Limited,26064644,5000106923,4600000331,30,27-07-26,101,HRC,COIL,11513:2017,BIS,cr3,72083990,N,7.453,98579460,MATCHED
2000,R_HR_CO,Hot Rolled Black Coil,26HJ0035R0,21.38,2001,2.2,1260,0011000139,JSW Steel Limited,26064640,5000106924,4600000331,30,27-07-26,101,HRC,COIL,11513:2017,BIS,cr3,72083990,N,7.453,37751632,MATCHED
2000,R_HR_CO,Hot Rolled Black Coil,26HJ0036R0,21.4,2001,2.2,1260,0011000139,JSW Steel Limited,26064642,5000106925,4600000331,30,27-07-26,101,HRC,COIL,11513:2017,BIS,cr3,72083990,N,7.453,84118622,MATCHED
2000,R_HR_CO,Hot Rolled Black Coil,26HJ0037R0,19.03,2001,2.2,1230,0011000139,JSW Steel Limited,26058795,5000106926,4600000331,20,27-07-26,101,HRC,COIL,11513:2017,BIS,cr3,72083990,N,7.453,60794559,MATCHED
2000,R_HR_CO,Hot Rolled Black Coil,26HJ0038R0,20.79,2001,2.2,1230,0011000139,JSW Steel Limited,26064377,5000106927,4600000331,20,27-07-26,101,HRC,COIL,11513:2017,BIS,cr3,72083990,N,7.453,35410267,MATCHED
2000,R_HR_CO,Hot Rolled Black Coil,26HJ0039R0,21.29,2001,2,1235,0011000139,JSW Steel Limited,26064505,5000106928,4600000331,10,27-07-26,101,HRC,COIL,11513:2017,BIS,cr3,72083990,N,7.453,46200839,MATCHED
2000,R_HR_CO,Hot Rolled Black Coil,26HJ0040R0,21.27,2001,2.2,1230,0011000139,JSW Steel Limited,26064711,5000106929,4600000331,20,27-07-26,101,HRC,COIL,11513:2017,BIS,cr3,72083990,N,7.453,10424053,MATCHED
2000,R_HR_CO,Hot Rolled Black Coil,26HJ0041R0,21.39,2001,2,1235,0011000139,JSW Steel Limited,26064458,5000106930,4600000331,10,27-07-26,101,HRC,COIL,11513:2017,BIS,cr3,72083990,N,7.453,87238053,MATCHED
2000,R_HR_CO,Hot Rolled Black Coil,26HJ0042R0,21.33,2001,2.2,1230,0011000139,JSW Steel Limited,26064451,5000106931,4600000331,20,27-07-26,101,HRC,COIL,11513:2017,BIS,cr3,72083990,N,7.453,64414151,MATCHED
2000,R_HR_CO,Hot Rolled Black Coil,26HJ0043R0,21.5,2001,2,1235,0011000139,JSW Steel Limited,26064461,5000106932,4600000331,10,27-07-26,101,HRC,COIL,11513:2017,BIS,cr3,72083990,N,7.453,28004198,MATCHED
2000,R_HR_CO,Hot Rolled Black Coil,26HJ0044R0,21.38,2001,2.2,1230,0011000139,JSW Steel Limited,26064501,5000106933,4600000331,20,27-07-26,101,HRC,COIL,11513:2017,BIS,cr3,72083990,N,7.453,43726735,MATCHED
2000,R_HR_CO,Hot Rolled Black Coil,26HJ0045R0,21.32,2001,2,1235,0011000139,JSW Steel Limited,26064595,5000106934,4600000331,10,27-07-26,101,HRC,COIL,11513:2017,BIS,cr3,72083990,N,7.453,41857237,MATCHED
2000,R_HR_CO,Hot Rolled Black Coil,26HJ0046R0,21.49,2001,2.2,1230,0011000139,JSW Steel Limited,26064587,5000106935,4600000331,20,27-07-26,101,HRC,COIL,11513:2017,BIS,cr3,72083990,N,7.453,61824846,MATCHED
2000,R_HR_CO,Hot Rolled Black Coil,26HJ0047R0,21.465,2001,2,1235,0011000139,JSW Steel Limited,26064457,5000106936,4600000331,10,27-07-26,101,HRC,COIL,11513:2017,BIS,cr3,72083990,N,7.453,25823452,MATCHED
2000,R_HR_CO,Hot Rolled Black Coil,26HJ0048R0,26.695,2001,2.5,1230,0011000144,JSW Vijayanagar Metallics Limited,26303158,5000106937,4600000332,40,27-07-26,101,HRC,COIL,11513:2017,BIS,cr3,72083990,N,7.453,74251215,MATCHED
2000,R_HR>3MM_CO,Hot Rolled Black Coil 3mm & Above,26HJ0049R0,27.53,2001,3,1265,0011000144,JSW Vijayanagar Metallics Limited,26304702,5000106938,4600000332,70,27-07-26,101,HRC,COIL,11513:2017,BIS,cr3,72083890,N,7.453,47344889,MATCHED
2000,R_HR>3MM_CO,Hot Rolled Black Coil 3mm & Above,26HJ0050R0,27.645,2001,3,1260,0011000144,JSW Vijayanagar Metallics Limited,26298012,5000106939,4600000332,110,27-07-26,101,HRC,COIL,11513:2017,BIS,cr2,72083890,N,7.453,37383315,MATCHED
2000,R_HR>3MM_CO,Hot Rolled Black Coil 3mm & Above,26HJ0051R0,27.685,2001,3,1265,0011000144,JSW Vijayanagar Metallics Limited,26304705,5000106940,4600000332,70,27-07-26,101,HRC,COIL,11513:2017,BIS,cr3,72083890,N,7.453,70745610,MATCHED
2000,R_HR>3MM_CO,Hot Rolled Black Coil 3mm & Above,26HJ0052R0,27.51,2001,3.6,1265,0011000144,JSW Vijayanagar Metallics Limited,26303750,5000106941,4600000332,80,27-07-26,101,HRC,COIL,11513:2017,BIS,cr3,72083890,N,7.453,85098896,MATCHED
2000,R_HR>3MM_CO,Hot Rolled Black Coil 3mm & Above,26HJ0053R0,27.675,2001,3,1265,0011000144,JSW Vijayanagar Metallics Limited,26304549,5000106942,4600000332,70,27-07-26,101,HRC,COIL,11513:2017,BIS,cr3,72083890,N,7.453,66119915,MATCHED
2000,R_HR>3MM_CO,Hot Rolled Black Coil 3mm & Above,26HJ0054R0,27.71,2001,3,1265,0011000144,JSW Vijayanagar Metallics Limited,26304708,5000106943,4600000332,70,27-07-26,101,HRC,COIL,11513:2017,BIS,cr3,72083890,N,7.453,76837762,MATCHED
2000,R_HR>3MM_CO,Hot Rolled Black Coil 3mm & Above,26HJ0055R0,27.48,2001,3,1265,0011000144,JSW Vijayanagar Metallics Limited,26304618,5000106944,4600000332,70,27-07-26,101,HRC,COIL,11513:2017,BIS,cr3,72083890,N,7.453,31499874,MATCHED
2000,R_HR>3MM_CO,Hot Rolled Black Coil 3mm & Above,26HJ0056R0,27.545,2001,3,1260,0011000144,JSW Vijayanagar Metallics Limited,26298011,5000106945,4600000332,110,27-07-26,101,HRC,COIL,11513:2017,BIS,cr2,72083890,N,7.453,81888415,MATCHED
2000,R_HR>3MM_CO,Hot Rolled Black Coil 3mm & Above,26HJ0057R0,27.61,2001,3,1265,0011000144,JSW Vijayanagar Metallics Limited,26304550,5000106946,4600000332,70,27-07-26,101,HRC,COIL,11513:2017,BIS,cr3,72083890,N,7.453,76345145,MATCHED
2000,R_HR>3MM_CO,Hot Rolled Black Coil 3mm & Above,26HJ0058R0,27.725,2001,3,1265,0011000144,JSW Vijayanagar Metallics Limited,26304707,5000106947,4600000332,70,27-07-26,101,HRC,COIL,11513:2017,BIS,cr3,72083890,N,7.453,38819111,MATCHED
2000,R_HR>3MM_CO,Hot Rolled Black Coil 3mm & Above,26HJ0059R0,27.89,2001,3,1265,0011000144,JSW Vijayanagar Metallics Limited,26903175,5000106948,4600000332,70,27-07-26,101,HRC,COIL,11513:2017,BIS,cr3,72083890,N,7.453,11527909,MATCHED
2000,R_HR>3MM_CO,Hot Rolled Black Coil 3mm & Above,26HJ0060R0,27.63,2001,3,1265,0011000144,JSW Vijayanagar Metallics Limited,26304548,5000106949,4600000332,70,27-07-26,101,HRC,COIL,11513:2017,BIS,cr3,72083890,N,7.453,32152339,MATCHED
2000,R_HR>3MM_CO,Hot Rolled Black Coil 3mm & Above,26HJ0061R0,27.23,2001,3,1265,0011000144,JSW Vijayanagar Metallics Limited,26304704,5000106950,4600000332,70,27-07-26,101,HRC,COIL,11513:2017,BIS,cr3,72083890,N,7.453,82717969,MATCHED
2000,R_HR_CO,Hot Rolled Black Coil,26HJ0062R0,26.625,2001,2.8,1260,0011000144,JSW Vijayanagar Metallics Limited,26302165,5000106951,4600000332,60,27-07-26,101,HRC,COIL,11513:2017,BIS,cr3,72083990,N,7.453,28536216,MATCHED
2000,R_HR>3MM_CO,Hot Rolled Black Coil 3mm & Above,26HJ0063R0,27.495,2001,3,1265,0011000144,JSW Vijayanagar Metallics Limited,26304619,5000106952,4600000332,70,27-07-26,101,HRC,COIL,11513:2017,BIS,cr3,72083890,N,7.453,67773947,MATCHED
2000,R_HR_CO,Hot Rolled Black Coil,26HJ0066R0,27.63,2001,2.5,1230,0011000144,JSW Vijayanagar Metallics Limited,26304636,5000106955,4600000332,40,27-07-26,101,HRC,COIL,11513:2017,BIS,cr3,72083990,N,7.453,45981154,MATCHED
2000,R_HR_CO,Hot Rolled Black Coil,26HJ0067R0,21.3,2001,2.2,1230,0011000139,JSW Steel Limited,26064446,5000106956,4600000331,20,27-07-26,101,HRC,COIL,11513:2017,BIS,cr3,72083990,N,7.453,13401544,MATCHED
2000,R_HR_CO,Hot Rolled Black Coil,26HJ0068R0,27.495,2001,2.5,1230,0011000144,JSW Vijayanagar Metallics Limited,26304628,5000106965,4600000332,40,27-07-26,101,HRC,COIL,11513:2017,BIS,cr3,72083990,N,7.453,13036229,MATCHED
2000,R_HR_CO,Hot Rolled Black Coil,26HJ0069R0,21.18,2001,2.2,1230,0011000139,JSW Steel Limited,26064376,5000106966,4600000331,20,27-07-26,101,HRC,COIL,11513:2017,BIS,cr3,72083990,N,7.453,14177062,MATCHED
2000,R_HR_CO,Hot Rolled Black Coil,26HJ0072R0,21.025,2001,2.2,1230,0011000139,JSW Steel Limited,26056289,5000106968,4600000331,20,27-07-26,101,HRC,COIL,11513:2017,BIS,cr3,72083990,N,7.453,91551923,MATCHED
2000,R_HR_CO,Hot Rolled Black Coil,26HJ0073R0,21.46,2001,2,1235,0011000139,JSW Steel Limited,26064515,5000106970,4600000331,10,27-07-26,101,HRC,COIL,11513:2017,BIS,cr3,72083990,N,7.453,94925288,MATCHED
2000,R_HR_CO,Hot Rolled Black Coil,26HJ0074R0,21.41,2001,2,1235,0011000139,JSW Steel Limited,26064513,5000106971,4600000331,10,27-07-26,101,HRC,COIL,11513:2017,BIS,cr3,72083990,N,7.453,31568605,MATCHED
2000,R_HR_CO,Hot Rolled Black Coil,26HJ0075R0,21.06,2001,2,1235,0011000139,JSW Steel Limited,26064504,5000106974,4600000331,10,27-07-26,101,HRC,COIL,11513:2017,BIS,cr3,72083990,N,7.453,83328417,MATCHED
2000,R_HR_CO,Hot Rolled Black Coil,26HJ0076R0,21.28,2001,2,1235,0011000139,JSW Steel Limited,26064502,5000106975,4600000331,10,27-07-26,101,HRC,COIL,11513:2017,BIS,cr3,72083990,N,7.453,28808282,MATCHED
2000,R_HR_CO,Hot Rolled Black Coil,26HJ0077R0,21.44,2001,2,1235,0011000139,JSW Steel Limited,26064519,5000106976,4600000331,10,27-07-26,101,HRC,COIL,11513:2017,BIS,cr3,72083990,N,7.453,68820414,MATCHED
2000,R_HR_CO,Hot Rolled Black Coil,26HJ0078R0,27.385,2001,2,1235,0011000144,JSW Vijayanagar Metallics Limited,26302380,5000106977,4600000332,10,27-07-26,101,HRC,COIL,11513:2017,BIS,cr3,72083990,N,7.453,91234508,MATCHED
2000,R_HR_CO,Hot Rolled Black Coil,26HJ0079R0,27.72,2001,2.5,1230,0011000144,JSW Vijayanagar Metallics Limited,26304632,5000106978,4600000332,40,27-07-26,101,HRC,COIL,11513:2017,BIS,cr3,72083990,N,7.453,99323018,MATCHED
2000,R_HR_CO,Hot Rolled Black Coil,26HJ0080R0,21.345,2001,2.2,1230,0011000139,JSW Steel Limited,26064447,5000106982,4600000331,20,27-07-26,101,HRC,COIL,11513:2017,BIS,cr3,72083990,N,7.453,81010797,MATCHED
2000,R_HR_CO,Hot Rolled Black Coil,26HJ0081R0,21.45,2001,2.2,1230,0011000139,JSW Steel Limited,26064375,5000106983,4600000331,20,27-07-26,101,HRC,COIL,11513:2017,BIS,cr3,72083990,N,7.453,91810143,MATCHED
2000,R_HR_CO,Hot Rolled Black Coil,26HJ0082R0,21.11,2001,2.2,1230,0011000139,JSW Steel Limited,26064512,5000106987,4600000331,20,27-07-26,101,HRC,COIL,11513:2017,BIS,cr3,72083990,N,7.453,30961518,MATCHED
2000,R_HR_CO,Hot Rolled Black Coil,26HJ0083R0,21.38,2001,2.2,1230,0011000139,JSW Steel Limited,26064558,5000106988,4600000331,20,27-07-26,101,HRC,COIL,11513:2017,BIS,cr3,72083990,N,7.453,20975359,MATCHED
2000,R_HR_CO,Hot Rolled Black Coil,26HJ0084R0,21.46,2001,2,1235,0011000139,JSW Steel Limited,26064509,5000106989,4600000331,10,27-07-26,101,HRC,COIL,11513:2017,BIS,cr3,72083990,N,7.453,43449579,MATCHED
2000,R_HR_CO,Hot Rolled Black Coil,26HJ0085R0,21.3,2001,2.2,1230,0011000139,JSW Steel Limited,26064564,5000106990,4600000331,20,27-07-26,101,HRC,COIL,11513:2017,BIS,cr3,72083990,N,7.453,84024035,MATCHED
2000,R_HR_CO,Hot Rolled Black Coil,26HJ0086R0,21.53,2001,2.2,1230,0011000139,JSW Steel Limited,26064589,5000106991,4600000331,20,27-07-26,101,HRC,COIL,11513:2017,BIS,cr3,72083990,N,7.453,73654533,MATCHED
2000,R_HR_CO,Hot Rolled Black Coil,26HJ0087R0,21.03,2001,2.2,1260,0011000139,JSW Steel Limited,26064755,5000106993,4600000331,30,27-07-26,101,HRC,COIL,11513:2017,BIS,cr3,72083990,N,7.453,43731009,MATCHED
2000,R_HR_CO,Hot Rolled Black Coil,26HJ0088R0,21.13,2001,2.2,1260,0011000139,JSW Steel Limited,26064754,5000106995,4600000331,30,27-07-26,101,HRC,COIL,11513:2017,BIS,cr3,72083990,N,7.453,66354301,MATCHED
2000,R_HR_CO,Hot Rolled Black Coil,26HJ0089R0,21.385,2001,2.2,1260,0011000139,JSW Steel Limited,26064637,5000106996,4600000331,30,27-07-26,101,HRC,COIL,11513:2017,BIS,cr3,72083990,N,7.453,87394775,MATCHED
2000,R_HR_CO,Hot Rolled Black Coil,26HJ0090R0,21.395,2001,2.2,1260,0011000139,JSW Steel Limited,26064638,5000106997,4600000331,30,27-07-26,101,HRC,COIL,11513:2017,BIS,cr3,72083990,N,7.453,97071848,MATCHED
2000,R_HR_CO,Hot Rolled Black Coil,26HJ0091R0,21.48,2001,2.2,1230,0011000139,JSW Steel Limited,26064449,5000106999,4600000331,20,27-07-26,101,HRC,COIL,11513:2017,BIS,cr3,72083990,N,7.453,36792138,MATCHED
2000,R_HR_CO,Hot Rolled Black Coil,26HJ0092R0,21.29,2001,2.2,1230,0011000139,JSW Steel Limited,26064709,5000107000,4600000331,20,27-07-26,101,HRC,COIL,11513:2017,BIS,cr3,72083990,N,7.453,97777349,MATCHED
2000,R_HR_CO,Hot Rolled Black Coil,26HJ0093R0,21.235,2001,2,1235,0011000139,JSW Steel Limited,26064552,5000107001,4600000331,10,27-07-26,101,HRC,COIL,11513:2017,BIS,cr3,72083990,N,7.453,35858701,MATCHED
2000,R_HR_CO,Hot Rolled Black Coil,26HJ0094R0,21.345,2001,2.2,1230,0011000139,JSW Steel Limited,26064561,5000107002,4600000331,20,27-07-26,101,HRC,COIL,11513:2017,BIS,cr3,72083990,N,7.453,47173399,MATCHED
2000,R_HR_CO,Hot Rolled Black Coil,26HJ0095R0,21.19,2001,2.2,1260,0011000139,JSW Steel Limited,26064643,5000107003,4600000331,30,27-07-26,101,HRC,COIL,11513:2017,BIS,cr3,72083990,N,7.453,28442604,MATCHED
2000,R_HR_CO,Hot Rolled Black Coil,26HJ0096R0,21.34,2001,2.2,1260,0011000139,JSW Steel Limited,26064645,5000107004,4600000331,30,27-07-26,101,HRC,COIL,11513:2017,BIS,cr3,72083990,N,7.453,27952750,MATCHED
2000,R_HR_CO,Hot Rolled Black Coil,26HJ0097R0,27.55,2001,2.8,1190,0011000144,JSW Vijayanagar Metallics Limited,26297931,5000107008,4600000332,90,27-07-26,101,HRC,COIL,11513:2017,BIS,cr2,72083990,N,7.453,19797382,MATCHED
2000,R_HR_CO,Hot Rolled Black Coil,26HJ0098R0,27.18,2001,2.2,1260,0011000144,JSW Vijayanagar Metallics Limited,26302376,5000107009,4600000332,30,27-07-26,101,HRC,COIL,11513:2017,BIS,cr3,72083990,N,7.453,87777932,MATCHED
2000,R_HR>3MM_CO,Hot Rolled Black Coil 3mm & Above,26HJ0099R0,27.485,2001,3,1265,0011000144,JSW Vijayanagar Metallics Limited,26304620,5000107010,4600000332,70,27-07-26,101,HRC,COIL,11513:2017,BIS,cr3,72083890,N,7.453,86889282,MATCHED
2000,R_HR>3MM_CO,Hot Rolled Black Coil 3mm & Above,26HJ0100R0,27.675,2001,3,1265,0011000144,JSW Vijayanagar Metallics Limited,26304706,5000107011,4600000332,70,27-07-26,101,HRC,COIL,11513:2017,BIS,cr3,72083890,N,7.453,82086190,MATCHED
2000,R_HR_CO,Hot Rolled Black Coil,26HJ0101R0,23.05,2001,2.8,1230,0011000144,JSW Vijayanagar Metallics Limited,26298041,5000107012,4600000332,100,27-07-26,101,HRC,COIL,11513:2017,BIS,cr2,72083990,N,7.453,82558438,MATCHED
2000,R_HR_CO,Hot Rolled Black Coil,26HJ0102R0,23.74,2001,2.8,1230,0011000144,JSW Vijayanagar Metallics Limited,26298040,5000107013,4600000332,100,27-07-26,101,HRC,COIL,11513:2017,BIS,cr2,72083990,N,7.453,33515685,MATCHED
2000,R_HR_CO,Hot Rolled Black Coil,26HJ0103R0,26.88,2001,2.5,1260,0011000144,JSW Vijayanagar Metallics Limited,26303640,5000107014,4600000332,50,27-07-26,101,HRC,COIL,11513:2017,BIS,cr3,72083990,N,7.453,29835491,MATCHED
2000,R_HR_CO,Hot Rolled Black Coil,26HJ0104R0,27.575,2001,2.5,1260,0011000144,JSW Vijayanagar Metallics Limited,26302064,5000107015,4600000332,50,27-07-26,101,HRC,COIL,11513:2017,BIS,cr3,72083990,N,7.453,52637934,MATCHED
2000,R_HR>3MM_CO,Hot Rolled Black Coil 3mm & Above,26HJ0105R0,27.54,2001,3,1265,0011000144,JSW Vijayanagar Metallics Limited,26304621,5000107016,4600000332,70,27-07-26,101,HRC,COIL,11513:2017,BIS,cr3,72083890,N,7.453,63059719,MATCHED
2000,R_HR>3MM_CO,Hot Rolled Black Coil 3mm & Above,26HJ0106R0,27.66,2001,3,1265,0011000144,JSW Vijayanagar Metallics Limited,26304703,5000107017,4600000332,70,27-07-26,101,HRC,COIL,11513:2017,BIS,cr3,72083890,N,7.453,49629892,MATCHED
2000,R_HR_CO,Hot Rolled Black Coil,26HJ0107R0,21.51,2001,2,1235,0011000139,JSW Steel Limited,26064514,5000107048,4600000331,10,27-07-26,101,HRC,COIL,11513:2017,BIS,cr3,72083990,N,7.453,54072331,MATCHED
2000,R_HR>3MM_CO,Hot Rolled Black Coil 3mm & Above,26HJ0108R0,27.8,2001,3,1265,0011000144,JSW Vijayanagar Metallics Limited,26304546,5000107049,4600000332,70,27-07-26,101,HRC,COIL,11513:2017,BIS,cr3,72083890,N,7.453,12245269,MATCHED
2000,R_HR>3MM_CO,Hot Rolled Black Coil 3mm & Above,26HJ0109R0,27.48,2001,3,1265,0011000144,JSW Vijayanagar Metallics Limited,26304622,5000107054,4600000332,70,27-07-26,101,HRC,COIL,11513:2017,BIS,cr3,72083890,N,7.453,23963789,MATCHED
2000,R_HR_CO,Hot Rolled Black Coil,26HJ0111R0,21.32,2001,2.2,1230,0011000139,JSW Steel Limited,26064511,5000107060,4600000331,40,29-07-26,101,HRC,COIL,11513:2017,BIS,cr3,72083990,N,7.453,68987867,MATCHED
2000,R_HR_CO,Hot Rolled Black Coil,26HJ0112R0,21.405,2001,2.2,1230,0011000139,JSW Steel Limited,26064591,5000107061,4600000331,40,29-07-26,101,HRC,COIL,11513:2017,BIS,cr3,72083990,N,7.453,31643958,MATCHED
2000,R_HR_CO,Hot Rolled Black Coil,26HJ0113R0,21.34,2001,2.2,1260,0011000139,JSW Steel Limited,26064641,5000107062,4600000331,30,27-07-26,101,HRC,COIL,11513:2017,BIS,cr3,72083990,N,7.453,85909270,MATCHED
2000,R_HR_CO,Hot Rolled Black Coil,26HJ0114R0,21.32,2001,2,1235,0011000139,JSW Steel Limited,26064506,5000107063,4600000331,50,29-07-26,101,HRC,COIL,11513:2017,BIS,cr3,72083990,N,7.453,31169297,MATCHED
2000,R_HR_CO,Hot Rolled Black Coil,26HJ0115R0,21.465,2001,2.2,1230,0011000139,JSW Steel Limited,26064440,5000107064,4600000331,40,29-07-26,101,HRC,COIL,11513:2017,BIS,cr3,72083990,N,7.453,17608607,MATCHED
2000,R_HR_CO,Hot Rolled Black Coil,26HJ0116R0,21.45,2001,2,1235,0011000139,JSW Steel Limited,26064516,5000107065,4600000331,50,29-07-26,101,HRC,COIL,11513:2017,BIS,cr3,72083990,N,7.453,68969765,MATCHED
2000,R_HR_CO,Hot Rolled Black Coil,26HJ0117R0,21.58,2001,2.2,1230,0011000139,JSW Steel Limited,26064436,5000107066,4600000331,40,29-07-26,101,HRC,COIL,11513:2017,BIS,cr3,72083990,N,7.453,90919705,MATCHED
2000,R_HR_CO,Hot Rolled Black Coil,26HJ0118R0,21.505,2001,2.2,1230,0011000139,JSW Steel Limited,26064554,5000107067,4600000331,40,29-07-26,101,HRC,COIL,11513:2017,BIS,cr3,72083990,N,7.453,18638872,MATCHED
2000,R_HR_CO,Hot Rolled Black Coil,26HJ0119R0,21.14,2001,2,1235,0011000139,JSW Steel Limited,26064462,5000107068,4600000331,50,29-07-26,101,HRC,COIL,11513:2017,BIS,cr3,72083990,N,7.453,56257862,MATCHED
2000,R_HR_CO,Hot Rolled Black Coil,26HJ0120R0,21.01,2001,2,1235,0011000139,JSW Steel Limited,26064507,5000107069,4600000331,50,29-07-26,101,HRC,COIL,11513:2017,BIS,cr3,72083990,N,7.453,65022784,MATCHED
2000,R_HR_CO,Hot Rolled Black Coil,26HJ0121R0,21.065,2001,2.2,1230,0011000139,JSW Steel Limited,26064443,5000107070,4600000331,40,29-07-26,101,HRC,COIL,11513:2017,BIS,cr3,72083990,N,7.453,46227393,MATCHED
2000,R_HR_CO,Hot Rolled Black Coil,26HJ0122R0,21.235,2001,2.2,1230,0011000139,JSW Steel Limited,26064559,5000107071,4600000331,40,29-07-26,101,HRC,COIL,11513:2017,BIS,cr3,72083990,N,7.453,16151067,MATCHED
2000,R_HR_CO,Hot Rolled Black Coil,26HJ0123R0,21.09,2001,2.2,1230,0011000139,JSW Steel Limited,26064441,5000107072,4600000331,40,29-07-26,101,HRC,COIL,11513:2017,BIS,cr3,72083990,N,7.453,29264280,MATCHED
2000,R_HR_CO,Hot Rolled Black Coil,26HJ0124R0,21.45,2001,2.2,1230,0011000139,JSW Steel Limited,26064452,5000107074,4600000331,40,29-07-26,101,HRC,COIL,11513:2017,BIS,cr3,72083990,N,7.453,50396750,MATCHED
2000,R_HR_CO,Hot Rolled Black Coil,26HJ0125R0,21.48,2001,2,1235,0011000139,JSW Steel Limited,26064521,5000107076,4600000331,50,29-07-26,101,HRC,COIL,11513:2017,BIS,cr3,72083990,N,7.453,32271740,MATCHED
2000,R_HR_CO,Hot Rolled Black Coil,26HJ0126R0,21.36,2001,2,1235,0011000139,JSW Steel Limited,26064522,5000107077,4600000331,50,29-07-26,101,HRC,COIL,11513:2017,BIS,cr3,72083990,N,7.453,38936642,MATCHED
2000,R_HR_CO,Hot Rolled Black Coil,26HJ0288R0,26.205,2001,2.5,1230,0011000144,JSW Vijayanagar Metallics Limited,26309866,5000107867,4600000342,30,07-08-26,101,HRC,COIL,11513:2017,BIS,cr3,72083990,N,7.453,85144291,MATCHED
2000,R_HR>3MM_CO,Hot Rolled Black Coil 3mm & Above,26HJ0289R0,27.64,2001,3,1250,0011000144,JSW Vijayanagar Metallics Limited,26309920,5000107873,4600000342,90,07-08-26,101,HRC,COIL,11513:2017,BIS,cr2,72083890,N,7.453,21261256,MATCHED
2000,R_HR_CO,Hot Rolled Black Coil,26HJ0290R0,26.515,2001,2.5,1230,0011000144,JSW Vijayanagar Metallics Limited,26309869,5000107875,4600000342,30,07-08-26,101,HRC,COIL,11513:2017,BIS,cr3,72083990,N,7.453,16392156,MATCHED
2000,R_HR_CO,Hot Rolled Black Coil,26HJ0291R0,27.575,2001,2.5,1230,0011000144,JSW Vijayanagar Metallics Limited,26309930,5000107876,4600000342,30,07-08-26,101,HRC,COIL,11513:2017,BIS,cr3,72083990,N,7.453,12558589,MATCHED
2000,R_HR_CO,Hot Rolled Black Coil,26HJ0292R0,21.63,2001,2.2,1230,0011000139,JSW Steel Limited,26069739,5000107884,4600000341,10,07-08-26,101,HRC,COIL,11513:2017,BIS,cr3,72083990,N,7.453,89658997,MATCHED
2000,R_HR_CO,Hot Rolled Black Coil,26HJ0293R0,21.59,2001,2.2,1230,0011000139,JSW Steel Limited,26069744,5000107886,4600000341,10,07-08-26,101,HRC,COIL,11513:2017,BIS,cr3,72083990,N,7.453,87728356,MATCHED
2000,R_HR_CO,Hot Rolled Black Coil,26HJ0294R0,21.85,2001,2,1235,0011000139,JSW Steel Limited,26069735,5000107888,4600000341,60,07-08-26,101,HRC,COIL,11513:2017,BIS,cr3,72083990,N,7.453,42848172,MATCHED
2000,R_HR>3MM_CO,Hot Rolled Black Coil 3mm & Above,26HJ0295R0,27.495,2001,3,1250,0011000144,JSW Vijayanagar Metallics Limited,26309857,5000107890,4600000342,90,07-08-26,101,HRC,COIL,11513:2017,BIS,cr2,72083890,N,7.453,12965223,MATCHED
2000,R_HR>3MM_CO,Hot Rolled Black Coil 3mm & Above,26HJ0296R0,27.645,2001,3,1260,0011000144,JSW Vijayanagar Metallics Limited,26309844,5000107891,4600000342,100,07-08-26,101,HRC,COIL,11513:2017,BIS,cr2,72083890,N,7.453,27727213,MATCHED
2000,R_HR>3MM_CO,Hot Rolled Black Coil 3mm & Above,26HJ0297R0,27.695,2001,3,1250,0011000144,JSW Vijayanagar Metallics Limited,26309677,5000107893,4600000342,90,07-08-26,101,HRC,COIL,11513:2017,BIS,cr2,72083890,N,7.453,96070239,MATCHED
2000,R_HR>3MM_CO,Hot Rolled Black Coil 3mm & Above,26HJ0298R0,27.785,2001,3,1260,0011000144,JSW Vijayanagar Metallics Limited,26309845,5000107894,4600000342,100,07-08-26,101,HRC,COIL,11513:2017,BIS,cr2,72083890,N,7.453,19438556,MATCHED
2000,R_HR_CO,Hot Rolled Black Coil,26HJ0299R0,21.76,2001,2.2,1230,0011000139,JSW Steel Limited,26059513,5000107896,4600000341,10,07-08-26,101,HRC,COIL,11513:2017,BIS,cr3,72083990,N,7.453,51965942,MATCHED
2000,R_HR_CO,Hot Rolled Black Coil,26HJ0300R0,21.685,2001,2,1235,0011000139,JSW Steel Limited,26069451,5000107897,4600000341,60,07-08-26,101,HRC,COIL,11513:2017,BIS,cr3,72083990,N,7.453,11844035,MATCHED
2000,R_HR_CO,Hot Rolled Black Coil,26HJ0301R0,21.84,2001,2.2,1230,0011000139,JSW Steel Limited,26069746,5000107898,4600000341,10,07-08-26,101,HRC,COIL,11513:2017,BIS,cr3,72083990,N,7.453,71707295,MATCHED
2000,R_HR_CO,Hot Rolled Black Coil,26HJ0302R0,27.975,2001,2.5,1230,0011000144,JSW Vijayanagar Metallics Limited,26309926,5000107899,4600000342,30,07-08-26,101,HRC,COIL,11513:2017,BIS,cr3,72083990,N,7.453,62820268,MATCHED
2000,R_HR_CO,Hot Rolled Black Coil,26HJ0304R0,21.47,2001,2,1235,0011000139,JSW Steel Limited,26069581,5000107912,4600000341,60,07-08-26,101,HRC,COIL,11513:2017,BIS,cr3,72083990,N,7.453,73750967,MATCHED
2000,R_HR_CO,Hot Rolled Black Coil,26HJ0305R0,21.57,2001,2,1235,0011000139,JSW Steel Limited,26069454,5000107913,4600000341,60,07-08-26,101,HRC,COIL,11513:2017,BIS,cr3,72083990,N,7.453,56354363,MATCHED
2000,R_HR>3MM_CO,Hot Rolled Black Coil 3mm & Above,26HJ0306R0,27.635,2001,3,1260,0011000144,JSW Vijayanagar Metallics Limited,26309722,5000107914,4600000342,100,07-08-26,101,HRC,COIL,11513:2017,BIS,cr2,72083890,N,7.453,33963296,MATCHED
2000,R_HR_CO,Hot Rolled Black Coil,26HJ0307R0,21.68,2001,2,1235,0011000139,JSW Steel Limited,26069587,5000107917,4600000341,60,07-08-26,101,HRC,COIL,11513:2017,BIS,cr3,72083990,N,7.453,71714735,MATCHED
2000,R_HR_CO,Hot Rolled Black Coil,26HJ0308R0,21.6,2001,2,1235,0011000139,JSW Steel Limited,26069580,5000107926,4600000341,60,07-08-26,101,HRC,COIL,11513:2017,BIS,cr3,72083990,N,7.453,66228582,MATCHED
2000,R_HR>3MM_CO,Hot Rolled Black Coil 3mm & Above,26HJ0309R0,27.73,2001,3,1250,0011000144,JSW Vijayanagar Metallics Limited,26309678,5000107927,4600000342,90,07-08-26,101,HRC,COIL,11513:2017,BIS,cr2,72083890,N,7.453,44997091,MATCHED
2000,R_HR_CO,Hot Rolled Black Coil,26HJ0310R0,21.33,2001,2.2,1260,0011000139,JSW Steel Limited,26066367,5000107929,4600000341,20,07-08-26,101,HRC,COIL,11513:2017,BIS,cr3,72083990,N,7.453,80731961,MATCHED
2000,R_HR>3MM_CO,Hot Rolled Black Coil 3mm & Above,26HJ0311R0,27.745,2001,3,1260,0011000144,JSW Vijayanagar Metallics Limited,26309842,5000107930,4600000342,100,07-08-26,101,HRC,COIL,11513:2017,BIS,cr2,72083890,N,7.453,77957689,MATCHED
2000,R_HR_CO,Hot Rolled Black Coil,26HJ0312R0,26.41,2001,2.5,1230,0011000144,JSW Vijayanagar Metallics Limited,26310730,5000107933,4600000342,30,07-08-26,101,HRC,COIL,11513:2017,BIS,cr3,72083990,N,7.453,27357825,MATCHED
2000,R_HR_CO,Hot Rolled Black Coil,26HJ0313R0,25.125,2001,2.5,1230,0011000144,JSW Vijayanagar Metallics Limited,26310328,5000107937,4600000342,30,07-08-26,101,HRC,COIL,11513:2017,BIS,cr3,72083990,N,7.453,98201101,MATCHED
2000,R_HR>3MM_CO,Hot Rolled Black Coil 3mm & Above,26HJ0314R0,21.555,2001,3.6,1265,0011000144,JSW Vijayanagar Metallics Limited,26308239,5000107938,4600000342,80,07-08-26,101,HRC,COIL,11513:2017,BIS,cr3,72083890,N,7.453,62708190,MATCHED
2000,R_HR_CO,Hot Rolled Black Coil,26HJ0315R0,26.51,2001,2.5,1230,0011000144,JSW Vijayanagar Metallics Limited,26309867,5000107941,4600000342,30,07-08-26,101,HRC,COIL,11513:2017,BIS,cr3,72083990,N,7.453,90590412,MATCHED
2000,R_HR>3MM_CO,Hot Rolled Black Coil 3mm & Above,26HJ0316R0,27.695,2001,3,1260,0011000144,JSW Vijayanagar Metallics Limited,26309721,5000107942,4600000342,100,07-08-26,101,HRC,COIL,11513:2017,BIS,cr2,72083890,N,7.453,35136731,MATCHED
2000,R_HR>3MM_CO,Hot Rolled Black Coil 3mm & Above,26HJ0317R0,27.605,2001,3,1250,0011000144,JSW Vijayanagar Metallics Limited,26309856,5000107943,4600000342,90,07-08-26,101,HRC,COIL,11513:2017,BIS,cr2,72083890,N,7.453,62022402,MATCHED
2000,R_HR>3MM_CO,Hot Rolled Black Coil 3mm & Above,26HJ0318R0,27.695,2001,3,1250,0011000144,JSW Vijayanagar Metallics Limited,26309917,5000107946,4600000342,90,07-08-26,101,HRC,COIL,11513:2017,BIS,cr2,72083890,N,7.453,37735067,MATCHED
2000,R_HR>3MM_CO,Hot Rolled Black Coil 3mm & Above,26HJ0319R0,27.675,2001,3,1250,0011000144,JSW Vijayanagar Metallics Limited,26309919,5000107952,4600000342,90,07-08-26,101,HRC,COIL,11513:2017,BIS,cr2,72083890,N,7.453,92634588,MATCHED
2000,R_HR_CO,Hot Rolled Black Coil,26HJ0320R0,21.565,2001,2,1235,0011000139,JSW Steel Limited,26069582,5000107954,4600000341,60,07-08-26,101,HRC,COIL,11513:2017,BIS,cr3,72083990,N,7.453,28183885,MATCHED
2000,R_HR_CO,Hot Rolled Black Coil,26HJ0321R0,27.865,2001,2.5,1230,0011000144,JSW Vijayanagar Metallics Limited,26309924,5000107955,4600000342,30,07-08-26,101,HRC,COIL,11513:2017,BIS,cr3,72083990,N,7.453,17589424,MATCHED
2000,R_HR>3MM_CO,Hot Rolled Black Coil 3mm & Above,26HJ0322R0,27.615,2001,3,1260,0011000144,JSW Vijayanagar Metallics Limited,26310083,5000107957,4600000342,100,07-08-26,101,HRC,COIL,11513:2017,BIS,cr2,72083890,N,7.453,86168003,MATCHED
2000,R_HR>3MM_CO,Hot Rolled Black Coil 3mm & Above,26HJ0323R0,27.605,2001,3,1250,0011000144,JSW Vijayanagar Metallics Limited,26309854,5000107958,4600000342,90,07-08-26,101,HRC,COIL,11513:2017,BIS,cr2,72083890,N,7.453,47998426,MATCHED
2000,R_HR_CO,Hot Rolled Black Coil,26HJ0324R0,21.53,2001,2.5,1230,0011000144,JSW Vijayanagar Metallics Limited,26308359,5000107959,4600000342,40,07-08-26,101,HRC,COIL,11513:2017,BIS,cr3,72083990,N,7.453,31159525,MATCHED
2000,R_HR_CO,Hot Rolled Black Coil,26HJ0326R0,21.62,2001,2.2,1230,0011000139,JSW Steel Limited,26069574,5000107961,4600000341,10,07-08-26,101,HRC,COIL,11513:2017,BIS,cr3,72083990,N,7.453,32400109,MATCHED
2000,R_HR_CO,Hot Rolled Black Coil,26HJ0327R0,21.19,2001,2,1235,0011000139,JSW Steel Limited,26069585,5000107962,4600000341,60,07-08-26,101,HRC,COIL,11513:2017,BIS,cr3,72083990,N,7.453,79749922,MATCHED
2000,R_HR_CO,Hot Rolled Black Coil,26HJ0328R0,21.76,2001,2,1235,0011000139,JSW Steel Limited,26069453,5000107963,4600000341,60,07-08-26,101,HRC,COIL,11513:2017,BIS,cr3,72083990,N,7.453,48468245,MATCHED
2000,R_HR>3MM_CO,Hot Rolled Black Coil 3mm & Above,26HJ0329R0,25.82,2001,3,1500,0011000139,JSW Steel Limited,26596324,5000107964,4600000341,120,07-08-26,101,HRC,COIL,11513:2017,BIS,cr3,72083890,N,7.453,85905415,MATCHED
2000,R_HR_CO,Hot Rolled Black Coil,26HJ0330R0,20.35,2001,2.2,1230,0011000139,JSW Steel Limited,26064945,5000107965,4600000341,10,07-08-26,101,HRC,COIL,11513:2017,BIS,cr3,72083990,N,7.453,75118007,MATCHED
2000,R_HR_CO,Hot Rolled Black Coil,26HJ0331R0,21.68,2001,2,1235,0011000139,JSW Steel Limited,26069448,5000107966,4600000341,60,07-08-26,101,HRC,COIL,11513:2017,BIS,cr3,72083990,N,7.453,66847190,MATCHED
2000,R_HR_CO,Hot Rolled Black Coil,26HJ0332R0,21.835,2001,2,1235,0011000139,JSW Steel Limited,26069733,5000107972,4600000341,60,07-08-26,101,HRC,COIL,11513:2017,BIS,cr3,72083990,N,7.453,61274313,MATCHED
2000,R_HR_CO,Hot Rolled Black Coil,26HJ0333R0,21.725,2001,2.5,1260,0011000144,JSW Vijayanagar Metallics Limited,26305858,5000107974,4600000342,50,07-08-26,101,HRC,COIL,11513:2017,BIS,cr3,72083990,N,7.453,22632944,MATCHED
2000,R_HR>3MM_CO,Hot Rolled Black Coil 3mm & Above,26HJ0334R0,21.565,2001,3.6,1265,0011000144,JSW Vijayanagar Metallics Limited,26308240,5000107975,4600000342,70,07-08-26,101,HRC,COIL,11513:2017,BIS,cr3,72083890,N,7.453,66441303,MATCHED
2000,R_HR_CO,Hot Rolled Black Coil,26HJ0335R0,24.385,2001,2.5,1230,0011000144,JSW Vijayanagar Metallics Limited,26309925,5000107976,4600000342,30,07-08-26,101,HRC,COIL,11513:2017,BIS,cr3,72083990,N,7.453,80945014,MATCHED
2000,R_HR>3MM_CO,Hot Rolled Black Coil 3mm & Above,26HJ0336R0,27.675,2001,3,1265,0011000144,JSW Vijayanagar Metallics Limited,26304547,5000107978,4600000342,110,07-08-26,101,HRC,COIL,11513:2017,BIS,cr3,72083890,N,7.453,57827876,MATCHED
2000,R_HR_CO,Hot Rolled Black Coil,26HJ0337R0,27.525,2001,2.5,1230,0011000144,JSW Vijayanagar Metallics Limited,26309929,5000107980,4600000342,30,07-08-26,101,HRC,COIL,11513:2017,BIS,cr3,72083990,N,7.453,84022323,MATCHED
2000,R_HR_CO,Hot Rolled Black Coil,26HJ0338R0,26.485,2001,2.5,1230,0011000144,JSW Vijayanagar Metallics Limited,26309870,5000107983,4600000342,30,07-08-26,101,HRC,COIL,11513:2017,BIS,cr3,72083990,N,7.453,93304585,MATCHED
2000,R_HR_CO,Hot Rolled Black Coil,26HJ0339R0,26.56,2001,2.5,1230,0011000144,JSW Vijayanagar Metallics Limited,26309758,5000107984,4600000342,30,07-08-26,101,HRC,COIL,11513:2017,BIS,cr3,72083990,N,7.453,13076624,MATCHED
2000,R_HR>3MM_CO,Hot Rolled Black Coil 3mm & Above,26HJ0340R0,27.545,2001,3,1250,0011000144,JSW Vijayanagar Metallics Limited,26309673,5000107988,4600000342,90,07-08-26,101,HRC,COIL,11513:2017,BIS,cr2,72083890,N,7.453,42446711,MATCHED
2000,R_HR_CO,Hot Rolled Black Coil,26HJ0341R0,26.555,2001,2.5,1230,0011000144,JSW Vijayanagar Metallics Limited,26309922,5000107989,4600000342,30,07-08-26,101,HRC,COIL,11513:2017,BIS,cr3,72083990,N,7.453,86725233,MATCHED
2000,R_HR>3MM_CO,Hot Rolled Black Coil 3mm & Above,26HJ0342R0,27.635,2001,3,1260,0011000144,JSW Vijayanagar Metallics Limited,26309841,5000107990,4600000342,100,07-08-26,101,HRC,COIL,11513:2017,BIS,cr2,72083890,N,7.453,70769217,MATCHED
2000,R_HR>3MM_CO,Hot Rolled Black Coil 3mm & Above,26HJ0343R0,27.73,2001,3,1250,0011000144,JSW Vijayanagar Metallics Limited,26309846,5000107991,4600000342,90,07-08-26,101,HRC,COIL,11513:2017,BIS,cr2,72083890,N,7.453,64234395,MATCHED
2000,R_HR>3MM_CO,Hot Rolled Black Coil 3mm & Above,26HJ0344R0,26.585,2001,3.6,1265,0011000144,JSW Vijayanagar Metallics Limited,26310395,5000107992,4600000342,70,07-08-26,101,HRC,COIL,11513:2017,BIS,cr3,72083890,N,7.453,91591382,MATCHED
2000,R_HR>3MM_CO,Hot Rolled Black Coil 3mm & Above,26HJ0345R0,27.75,2001,3,1260,0011000144,JSW Vijayanagar Metallics Limited,26309741,5000107993,4600000342,100,07-08-26,101,HRC,COIL,11513:2017,BIS,cr2,72083890,N,7.453,36902940,MATCHED
2000,R_HR>3MM_CO,Hot Rolled Black Coil 3mm & Above,26HJ0346R0,27.735,2001,3,1250,0011000144,JSW Vijayanagar Metallics Limited,26309676,5000107994,4600000342,90,07-08-26,101,HRC,COIL,11513:2017,BIS,cr2,72083890,N,7.453,84314550,MATCHED
2000,R_HR>3MM_CO,Hot Rolled Black Coil 3mm & Above,26HJ0347R0,26.525,2001,3.6,1265,0011000144,JSW Vijayanagar Metallics Limited,26310394,5000107995,4600000342,70,07-08-26,101,HRC,COIL,11513:2017,BIS,cr3,72083890,N,7.453,71602697,MATCHED
2000,R_HR>3MM_CO,Hot Rolled Black Coil 3mm & Above,26HJ0348R0,27.615,2001,3,1260,0011000144,JSW Vijayanagar Metallics Limited,26309723,5000107996,4600000342,100,07-08-26,101,HRC,COIL,11513:2017,BIS,cr2,72083890,N,7.453,11188163,MATCHED
2000,R_HR>3MM_CO,Hot Rolled Black Coil 3mm & Above,26HJ0349R0,27.675,2001,3,1260,0011000144,JSW Vijayanagar Metallics Limited,26310082,5000107997,4600000342,100,07-08-26,101,HRC,COIL,11513:2017,BIS,cr2,72083890,N,7.453,11970665,MATCHED
2000,R_HR>3MM_CO,Hot Rolled Black Coil 3mm & Above,26HJ0350R0,26.55,2001,3.6,1265,0011000144,JSW Vijayanagar Metallics Limited,26310621,5000107998,4600000342,70,07-08-26,101,HRC,COIL,11513:2017,BIS,cr3,72083890,N,7.453,61591427,MATCHED
2000,R_HR>3MM_CO,Hot Rolled Black Coil 3mm & Above,26HJ0351R0,27.5,2001,3,1260,0011000144,JSW Vijayanagar Metallics Limited,26309739,5000108001,4600000342,100,07-08-26,101,HRC,COIL,11513:2017,BIS,cr2,72083890,N,7.453,45561791,MATCHED
2000,R_HR>3MM_CO,Hot Rolled Black Coil 3mm & Above,26HJ0352R0,27.945,2001,3,1250,0011000144,JSW Vijayanagar Metallics Limited,26309674,5000108002,4600000342,90,07-08-26,101,HRC,COIL,11513:2017,BIS,cr2,72083890,N,7.453,74597391,MATCHED
2000,R_HR>3MM_CO,Hot Rolled Black Coil 3mm & Above,26HJ0353R0,27.72,2001,3,1260,0011000144,JSW Vijayanagar Metallics Limited,26309724,5000108003,4600000342,100,07-08-26,101,HRC,COIL,11513:2017,BIS,cr2,72083890,N,7.453,66862838,MATCHED
2000,R_HR>3MM_CO,Hot Rolled Black Coil 3mm & Above,26HJ0354R0,27.54,2001,3,1250,0011000144,JSW Vijayanagar Metallics Limited,26309858,5000108004,4600000342,90,07-08-26,101,HRC,COIL,11513:2017,BIS,cr2,72083890,N,7.453,98937944,MATCHED
2000,R_HR_CO,Hot Rolled Black Coil,26HJ0355R0,21.8,2001,2.2,1230,0011000139,JSW Steel Limited,26069743,5000108005,4600000341,10,07-08-26,101,HRC,COIL,11513:2017,BIS,cr3,72083990,N,7.453,71925507,MATCHED
2000,R_HR_CO,Hot Rolled Black Coil,26HJ0356R0,26.475,2001,2.5,1230,0011000144,JSW Vijayanagar Metallics Limited,26309757,5000108007,4600000342,30,07-08-26,101,HRC,COIL,11513:2017,BIS,cr3,72083990,N,7.453,86394845,MATCHED
2000,R_HR_CO,Hot Rolled Black Coil,26HJ0357R0,21.865,2001,2,1235,0011000139,JSW Steel Limited,26069583,5000108010,4600000341,60,07-08-26,101,HRC,COIL,11513:2017,BIS,cr3,72083990,N,7.453,42533423,MATCHED
2000,R_HR_CO,Hot Rolled Black Coil,26HJ0358R0,21.715,2001,2,1235,0011000139,JSW Steel Limited,26069449,5000108013,4600000341,60,07-08-26,101,HRC,COIL,11513:2017,BIS,cr3,72083990,N,7.453,98720513,MATCHED
2000,R_HR_CO,Hot Rolled Black Coil,26HJ0359R0,21.765,2001,2,1235,0011000139,JSW Steel Limited,26069456,5000108014,4600000341,60,07-08-26,101,HRC,COIL,11513:2017,BIS,cr3,72083990,N,7.453,20057432,MATCHED
2000,R_HR_CO,Hot Rolled Black Coil,26HJ0360R0,21.5,2001,2,1235,0011000139,JSW Steel Limited,26069586,5000108017,4600000341,60,07-08-26,101,HRC,COIL,11513:2017,BIS,cr3,72083990,N,7.453,44065648,MATCHED
2000,R_HR_CO,Hot Rolled Black Coil,26HJ0361R0,26.61,2001,2.5,1230,0011000144,JSW Vijayanagar Metallics Limited,26309878,5000108019,4600000342,30,07-08-26,101,HRC,COIL,11513:2017,BIS,cr3,72083990,N,7.453,82554127,MATCHED
2000,R_HR>3MM_CO,Hot Rolled Black Coil 3mm & Above,26HJ0362R0,26.8,2001,3.6,1265,0011000144,JSW Vijayanagar Metallics Limited,26310246,5000108021,4600000342,70,07-08-26,101,HRC,COIL,11513:2017,BIS,cr3,72083890,N,7.453,84879310,MATCHED
2000,R_HR_CO,Hot Rolled Black Coil,26HJ0363R0,21.7,2001,2,1235,0011000139,JSW Steel Limited,26069588,5000108026,4600000341,60,07-08-26,101,HRC,COIL,11513:2017,BIS,cr3,72083990,N,7.453,35632403,MATCHED
2000,R_HR_CO,Hot Rolled Black Coil,26HJ0364R0,21.76,2001,2,1235,0011000139,JSW Steel Limited,26069452,5000108027,4600000341,60,07-08-26,101,HRC,COIL,11513:2017,BIS,cr3,72083990,N,7.453,68582462,MATCHED
2000,R_HR_CO,Hot Rolled Black Coil,26HJ0365R0,21.895,2001,2.2,1230,0011000139,JSW Steel Limited,26069745,5000108030,4600000341,10,07-08-26,101,HRC,COIL,11513:2017,BIS,cr3,72083990,N,7.453,62586444,MATCHED
2000,R_HR_CO,Hot Rolled Black Coil,26HJ0366R0,21.16,2001,2.2,1230,0011000139,JSW Steel Limited,26069578,5000108032,4600000341,10,07-08-26,101,HRC,COIL,11513:2017,BIS,cr3,72083990,N,7.453,27436249,MATCHED
2000,R_HR_CO,Hot Rolled Black Coil,26HJ0367R0,21.66,2001,2,1235,0011000139,JSW Steel Limited,26069450,5000108035,4600000341,60,07-08-26,101,HRC,COIL,11513:2017,BIS,cr3,72083990,N,7.453,68664450,MATCHED
2000,R_HR_CO,Hot Rolled Black Coil,26HJ0370R0,21.82,2001,2,1235,0011000139,JSW Steel Limited,26069734,5000108045,4600000341,60,07-08-26,101,HRC,COIL,11513:2017,BIS,cr3,72083990,N,7.453,41762129,MATCHED
2000,R_HR_CO,Hot Rolled Black Coil,26HJ0371R0,17.645,2001,2.2,1230,0011000139,JSW Steel Limited,26069502,5000108046,4600000341,10,07-08-26,101,HRC,COIL,11513:2017,BIS,cr3,72083990,N,7.453,23140558,MATCHED
2000,R_HR_CO,Hot Rolled Black Coil,26HJ0372R0,21.88,2001,2.2,1230,0011000139,JSW Steel Limited,26069740,5000108047,4600000341,10,07-08-26,101,HRC,COIL,11513:2017,BIS,cr3,72083990,N,7.453,59777402,MATCHED
2000,R_HR_CO,Hot Rolled Black Coil,26HJ0373R0,21.65,2001,2.2,1230,0011000139,JSW Steel Limited,26069573,5000108048,4600000341,10,07-08-26,101,HRC,COIL,11513:2017,BIS,cr3,72083990,N,7.453,17578421,MATCHED
2000,R_HR_CO,Hot Rolled Black Coil,26HJ0374R0,21.755,2001,2,1235,0011000139,JSW Steel Limited,26069584,5000108049,4600000341,60,07-08-26,101,HRC,COIL,11513:2017,BIS,cr3,72083990,N,7.453,77809547,MATCHED
2000,R_HR_CO,Hot Rolled Black Coil,26HJ0375R0,21.745,2001,2,1235,0011000139,JSW Steel Limited,26069455,5000108050,4600000341,60,07-08-26,101,HRC,COIL,11513:2017,BIS,cr3,72083990,N,7.453,98256825,MATCHED
2000,R_HR_CO,Hot Rolled Black Coil,26HJ0376R0,26.55,2001,2.5,1230,0011000144,JSW Vijayanagar Metallics Limited,26309879,5000108053,4600000342,30,07-08-26,101,HRC,COIL,11513:2017,BIS,cr3,72083990,N,7.453,20750639,MATCHED
2000,R_HR_CO,Hot Rolled Black Coil,26HJ0377R0,27.23,2001,2.5,1230,0011000144,JSW Vijayanagar Metallics Limited,26309927,5000108057,4600000342,30,07-08-26,101,HRC,COIL,11513:2017,BIS,cr3,72083990,N,7.453,87088588,MATCHED
2000,R_HR>3MM_CO,Hot Rolled Black Coil 3mm & Above,26HJ0378R0,27.65,2001,3,1250,0011000144,JSW Vijayanagar Metallics Limited,26309918,5000108065,4600000342,90,07-08-26,101,HRC,COIL,11513:2017,BIS,cr2,72083890,N,7.453,93009714,MATCHED
2000,R_HR_CO,Hot Rolled Black Coil,26HJ0379R0,26.525,2001,2.5,1230,0011000144,JSW Vijayanagar Metallics Limited,26309756,5000108066,4600000342,30,07-08-26,101,HRC,COIL,11513:2017,BIS,cr3,72083990,N,7.453,57901796,MATCHED
2000,R_HR>3MM_CO,Hot Rolled Black Coil 3mm & Above,26HJ0380R0,28.47,2001,3,1260,0011000144,JSW Vijayanagar Metallics Limited,26305524,5000108067,4600000342,100,07-08-26,101,HRC,COIL,11513:2017,BIS,cr2,72083890,N,7.453,69177411,MATCHED
2000,R_HR>3MM_CO,Hot Rolled Black Coil 3mm & Above,26HJ0381R0,27.48,2001,3,1260,0011000144,JSW Vijayanagar Metallics Limited,26309738,5000108068,4600000342,100,07-08-26,101,HRC,COIL,11513:2017,BIS,cr2,72083890,N,7.453,39878007,MATCHED
2000,R_HR>3MM_CO,Hot Rolled Black Coil 3mm & Above,26HJ0382R0,27.685,2001,3,1250,0011000144,JSW Vijayanagar Metallics Limited,26309672,5000108069,4600000342,90,07-08-26,101,HRC,COIL,11513:2017,BIS,cr2,72083890,N,7.453,33993868,MATCHED
2000,R_HR_CO,Hot Rolled Black Coil,26HJ0383R0,17.75,2001,2.2,1230,0011000139,JSW Steel Limited,26069501,5000108070,4600000341,10,07-08-26,101,HRC,COIL,11513:2017,BIS,cr3,72083990,N,7.453,92615703,MATCHED
2000,R_HR>3MM_CO,Hot Rolled Black Coil 3mm & Above,26HJ0384R0,26.875,2001,3.6,1265,0011000144,JSW Vijayanagar Metallics Limited,26310248,5000108071,4600000342,80,07-08-26,101,HRC,COIL,11513:2017,BIS,cr3,72083890,N,7.453,90379133,MATCHED
2000,R_HR>3MM_CO,Hot Rolled Black Coil 3mm & Above,26HJ0385R0,27.565,2001,3,1250,0011000144,JSW Vijayanagar Metallics Limited,26309855,5000108073,4600000342,90,07-08-26,101,HRC,COIL,11513:2017,BIS,cr2,72083890,N,7.453,10777529,MATCHED
2000,R_HR>3MM_CO,Hot Rolled Black Coil 3mm & Above,26HJ0386R0,27.565,2001,3,1280,0011000144,JSW Vijayanagar Metallics Limited,26315168,5000108085,4600000345,150,13-08-26,101,HRC,COIL,11513:2017,BIS,cr2,72083890,N,7.453,11561647,MATCHED
2000,R_HR>3MM_CO,Hot Rolled Black Coil 3mm & Above,26HJ0387R0,27.585,2001,3,1260,0011000144,JSW Vijayanagar Metallics Limited,26314914,5000108086,4600000345,130,13-08-26,101,HRC,COIL,11513:2017,BIS,cr3,72083890,N,7.453,33157651,MATCHED
2000,R_HR>3MM_CO,Hot Rolled Black Coil 3mm & Above,26HJ0388R0,27.34,2001,3,1260,0011000144,JSW Vijayanagar Metallics Limited,26314912,5000108087,4600000345,130,13-08-26,101,HRC,COIL,11513:2017,BIS,cr3,72083890,N,7.453,56495291,MATCHED
2000,R_HR>3MM_CO,Hot Rolled Black Coil 3mm & Above,26HJ0389R0,26.725,2001,3.6,1265,0011000144,JSW Vijayanagar Metallics Limited,26311559,5000108088,4600000345,100,13-08-26,101,HRC,COIL,11513:2017,BIS,cr3,72083890,N,7.453,42125612,MATCHED
2000,R_HR_CO,Hot Rolled Black Coil,26HJ0390R0,21.445,2001,2.2,1230,0011000139,JSW Steel Limited,26072427,5000108104,4600000346,10,13-08-26,101,HRC,COIL,11513:2017,BIS,cr3,72083990,N,7.453,78624309,MATCHED
2000,R_HR_CO,Hot Rolled Black Coil,26HJ0391R0,21.775,2001,2.2,1230,0011000139,JSW Steel Limited,26072429,5000108106,4600000346,10,13-08-26,101,HRC,COIL,11513:2017,BIS,cr3,72083990,N,7.453,25362174,MATCHED
2000,R_HR_CO,Hot Rolled Black Coil,26HJ0392R0,21.585,2001,2,1235,0011000139,JSW Steel Limited,26072433,5000108107,4600000346,70,13-08-26,101,HRC,COIL,11513:2017,BIS,cr3,72083990,N,7.453,46345200,MATCHED
2000,R_HR_CO,Hot Rolled Black Coil,26HJ0393R0,21.51,2001,2.2,1260,0011000139,JSW Steel Limited,26073011,5000108108,4600000346,20,13-08-26,101,HRC,COIL,11513:2017,BIS,cr3,72083990,N,7.453,50333316,MATCHED
2000,R_HR_CO,Hot Rolled Black Coil,26HJ0394R0,21.475,2001,2.2,1230,0011000139,JSW Steel Limited,26072573,5000108109,4600000346,10,13-08-26,101,HRC,COIL,11513:2017,BIS,cr3,72083990,N,7.453,19283268,MATCHED
2000,R_HR_CO,Hot Rolled Black Coil,26HJ0395R0,24.635,2001,2.5,1230,0011000144,JSW Vijayanagar Metallics Limited,26311526,5000108113,4600000345,30,13-08-26,101,HRC,COIL,11513:2017,BIS,cr3,72083990,N,7.453,74705308,MATCHED
2000,R_HR_CO,Hot Rolled Black Coil,26HJ0396R0,21.51,2001,2,1260,0011000139,JSW Steel Limited,26073016,5000108116,4600000346,80,13-08-26,101,HRC,COIL,11513:2017,BIS,cr3,72083990,N,7.453,15489834,MATCHED
2000,R_HR>3MM_CO,Hot Rolled Black Coil 3mm & Above,26HJ0397R0,27.53,2001,3.6,1265,0011000144,JSW Vijayanagar Metallics Limited,26314907,5000108117,4600000345,100,13-08-26,101,HRC,COIL,11513:2017,BIS,cr3,72083890,N,7.453,83266285,MATCHED
2000,R_HR_CO,Hot Rolled Black Coil,26HJ0398R0,21.55,2001,2.2,1230,0011000139,JSW Steel Limited,26073012,5000108118,4600000346,10,13-08-26,101,HRC,COIL,11513:2017,BIS,cr3,72083990,N,7.453,66119728,MATCHED
2000,R_HR_CO,Hot Rolled Black Coil,26HJ0399R0,21.52,2001,2,1235,0011000139,JSW Steel Limited,26072642,5000108119,4600000346,70,13-08-26,101,HRC,COIL,11513:2017,BIS,cr3,72083990,N,7.453,69329718,MATCHED
2000,R_HR>3MM_CO,Hot Rolled Black Coil 3mm & Above,26HJ0400R0,26.96,2001,3.6,1265,0011000144,JSW Vijayanagar Metallics Limited,26312406,5000108121,4600000345,100,13-08-26,101,HRC,COIL,11513:2017,BIS,cr3,72083890,N,7.453,37597541,MATCHED
2000,R_HR>3MM_CO,Hot Rolled Black Coil 3mm & Above,26HJ0401R0,27.475,2001,3.6,1260,0011000144,JSW Vijayanagar Metallics Limited,26314983,5000108125,4600000345,90,13-08-26,101,HRC,COIL,11513:2017,BIS,cr2,72083890,N,7.453,41944034,MATCHED
2000,R_HR_CO,Hot Rolled Black Coil,26HJ0402R0,27.43,2001,2.8,1260,0011000144,JSW Vijayanagar Metallics Limited,26314997,5000108126,4600000345,60,13-08-26,101,HRC,COIL,11513:2017,BIS,cr2,72083990,N,7.453,89391049,MATCHED
2000,R_HR_CO,Hot Rolled Black Coil,26HJ0403R0,27.485,2001,2.8,1260,0011000144,JSW Vijayanagar Metallics Limited,26314995,5000108128,4600000345,60,13-08-26,101,HRC,COIL,11513:2017,BIS,cr2,72083990,N,7.453,72510459,MATCHED
2000,R_HR>3MM_CO,Hot Rolled Black Coil 3mm & Above,26HJ0404R0,27.715,2001,3,1260,0011000144,JSW Vijayanagar Metallics Limited,26311107,5000108131,4600000345,140,13-08-26,101,HRC,COIL,11513:2017,BIS,cr2,72083890,N,7.453,68163324,MATCHED
2000,R_HR_CO,Hot Rolled Black Coil,26HJ0405R0,27.46,2001,2.8,1230,0011000144,JSW Vijayanagar Metallics Limited,26315023,5000108133,4600000345,50,13-08-26,101,HRC,COIL,11513:2017,BIS,cr2,72083990,N,7.453,46672472,MATCHED
2000,R_HR>3MM_CO,Hot Rolled Black Coil 3mm & Above,26HJ0406R0,27.61,2001,3,1280,0011000144,JSW Vijayanagar Metallics Limited,26315081,5000108143,4600000345,150,13-08-26,101,HRC,COIL,11513:2017,BIS,cr2,72083890,N,7.453,69850023,MATCHED
2000,R_HR>3MM_CO,Hot Rolled Black Coil 3mm & Above,26HJ0407R0,27.42,2001,3.6,1260,0011000144,JSW Vijayanagar Metallics Limited,26314985,5000108144,4600000345,90,13-08-26,101,HRC,COIL,11513:2017,BIS,cr2,72083890,N,7.453,57194694,MATCHED
2000,R_HR>3MM_CO,Hot Rolled Black Coil 3mm & Above,26HJ0408R0,27.33,2001,3,1260,0011000144,JSW Vijayanagar Metallics Limited,26314906,5000108146,4600000345,130,13-08-26,101,HRC,COIL,11513:2017,BIS,cr3,72083890,N,7.453,78885165,MATCHED
2000,R_HR_CO,Hot Rolled Black Coil,26HJ0409R0,27.5,2001,2.8,1230,0011000144,JSW Vijayanagar Metallics Limited,26315022,5000108147,4600000345,50,13-08-26,101,HRC,COIL,11513:2017,BIS,cr2,72083990,N,7.453,96988586,MATCHED
2000,R_HR>3MM_CO,Hot Rolled Black Coil 3mm & Above,26HJ0410R0,27.43,2001,3,1250,0011000144,JSW Vijayanagar Metallics Limited,26314987,5000108148,4600000345,120,13-08-26,101,HRC,COIL,11513:2017,BIS,cr2,72083890,N,7.453,73389354,MATCHED
2000,R_HR>3MM_CO,Hot Rolled Black Coil 3mm & Above,26HJ0411R0,27.495,2001,3.6,1265,0011000144,JSW Vijayanagar Metallics Limited,26314905,5000108150,4600000345,100,13-08-26,101,HRC,COIL,11513:2017,BIS,cr3,72083890,N,7.453,42986446,MATCHED
2000,R_HR_CO,Hot Rolled Black Coil,26HJ0412R0,26.705,2001,2.5,1230,0011000144,JSW Vijayanagar Metallics Limited,26315327,5000108153,4600000345,30,13-08-26,101,HRC,COIL,11513:2017,BIS,cr3,72083990,N,7.453,41531255,MATCHED
2000,R_HR_CO,Hot Rolled Black Coil,26HJ0413R0,26.535,2001,2.5,1230,0011000144,JSW Vijayanagar Metallics Limited,26309868,5000108154,4600000345,30,13-08-26,101,HRC,COIL,11513:2017,BIS,cr3,72083990,N,7.453,89697857,MATCHED
2000,R_HR_CO,Hot Rolled Black Coil,26HJ0414R0,26.435,2001,2.5,1230,0011000144,JSW Vijayanagar Metallics Limited,26315325,5000108155,4600000345,30,13-08-26,101,HRC,COIL,11513:2017,BIS,cr3,72083990,N,7.453,36815792,MATCHED
2000,R_HR_CO,Hot Rolled Black Coil,26HJ0415R0,21.745,2001,2.2,1230,0011000139,JSW Steel Limited,26072576,5000108157,4600000346,10,13-08-26,101,HRC,COIL,11513:2017,BIS,cr3,72083990,N,7.453,32218016,MATCHED
2000,R_HR_CO,Hot Rolled Black Coil,26HJ0416R0,21.67,2001,2.2,1230,0011000139,JSW Steel Limited,26072428,5000108158,4600000346,10,13-08-26,101,HRC,COIL,11513:2017,BIS,cr3,72083990,N,7.453,19197642,MATCHED
2000,R_HR_CO,Hot Rolled Black Coil,26HJ0417R0,23.96,2001,2.5,1230,0011000144,JSW Vijayanagar Metallics Limited,26309928,5000108166,4600000345,30,13-08-26,101,HRC,COIL,11513:2017,BIS,cr3,72083990,N,7.453,35362268,MATCHED
2000,R_HR_CO,Hot Rolled Black Coil,26HJ0418R0,26.415,2001,2.5,1230,0011000144,JSW Vijayanagar Metallics Limited,26315326,5000108167,4600000345,30,13-08-26,101,HRC,COIL,11513:2017,BIS,cr3,72083990,N,7.453,32699077,MATCHED
2000,R_HR_CO,Hot Rolled Black Coil,26HJ0419R0,21.5,2001,2,1235,0011000139,JSW Steel Limited,26072578,5000108168,4600000346,70,13-08-26,101,HRC,COIL,11513:2017,BIS,cr3,72083990,N,7.453,92547709,MATCHED
2000,R_HR_CO,Hot Rolled Black Coil,26HJ0420R0,21.59,2001,2,1235,0011000139,JSW Steel Limited,26072638,5000108174,4600000346,70,13-08-26,101,HRC,COIL,11513:2017,BIS,cr3,72083990,N,7.453,30116794,MATCHED
2000,R_HR_CO,Hot Rolled Black Coil,26HJ0421R0,21.93,2001,2,1235,0011000139,JSW Steel Limited,26072430,5000108175,4600000346,70,13-08-26,101,HRC,COIL,11513:2017,BIS,cr3,72083990,N,7.453,42892357,MATCHED
2000,R_HR>3MM_CO,Hot Rolled Black Coil 3mm & Above,26HJ0422R0,27.2,2001,3,1260,0011000144,JSW Vijayanagar Metallics Limited,26314911,5000108176,4600000345,140,13-08-26,101,HRC,COIL,11513:2017,BIS,cr2,72083890,N,7.453,41411100,MATCHED
2000,R_HR>3MM_CO,Hot Rolled Black Coil 3mm & Above,26HJ0423R0,27.61,2001,3,1260,0011000144,JSW Vijayanagar Metallics Limited,26314908,5000108177,4600000345,130,13-08-26,101,HRC,COIL,11513:2017,BIS,cr3,72083890,N,7.453,78496867,MATCHED
2000,R_HR_CO,Hot Rolled Black Coil,26HJ0424R0,21.46,2001,2,1260,0011000139,JSW Steel Limited,26073017,5000108182,4600000346,80,13-08-26,101,HRC,COIL,11513:2017,BIS,cr3,72083990,N,7.453,38750131,MATCHED
2000,R_HR>3MM_CO,Hot Rolled Black Coil 3mm & Above,26HJ0425R0,27.41,2001,3,1280,0011000144,JSW Vijayanagar Metallics Limited,26314668,5000108183,4600000345,150,13-08-26,101,HRC,COIL,11513:2017,BIS,cr2,72083890,N,7.453,58411539,MATCHED
2000,R_HR>3MM_CO,Hot Rolled Black Coil 3mm & Above,26HJ0426R0,27.505,2001,3,1260,0011000144,JSW Vijayanagar Metallics Limited,26314990,5000108186,4600000345,130,13-08-26,101,HRC,COIL,11513:2017,BIS,cr3,72083890,N,7.453,63926684,MATCHED
2000,R_HR>3MM_CO,Hot Rolled Black Coil 3mm & Above,26HJ0428R0,27.47,2001,3.6,1260,0011000144,JSW Vijayanagar Metallics Limited,26314981,5000108188,4600000345,90,13-08-26,101,HRC,COIL,11513:2017,BIS,cr2,72083890,N,7.453,79403584,MATCHED
2000,R_HR>3MM_CO,Hot Rolled Black Coil 3mm & Above,26HJ0429R0,27.46,2001,3,1250,0011000144,JSW Vijayanagar Metallics Limited,26314988,5000108189,4600000345,120,13-08-26,101,HRC,COIL,11513:2017,BIS,cr2,72083890,N,7.453,83874969,MATCHED
2000,R_HR>3MM_CO,Hot Rolled Black Coil 3mm & Above,26HJ0430R0,26.815,2001,3,1250,0011000144,JSW Vijayanagar Metallics Limited,26315086,5000108190,4600000345,120,13-08-26,101,HRC,COIL,11513:2017,BIS,cr2,72083890,N,7.453,67324634,MATCHED
2000,R_HR>3MM_CO,Hot Rolled Black Coil 3mm & Above,26HJ0431R0,27.475,2001,3,1280,0011000144,JSW Vijayanagar Metallics Limited,26315164,5000108192,4600000345,150,13-08-26,101,HRC,COIL,11513:2017,BIS,cr2,72083890,N,7.453,48472780,MATCHED
2000,R_HR>3MM_CO,Hot Rolled Black Coil 3mm & Above,26HJ0432R0,27.385,2001,3.6,1260,0011000144,JSW Vijayanagar Metallics Limited,26314965,5000108194,4600000345,90,13-08-26,101,HRC,COIL,11513:2017,BIS,cr2,72083890,N,7.453,22379366,MATCHED
2000,R_HR>3MM_CO,Hot Rolled Black Coil 3mm & Above,26HJ0433R0,27.475,2001,3,1260,0011000144,JSW Vijayanagar Metallics Limited,26314991,5000108196,4600000345,140,13-08-26,101,HRC,COIL,11513:2017,BIS,cr2,72083890,N,7.453,36014638,MATCHED
2000,R_HR>3MM_CO,Hot Rolled Black Coil 3mm & Above,26HJ0434R0,27.455,2001,3,1280,0011000144,JSW Vijayanagar Metallics Limited,26314669,5000108199,4600000345,150,13-08-26,101,HRC,COIL,11513:2017,BIS,cr2,72083890,N,7.453,26561844,MATCHED
2000,R_HR>3MM_CO,Hot Rolled Black Coil 3mm & Above,26HJ0435R0,26.87,2001,3,1250,0011000144,JSW Vijayanagar Metallics Limited,26315088,5000108201,4600000345,120,13-08-26,101,HRC,COIL,11513:2017,BIS,cr2,72083890,N,7.453,88436484,MATCHED
2000,R_HR_CO,Hot Rolled Black Coil,26HJ0436R0,27.54,2001,2.5,1230,0011000144,JSW Vijayanagar Metallics Limited,26314918,5000108205,4600000345,30,13-08-26,101,HRC,COIL,11513:2017,BIS,cr3,72083990,N,7.453,64090754,MATCHED
2000,R_HR>3MM_CO,Hot Rolled Black Coil 3mm & Above,26HJ0437R0,27.45,2001,3.6,1260,0011000144,JSW Vijayanagar Metallics Limited,26314966,5000108209,4600000345,90,13-08-26,101,HRC,COIL,11513:2017,BIS,cr2,72083890,N,7.453,43136671,MATCHED
2000,R_HR_CO,Hot Rolled Black Coil,26HJ0438R0,27.42,2001,2.8,1260,0011000144,JSW Vijayanagar Metallics Limited,26314996,5000108210,4600000345,60,13-08-26,101,HRC,COIL,11513:2017,BIS,cr2,72083990,N,7.453,70202101,MATCHED
2000,R_HR_CO,Hot Rolled Black Coil,26HJ0439R0,25.93,2001,2.8,1230,0011000144,JSW Vijayanagar Metallics Limited,26315019,5000108211,4600000345,50,13-08-26,101,HRC,COIL,11513:2017,BIS,cr2,72083990,N,7.453,61952624,MATCHED
2000,R_HR>3MM_CO,Hot Rolled Black Coil 3mm & Above,26HJ0440R0,27.305,2001,3,1260,0011000144,JSW Vijayanagar Metallics Limited,26314909,5000108212,4600000345,130,13-08-26,101,HRC,COIL,11513:2017,BIS,cr3,72083890,N,7.453,85657083,MATCHED
2000,R_HR>3MM_CO,Hot Rolled Black Coil 3mm & Above,26HJ0441R0,21.27,2001,3,1250,0011000144,JSW Vijayanagar Metallics Limited,26312982,5000108213,4600000345,120,13-08-26,101,HRC,COIL,11513:2017,BIS,cr2,72083890,N,7.453,80574998,MATCHED
2000,R_HR>3MM_CO,Hot Rolled Black Coil 3mm & Above,26HJ0442R0,27.495,2001,3,1260,0011000144,JSW Vijayanagar Metallics Limited,26314994,5000108216,4600000345,140,13-08-26,101,HRC,COIL,11513:2017,BIS,cr2,72083890,N,7.453,82823813,MATCHED
2000,R_HR>3MM_CO,Hot Rolled Black Coil 3mm & Above,26HJ0443R0,27.77,2001,3,1260,0011000144,JSW Vijayanagar Metallics Limited,26312984,5000108217,4600000345,140,13-08-26,101,HRC,COIL,11513:2017,BIS,cr2,72083890,N,7.453,93631730,MATCHED
2000,R_HR>3MM_CO,Hot Rolled Black Coil 3mm & Above,26HJ0444R0,27.56,2001,3,1260,0011000144,JSW Vijayanagar Metallics Limited,26314915,5000108218,4600000345,140,13-08-26,101,HRC,COIL,11513:2017,BIS,cr2,72083890,N,7.453,12423008,MATCHED
2000,R_HR>3MM_CO,Hot Rolled Black Coil 3mm & Above,26HJ0445R0,27.52,2001,3,1250,0011000144,JSW Vijayanagar Metallics Limited,26315006,5000108219,4600000345,120,13-08-26,101,HRC,COIL,11513:2017,BIS,cr2,72083890,N,7.453,18733206,MATCHED
2000,R_HR_CO,Hot Rolled Black Coil,26HJ0446R0,25.945,2001,2.8,1230,0011000144,JSW Vijayanagar Metallics Limited,26315020,5000108220,4600000345,50,13-08-26,101,HRC,COIL,11513:2017,BIS,cr2,72083990,N,7.453,79321420,MATCHED
2000,R_HR>3MM_CO,Hot Rolled Black Coil 3mm & Above,26HJ0447R0,27.545,2001,3.6,1265,0011000144,JSW Vijayanagar Metallics Limited,26315152,5000108221,4600000345,100,13-08-26,101,HRC,COIL,11513:2017,BIS,cr3,72083890,N,7.453,27627336,MATCHED
2000,R_HR_CO,Hot Rolled Black Coil,26HJ0448R0,27.49,2001,2.8,1260,0011000144,JSW Vijayanagar Metallics Limited,26314998,5000108222,4600000345,60,13-08-26,101,HRC,COIL,11513:2017,BIS,cr2,72083990,N,7.453,79380450,MATCHED
2000,R_HR>3MM_CO,Hot Rolled Black Coil 3mm & Above,26HJ0449R0,27.485,2001,3,1250,0011000144,JSW Vijayanagar Metallics Limited,26315007,5000108224,4600000345,120,13-08-26,101,HRC,COIL,11513:2017,BIS,cr2,72083890,N,7.453,39601418,MATCHED
2000,R_HR>3MM_CO,Hot Rolled Black Coil 3mm & Above,26HJ0450R0,27.52,2001,3,1260,0011000144,JSW Vijayanagar Metallics Limited,26314993,5000108225,4600000345,140,13-08-26,101,HRC,COIL,11513:2017,BIS,cr2,72083890,N,7.453,23041871,MATCHED
2000,R_HR>3MM_CO,Hot Rolled Black Coil 3mm & Above,26HJ0451R0,24.815,2001,3,1195,0011000144,JSW Vijayanagar Metallics Limited,26315031,5000108228,4600000345,110,13-08-26,101,HRC,COIL,11513:2017,BIS,cr2,72083890,N,7.453,88381406,MATCHED
2000,R_HR_CO,Hot Rolled Black Coil,26HJ0452R0,25.9,2001,2.8,1230,0011000144,JSW Vijayanagar Metallics Limited,26315018,5000108229,4600000345,50,13-08-26,101,HRC,COIL,11513:2017,BIS,cr2,72083990,N,7.453,66976152,MATCHED
2000,R_HR_CO,Hot Rolled Black Coil,26HJ0453R0,27.51,2001,2.8,1230,0011000144,JSW Vijayanagar Metallics Limited,26315021,5000108230,4600000345,50,13-08-26,101,HRC,COIL,11513:2017,BIS,cr2,72083990,N,7.453,26810346,MATCHED
2000,R_HR>3MM_CO,Hot Rolled Black Coil 3mm & Above,26HJ0454R0,27.545,2001,3,1280,0011000144,JSW Vijayanagar Metallics Limited,26315167,5000108231,4600000345,150,13-08-26,101,HRC,COIL,11513:2017,BIS,cr2,72083890,N,7.453,73161106,MATCHED
2000,R_HR>3MM_CO,Hot Rolled Black Coil 3mm & Above,26HJ0455R0,27.495,2001,3.6,1260,0011000144,JSW Vijayanagar Metallics Limited,26314982,5000108232,4600000345,90,13-08-26,101,HRC,COIL,11513:2017,BIS,cr2,72083890,N,7.453,75117123,MATCHED
2000,R_HR_CO,Hot Rolled Black Coil,26HJ0532R0,21.35,2001,2.2,1230,0011000139,JSW Steel Limited,26073146,5000108346,4600000346,10,13-08-26,101,HRC,COIL,11513:2017,BIS,cr3,72083990,N,7.453,33987696,MATCHED
2000,R_HR>3MM_CO,Hot Rolled Black Coil 3mm & Above,26HJ0533R0,27.745,2001,3.6,1265,0011000144,JSW Vijayanagar Metallics Limited,26314902,5000108347,4600000345,100,13-08-26,101,HRC,COIL,11513:2017,BIS,cr3,72083890,N,7.453,89867816,MATCHED
2000,R_HR_CO,Hot Rolled Black Coil,26HJ0534R0,21.57,2001,2,1260,0011000139,JSW Steel Limited,26073015,5000108349,4600000346,80,13-08-26,101,HRC,COIL,11513:2017,BIS,cr3,72083990,N,7.453,63589775,MATCHED
2000,R_HR>3MM_CO,Hot Rolled Black Coil 3mm & Above,26HJ0650R0,27.54,2001,3.6,1265,0011000144,JSW Vijayanagar Metallics Limited,26314904,5000108748,4600000345,100,13-08-26,101,HRC,COIL,11513:2017,BIS,cr3,72083890,N,7.453,64397913,MATCHED
2000,R_HR>3MM_CO,Hot Rolled Black Coil 3mm & Above,26HJ0651R0,21.24,2001,3,1250,0011000144,JSW Vijayanagar Metallics Limited,26312983,5000108750,4600000345,120,13-08-26,101,HRC,COIL,11513:2017,BIS,cr2,72083890,N,7.453,65332909,MATCHED
2000,R_HR_CO,Hot Rolled Black Coil,26HJ0652R0,21.48,2001,2,1235,0011000139,JSW Steel Limited,26072431,5000108752,4600000346,70,13-08-26,101,HRC,COIL,11513:2017,BIS,cr3,72083990,N,7.453,12224319,MATCHED
2000,R_HR>3MM_CO,Hot Rolled Black Coil 3mm & Above,26HJ0653R0,27.61,2001,3,1280,0011000144,JSW Vijayanagar Metallics Limited,26315166,5000108753,4600000345,150,13-08-26,101,HRC,COIL,11513:2017,BIS,cr2,72083890,N,7.453,35351655,MATCHED
2000,R_HR_CO,Hot Rolled Black Coil,26HJ0654R0,21.41,2001,2,1235,0011000139,JSW Steel Limited,26072643,5000108755,4600000346,70,13-08-26,101,HRC,COIL,11513:2017,BIS,cr3,72083990,N,7.453,35567630,MATCHED
2000,R_HR_CO,Hot Rolled Black Coil,26HJ0655R0,26.565,2001,2.5,1230,0011000144,JSW Vijayanagar Metallics Limited,26309921,5000108760,4600000345,30,13-08-26,101,HRC,COIL,11513:2017,BIS,cr3,72083990,N,7.453,24129446,MATCHED
2000,R_HR_CO,Hot Rolled Black Coil,26HJ0656R0,26.5,2001,2.5,1230,0011000144,JSW Vijayanagar Metallics Limited,26309760,5000108761,4600000345,30,13-08-26,101,HRC,COIL,11513:2017,BIS,cr3,72083990,N,7.453,95694321,MATCHED
2000,R_HR_CO,Hot Rolled Black Coil,26HJ0657R0,26.545,2001,2.5,1230,0011000144,JSW Vijayanagar Metallics Limited,26309759,5000108762,4600000345,30,13-08-26,101,HRC,COIL,11513:2017,BIS,cr3,72083990,N,7.453,22836812,MATCHED
2000,R_HR>3MM_CO,Hot Rolled Black Coil 3mm & Above,26HJ0658R0,27.66,2001,3.6,1265,0011000144,JSW Vijayanagar Metallics Limited,26305639,5000108763,4600000345,100,13-08-26,101,HRC,COIL,11513:2017,BIS,cr3,72083890,N,7.453,52133008,MATCHED
2000,R_HR>3MM_CO,Hot Rolled Black Coil 3mm & Above,26HJ0659R0,27.63,2001,3,1250,0011000144,JSW Vijayanagar Metallics Limited,26309923,5000108764,4600000345,120,13-08-26,101,HRC,COIL,11513:2017,BIS,cr2,72083890,N,7.453,47945181,MATCHED
2000,R_HR>3MM_CO,Hot Rolled Black Coil 3mm & Above,26HJ0660R0,27.805,2001,3,1260,0011000144,JSW Vijayanagar Metallics Limited,26309843,5000108765,4600000345,130,13-08-26,101,HRC,COIL,11513:2017,BIS,cr3,72083890,N,7.453,41133504,MATCHED
2000,R_HR>3MM_CO,Hot Rolled Black Coil 3mm & Above,26HJ0661R0,27.5,2001,3,1260,0011000144,JSW Vijayanagar Metallics Limited,26309740,5000108766,4600000345,130,13-08-26,101,HRC,COIL,11513:2017,BIS,cr3,72083890,N,7.453,35735984,MATCHED
2000,R_HR>3MM_CO,Hot Rolled Black Coil 3mm & Above,26HJ0662R0,27.15,2001,3.6,1260,0011000144,JSW Vijayanagar Metallics Limited,26315154,5000108767,4600000345,90,13-08-26,101,HRC,COIL,11513:2017,BIS,cr2,72083890,N,7.453,97045870,MATCHED
2000,R_HR>3MM_CO,Hot Rolled Black Coil 3mm & Above,26HJ0663R0,27.93,2001,3,1250,0011000144,JSW Vijayanagar Metallics Limited,26309671,5000108768,4600000345,120,13-08-26,101,HRC,COIL,11513:2017,BIS,cr2,72083890,N,7.453,64373773,MATCHED
2000,R_HR_CO,Hot Rolled Black Coil,26HJ0664R0,27.545,2001,2.8,1230,0011000144,JSW Vijayanagar Metallics Limited,26315089,5000108769,4600000345,50,13-08-26,101,HRC,COIL,11513:2017,BIS,cr2,72083990,N,7.453,49382715,MATCHED
2000,R_HR_CO,Hot Rolled Black Coil,26HJ0665R0,21.64,2001,2.2,1230,0011000139,JSW Steel Limited,26069575,5000108770,4600000346,10,13-08-26,101,HRC,COIL,11513:2017,BIS,cr3,72083990,N,7.453,47763767,MATCHED
2000,R_HR_CO,Hot Rolled Black Coil,26HJ0666R0,21.79,2001,2,1235,0011000139,JSW Steel Limited,26069737,5000108771,4600000346,70,13-08-26,101,HRC,COIL,11513:2017,BIS,cr3,72083990,N,7.453,20261061,MATCHED
2000,R_HR_CO,Hot Rolled Black Coil,26HJ0667R0,21.84,2001,2,1235,0011000139,JSW Steel Limited,26069579,5000108772,4600000346,70,13-08-26,101,HRC,COIL,11513:2017,BIS,cr3,72083990,N,7.453,44940334,MATCHED
2000,R_HR_CO,Hot Rolled Black Coil,26HJ0668R0,21.79,2001,2,1235,0011000139,JSW Steel Limited,26069738,5000108773,4600000346,70,13-08-26,101,HRC,COIL,11513:2017,BIS,cr3,72083990,N,7.453,56030442,MATCHED
2000,R_HR_CO,Hot Rolled Black Coil,26HJ0669R0,21.65,2001,2.2,1230,0011000139,JSW Steel Limited,26069577,5000108774,4600000346,10,13-08-26,101,HRC,COIL,11513:2017,BIS,cr3,72083990,N,7.453,23398407,MATCHED
2000,R_HR_CO,Hot Rolled Black Coil,26HJ0670R0,21.85,2001,2.2,1230,0011000139,JSW Steel Limited,26069742,5000108775,4600000346,10,13-08-26,101,HRC,COIL,11513:2017,BIS,cr3,72083990,N,7.453,96180656,MATCHED
2000,R_HR_CO,Hot Rolled Black Coil,26HJ0671R0,21.585,2001,2.2,1230,0011000139,JSW Steel Limited,26072425,5000108777,4600000346,10,13-08-26,101,HRC,COIL,11513:2017,BIS,cr3,72083990,N,7.453,58259855,MATCHED
2000,R_HR>3MM_CO,Hot Rolled Black Coil 3mm & Above,26HJ0672R0,27.55,2001,3,1260,0011000144,JSW Vijayanagar Metallics Limited,26314913,5000108830,4600000345,130,13-08-26,101,HRC,COIL,11513:2017,BIS,cr3,72083890,N,7.453,17701933,MATCHED
2000,R_HR>3MM_CO,Hot Rolled Black Coil 3mm & Above,26HJ0673R0,27.59,2001,3,1280,0011000144,JSW Vijayanagar Metallics Limited,26315082,5000108833,4600000345,150,13-08-26,101,HRC,COIL,11513:2017,BIS,cr2,72083890,N,7.453,32306958,MATCHED
2000,R_HR>3MM_CO,Hot Rolled Black Coil 3mm & Above,26HJ0674R0,27.595,2001,3,1280,0011000144,JSW Vijayanagar Metallics Limited,26315080,5000108834,4600000345,150,13-08-26,101,HRC,COIL,11513:2017,BIS,cr2,72083890,N,7.453,63810688,MATCHED
2000,R_HR>3MM_CO,Hot Rolled Black Coil 3mm & Above,26HJ0675R0,27.565,2001,3,1280,0011000144,JSW Vijayanagar Metallics Limited,26315083,5000108836,4600000345,150,13-08-26,101,HRC,COIL,11513:2017,BIS,cr2,72083890,N,7.453,72758886,MATCHED
2000,R_HR>3MM_CO,Hot Rolled Black Coil 3mm & Above,26HJ0676R0,27.58,2001,3,1280,0011000144,JSW Vijayanagar Metallics Limited,26315084,5000108837,4600000345,150,13-08-26,101,HRC,COIL,11513:2017,BIS,cr2,72083890,N,7.453,47817684,MATCHED
2000,R_HR_CO,Hot Rolled Black Coil,26HJ0677R0,27.755,2001,2.5,1230,0011000144,JSW Vijayanagar Metallics Limited,26314920,5000108838,4600000345,30,13-08-26,101,HRC,COIL,11513:2017,BIS,cr3,72083990,N,7.453,40106586,MATCHED
2000,R_HR>3MM_CO,Hot Rolled Black Coil 3mm & Above,26HJ0678R0,27.71,2001,3,1280,0011000144,JSW Vijayanagar Metallics Limited,26314671,5000108839,4600000345,150,13-08-26,101,HRC,COIL,11513:2017,BIS,cr2,72083890,N,7.453,70976453,MATCHED
2000,R_HR>3MM_CO,Hot Rolled Black Coil 3mm & Above,26HJ0680R0,24.965,2001,3,1280,0011000144,JSW Vijayanagar Metallics Limited,26315161,5000108845,4600000345,150,13-08-26,101,HRC,COIL,11513:2017,BIS,cr2,72083890,N,7.453,91565322,MATCHED
2000,R_HR_CO,Hot Rolled Black Coil,26HJ0681R0,24.97,2001,2.5,1260,0011000144,JSW Vijayanagar Metallics Limited,26312989,5000108846,4600000345,40,13-08-26,101,HRC,COIL,11513:2017,BIS,cr3,72083990,N,7.453,38611619,MATCHED
2000,R_HR>3MM_CO,Hot Rolled Black Coil 3mm & Above,26HJ0682R0,27.5,2001,3.6,1260,0011000144,JSW Vijayanagar Metallics Limited,26314979,5000108847,4600000345,90,13-08-26,101,HRC,COIL,11513:2017,BIS,cr2,72083890,N,7.453,55373095,MATCHED
2000,R_HR>3MM_CO,Hot Rolled Black Coil 3mm & Above,26HJ0683R0,27.535,2001,3,1250,0011000144,JSW Vijayanagar Metallics Limited,26315003,5000108848,4600000345,120,13-08-26,101,HRC,COIL,11513:2017,BIS,cr2,72083890,N,7.453,32711303,MATCHED
2000,R_HR>3MM_CO,Hot Rolled Black Coil 3mm & Above,26HJ0684R0,27.8,2001,3.6,1265,0011000144,JSW Vijayanagar Metallics Limited,26314903,5000108849,4600000345,100,13-08-26,101,HRC,COIL,11513:2017,BIS,cr3,72083890,N,7.453,86630875,MATCHED
2000,R_HR>3MM_CO,Hot Rolled Black Coil 3mm & Above,26HJ0685R0,27.55,2001,3,1260,0011000144,JSW Vijayanagar Metallics Limited,26314910,5000108850,4600000345,130,13-08-26,101,HRC,COIL,11513:2017,BIS,cr3,72083890,N,7.453,57646209,MATCHED
2000,R_HR>3MM_CO,Hot Rolled Black Coil 3mm & Above,26HJ0686R0,20.96,2001,3.6,1265,0011000144,JSW Vijayanagar Metallics Limited,26310634,5000108851,4600000345,100,13-08-26,101,HRC,COIL,11513:2017,BIS,cr3,72083890,N,7.453,64293807,MATCHED
2000,R_HR_CO,Hot Rolled Black Coil,26HJ0687R0,21.28,2001,2.2,1260,0011000139,JSW Steel Limited,26073007,5000108865,4600000346,20,13-08-26,101,HRC,COIL,11513:2017,BIS,cr3,72083990,N,7.453,55061714,MATCHED
2000,R_HR>3MM_CO,Hot Rolled Black Coil 3mm & Above,26HJ0688R0,27.475,2001,3.6,1260,0011000144,JSW Vijayanagar Metallics Limited,26314980,5000108915,4600000345,90,13-08-26,101,HRC,COIL,11513:2017,BIS,cr2,72083890,N,7.453,66070967,MATCHED
2000,R_HR>3MM_CO,Hot Rolled Black Coil 3mm & Above,26HJ0689R0,24.465,2001,3.6,1265,0011000144,JSW Vijayanagar Metallics Limited,26311560,5000108918,4600000345,100,13-08-26,101,HRC,COIL,11513:2017,BIS,cr3,72083890,N,7.453,87541949,MATCHED
2000,R_HR>3MM_CO,Hot Rolled Black Coil 3mm & Above,26HJ0690R0,27.55,2001,3,1260,0011000144,JSW Vijayanagar Metallics Limited,26312318,5000108920,4600000345,140,13-08-26,101,HRC,COIL,11513:2017,BIS,cr2,72083890,N,7.453,25937828,MATCHED
2000,R_HR>3MM_CO,Hot Rolled Black Coil 3mm & Above,26HJ0691R0,20.92,2001,3.6,1265,0011000144,JSW Vijayanagar Metallics Limited,26310654,5000108924,4600000345,100,13-08-26,101,HRC,COIL,11513:2017,BIS,cr3,72083890,N,7.453,65251737,MATCHED
2000,R_HR>3MM_CO,Hot Rolled Black Coil 3mm & Above,26HJ0692R0,27.49,2001,3.6,1260,0011000144,JSW Vijayanagar Metallics Limited,26314967,5000108925,4600000345,90,13-08-26,101,HRC,COIL,11513:2017,BIS,cr2,72083890,N,7.453,33620406,MATCHED
2000,R_HR>3MM_CO,Hot Rolled Black Coil 3mm & Above,26HJ0693R0,26.92,2001,3.6,1265,0011000144,JSW Vijayanagar Metallics Limited,26311207,5000108930,4600000345,100,13-08-26,101,HRC,COIL,11513:2017,BIS,cr3,72083890,N,7.453,99424402,MATCHED
2000,R_HR>3MM_CO,Hot Rolled Black Coil 3mm & Above,26HJ0694R0,26.04,2001,3,1260,0011000144,JSW Vijayanagar Metallics Limited,26311106,5000108933,4600000345,140,13-08-26,101,HRC,COIL,11513:2017,BIS,cr2,72083890,N,7.453,70925596,MATCHED
2000,R_HR_CO,Hot Rolled Black Coil,26HJ0695R0,21.875,2001,2,1235,0011000139,JSW Steel Limited,26072434,5000108937,4600000346,70,13-08-26,101,HRC,COIL,11513:2017,BIS,cr3,72083990,N,7.453,63160537,MATCHED
2000,R_HR_CO,Hot Rolled Black Coil,26HJ0696R0,21.475,2001,2.2,1230,0011000139,JSW Steel Limited,26072575,5000109016,4600000346,10,13-08-26,101,HRC,COIL,11513:2017,BIS,cr3,72083990,N,7.453,49567239,MATCHED
2000,R_HR_CO,Hot Rolled Black Coil,26HJ0697R0,21.93,2001,2,1235,0011000139,JSW Steel Limited,26072432,5000109018,4600000346,70,13-08-26,101,HRC,COIL,11513:2017,BIS,cr3,72083990,N,7.453,48816180,MATCHED
2000,R_HR_CO,Hot Rolled Black Coil,26HJ0698R0,21.895,2001,2.2,1230,0011000139,JSW Steel Limited,26072570,5000109020,4600000346,10,13-08-26,101,HRC,COIL,11513:2017,BIS,cr3,72083990,N,7.453,21432687,MATCHED
2000,R_HR_CO,Hot Rolled Black Coil,26HJ0699R0,21.62,2001,2,1235,0011000139,JSW Steel Limited,26072577,5000109023,4600000346,70,13-08-26,101,HRC,COIL,11513:2017,BIS,cr3,72083990,N,7.453,64676155,MATCHED
2000,R_HR_CO,Hot Rolled Black Coil,26HJ0700R0,21.615,2001,2.2,1230,0011000139,JSW Steel Limited,26072572,5000109041,4600000346,10,13-08-26,101,HRC,COIL,11513:2017,BIS,cr3,72083990,N,7.453,71439046,MATCHED
2000,R_HR_CO,Hot Rolled Black Coil,26HJ0701R0,21.57,2001,2,1235,0011000139,JSW Steel Limited,26072640,5000109044,4600000346,70,13-08-26,101,HRC,COIL,11513:2017,BIS,cr3,72083990,N,7.453,29151888,MATCHED
2000,R_HR_CO,Hot Rolled Black Coil,26HJ0702R0,21.235,2001,2,1235,0011000139,JSW Steel Limited,26073014,5000109050,4600000346,70,13-08-26,101,HRC,COIL,11513:2017,BIS,cr3,72083990,N,7.453,80181667,MATCHED
2000,R_HR_CO,Hot Rolled Black Coil,26HJ0703R0,21.3,2001,2.2,1260,0011000139,JSW Steel Limited,26073010,5000109054,4600000346,20,13-08-26,101,HRC,COIL,11513:2017,BIS,cr3,72083990,N,7.453,66634697,MATCHED
2000,R_HR_CO,Hot Rolled Black Coil,26HJ0704R0,27.51,2001,2.8,1230,0011000144,JSW Vijayanagar Metallics Limited,26315024,5000109055,4600000345,50,13-08-26,101,HRC,COIL,11513:2017,BIS,cr2,72083990,N,7.453,45583469,MATCHED
2000,R_HR>3MM_CO,Hot Rolled Black Coil 3mm & Above,26HJ0706R0,27.465,2001,3,1280,0011000144,JSW Vijayanagar Metallics Limited,26315165,5000109142,4600000345,180,23-08-26,101,HRC,COIL,11513:2017,BIS,cr2,72083890,N,7.453,67484657,MATCHED
2000,R_HR_CO,Hot Rolled Black Coil,26HJ0712R0,21.575,2001,2.2,1230,0011000139,JSW Steel Limited,26072426,5000109169,4600000346,100,23-08-26,101,HRC,COIL,11513:2017,BIS,cr3,72083990,N,7.453,67582639,MATCHED
2000,R_HR_CO,Hot Rolled Black Coil,26HJ0713R0,21.47,2001,2.2,1230,0011000139,JSW Steel Limited,26072574,5000109170,4600000346,100,23-08-26,101,HRC,COIL,11513:2017,BIS,cr3,72083990,N,7.453,47009320,MATCHED
2000,R_HR_CO,Hot Rolled Black Coil,26HJ0714R0,21.65,2001,2.2,1230,0011000139,JSW Steel Limited,26072424,5000109171,4600000346,100,23-08-26,101,HRC,COIL,11513:2017,BIS,cr3,72083990,N,7.453,81804007,MATCHED
2000,R_HR_CO,Hot Rolled Black Coil,26HJ0715R0,21.69,2001,2,1235,0011000139,JSW Steel Limited,26072641,5000109175,4600000346,90,23-08-26,101,HRC,COIL,11513:2017,BIS,cr3,72083990,N,7.453,85391302,MATCHED
2000,R_HR_CO,Hot Rolled Black Coil,26HJ0716R0,21.63,2001,2,1235,0011000139,JSW Steel Limited,26072435,5000109176,4600000346,90,23-08-26,101,HRC,COIL,11513:2017,BIS,cr3,72083990,N,7.453,77370544,MATCHED
2000,R_HR_CO,Hot Rolled Black Coil,26HJ0717R0,27.51,2001,2.5,1230,0011000144,JSW Vijayanagar Metallics Limited,26314916,5000109178,4600000345,160,23-08-26,101,HRC,COIL,11513:2017,BIS,cr3,72083990,N,7.453,79906080,MATCHED
2000,R_HR_CO,Hot Rolled Black Coil,26HJ0718R0,27.435,2001,2.5,1230,0011000144,JSW Vijayanagar Metallics Limited,26314917,5000109179,4600000345,160,23-08-26,101,HRC,COIL,11513:2017,BIS,cr3,72083990,N,7.453,69733418,MATCHED
2000,R_HR>3MM_CO,Hot Rolled Black Coil 3mm & Above,26HJ0719R0,23.635,2001,3.6,1265,0011000144,JSW Vijayanagar Metallics Limited,26311206,5000109180,4600000345,170,23-08-26,101,HRC,COIL,11513:2017,BIS,cr3,72083890,N,7.453,78609254,MATCHED
2000,R_HR_CO,Hot Rolled Black Coil,26HJ0836R0,21.55,2001,2,1260,0011000139,JSW Steel Limited,26073018,5000109354,4600000352,10,26-08-26,101,HRC,COIL,11513:2017,BIS,cr3,72083990,N,7.453,24099168,MATCHED
2000,R_HR_CO,Hot Rolled Black Coil,26HJ0844R0,21.545,2001,2,1260,0011000139,JSW Steel Limited,26073014,5000109374,4600000352,10,26-08-26,101,HRC,COIL,11513:2017,BIS,cr3,72083990,N,7.453,75613709,MATCHED
2000,R_HR_CO,Hot Rolled Black Coil,26HJ0857R0,27.48,2001,2.5,1260,0011000144,JSW Vijayanagar Metallics Limited,26322620,5000109539,4600000353,210,23-08-26,101,HRC,COIL,11513:2017,BIS,cr3,72083990,N,7.453,69594837,MATCHED
2000,R_HR>3MM_CO,Hot Rolled Black Coil 3mm & Above,26HJ0858R0,27.465,2001,3,1260,0011000144,JSW Vijayanagar Metallics Limited,26322668,5000109541,4600000353,160,23-08-26,101,HRC,COIL,11513:2017,BIS,cr2,72083890,N,7.453,26402235,MATCHED
2000,R_HR_CO,Hot Rolled Black Coil,26HJ0859R0,27.56,2001,2.5,1230,0011000144,JSW Vijayanagar Metallics Limited,26322509,5000109548,4600000353,30,23-08-26,101,HRC,COIL,11513:2017,BIS,cr3,72083990,N,7.453,17814110,MATCHED
2000,R_HR>3MM_CO,Hot Rolled Black Coil 3mm & Above,26HJ0860R0,27.61,2001,3,1250,0011000144,JSW Vijayanagar Metallics Limited,26322853,5000109550,4600000353,150,23-08-26,101,HRC,COIL,11513:2017,BIS,cr2,72083890,N,7.453,95458147,MATCHED
2000,R_HR_CO,Hot Rolled Black Coil,26HJ0861R0,20.785,2001,2,1250,0011000144,JSW Vijayanagar Metallics Limited,26318348,5000109551,4600000353,190,23-08-26,101,HRC,COIL,11513:2017,BIS,HR2,72083990,N,7.453,74898493,MATCHED
2000,R_HR>3MM_CO,Hot Rolled Black Coil 3mm & Above,26HJ0862R0,27.585,2001,3,1260,0011000144,JSW Vijayanagar Metallics Limited,26322494,5000109552,4600000353,90,23-08-26,101,HRC,COIL,11513:2017,BIS,cr3,72083890,N,7.453,24676279,MATCHED
2000,R_HR>3MM_CO,Hot Rolled Black Coil 3mm & Above,26HJ0863R0,27.365,2001,3,1260,0011000144,JSW Vijayanagar Metallics Limited,26322961,5000109557,4600000353,160,23-08-26,101,HRC,COIL,11513:2017,BIS,cr2,72083890,N,7.453,22584360,MATCHED
2000,R_HR>3MM_CO,Hot Rolled Black Coil 3mm & Above,26HJ0864R0,27.48,2001,3,1260,0011000144,JSW Vijayanagar Metallics Limited,26322489,5000109562,4600000353,90,23-08-26,101,HRC,COIL,11513:2017,BIS,cr3,72083890,N,7.453,12677871,MATCHED
2000,R_HR>3MM_CO,Hot Rolled Black Coil 3mm & Above,26HJ0865R0,27.42,2001,3.6,1265,0011000144,JSW Vijayanagar Metallics Limited,26322655,5000109565,4600000353,100,23-08-26,101,HRC,COIL,11513:2017,BIS,cr3,72083890,N,7.453,36121778,MATCHED
2000,R_HR>3MM_CO,Hot Rolled Black Coil 3mm & Above,26HJ0866R0,27.365,2001,3,1500,0011000144,JSW Vijayanagar Metallics Limited,26322445,5000109566,4600000353,110,23-08-26,101,HRC,COIL,11513:2017,BIS,cr3,72083890,N,7.453,52777906,MATCHED
2000,R_HR>3MM_CO,Hot Rolled Black Coil 3mm & Above,26HJ0867R0,27.445,2001,3.6,1265,0011000144,JSW Vijayanagar Metallics Limited,26322709,5000109567,4600000353,100,23-08-26,101,HRC,COIL,11513:2017,BIS,cr3,72083890,N,7.453,53073764,MATCHED
2000,R_HR>3MM_CO,Hot Rolled Black Coil 3mm & Above,26HJ0868R0,27.3,2001,3,1500,0011000144,JSW Vijayanagar Metallics Limited,26322446,5000109568,4600000353,110,23-08-26,101,HRC,COIL,11513:2017,BIS,cr3,72083890,N,7.453,10433319,MATCHED
2000,R_HR>3MM_CO,Hot Rolled Black Coil 3mm & Above,26HJ0869R0,21.26,2001,3.6,1265,0011000144,JSW Vijayanagar Metallics Limited,26310655,5000109570,4600000353,100,23-08-26,101,HRC,COIL,11513:2017,BIS,cr3,72083890,N,7.453,16990555,MATCHED
2000,R_HR>3MM_CO,Hot Rolled Black Coil 3mm & Above,26HJ0870R0,27.555,2001,3,1260,0011000144,JSW Vijayanagar Metallics Limited,26322670,5000109578,4600000353,90,23-08-26,101,HRC,COIL,11513:2017,BIS,cr3,72083890,N,7.453,93306217,MATCHED
2000,R_HR_CO,Hot Rolled Black Coil,26HJ0871R0,27.46,2001,2.5,1260,0011000144,JSW Vijayanagar Metallics Limited,26322617,5000109579,4600000353,50,23-08-26,101,HRC,COIL,11513:2017,BIS,cr3,72083990,N,7.453,91248586,MATCHED
2000,R_HR>3MM_CO,Hot Rolled Black Coil 3mm & Above,26HJ0872R0,27.775,2001,3,1260,0011000144,JSW Vijayanagar Metallics Limited,26322831,5000109580,4600000353,90,23-08-26,101,HRC,COIL,11513:2017,BIS,cr3,72083890,N,7.453,40663445,MATCHED
2000,R_HR_CO,Hot Rolled Black Coil,26HJ0873R0,27.65,2001,2.5,1230,0011000144,JSW Vijayanagar Metallics Limited,26322510,5000109582,4600000353,30,23-08-26,101,HRC,COIL,11513:2017,BIS,cr3,72083990,N,7.453,63077971,MATCHED
2000,R_HR>3MM_CO,Hot Rolled Black Coil 3mm & Above,26HJ0874R0,21.55,2001,3,1250,0011000144,JSW Vijayanagar Metallics Limited,26322967,5000109583,4600000353,150,23-08-26,101,HRC,COIL,11513:2017,BIS,cr2,72083890,N,7.453,88993696,MATCHED
2000,R_HR>3MM_CO,Hot Rolled Black Coil 3mm & Above,26HJ0875R0,27.565,2001,3,1250,0011000144,JSW Vijayanagar Metallics Limited,26322639,5000109584,4600000353,150,23-08-26,101,HRC,COIL,11513:2017,BIS,cr2,72083890,N,7.453,86235969,MATCHED
2000,R_HR>3MM_CO,Hot Rolled Black Coil 3mm & Above,26HJ0876R0,22.385,2001,3,1195,0011000144,JSW Vijayanagar Metallics Limited,26315582,5000109585,4600000353,230,28-08-26,101,HRC,COIL,11513:2017,BIS,cr2,72083890,N,7.453,61742207,MATCHED
2000,R_HR>3MM_CO,Hot Rolled Black Coil 3mm & Above,26HJ0877R0,27.535,2001,3,1250,0011000144,JSW Vijayanagar Metallics Limited,26322638,5000109586,4600000353,150,23-08-26,101,HRC,COIL,11513:2017,BIS,cr2,72083890,N,7.453,65937146,MATCHED
2000,R_HR>3MM_CO,Hot Rolled Black Coil 3mm & Above,26HJ0879R0,27.69,2001,3.6,1265,0011000144,JSW Vijayanagar Metallics Limited,26322708,5000109590,4600000353,100,23-08-26,101,HRC,COIL,11513:2017,BIS,cr3,72083890,N,7.453,19909327,MATCHED
2000,R_HR_CO,Hot Rolled Black Coil,26HJ0880R0,27.68,2001,2.5,1230,0011000144,JSW Vijayanagar Metallics Limited,26322511,5000109591,4600000353,30,23-08-26,101,HRC,COIL,11513:2017,BIS,cr3,72083990,N,7.453,92777208,MATCHED
2000,R_HR>3MM_CO,Hot Rolled Black Coil 3mm & Above,26HJ0881R0,27.375,2001,3.6,1265,0011000144,JSW Vijayanagar Metallics Limited,26322656,5000109592,4600000353,100,23-08-26,101,HRC,COIL,11513:2017,BIS,cr3,72083890,N,7.453,35462474,MATCHED
2000,R_HR>3MM_CO,Hot Rolled Black Coil 3mm & Above,26HJ0882R0,27.305,2001,3.6,1265,0011000144,JSW Vijayanagar Metallics Limited,26322653,5000109594,4600000353,100,23-08-26,101,HRC,COIL,11513:2017,BIS,cr3,72083890,N,7.453,14420110,MATCHED
2000,R_HR_CO,Hot Rolled Black Coil,26HJ0883R0,27.485,RC01,2.5,1260,0011000144,JSW Vijayanagar Metallics Limited,26322621,5000109595,4600000353,210,23-08-26,101,HRC,COIL,11513:2017,BIS,cr3,72083990,N,7.453,86018300,MATCHED
2000,R_HR>3MM_CO,Hot Rolled Black Coil 3mm & Above,26HJ0884R0,27.415,2001,3.6,1265,0011000144,JSW Vijayanagar Metallics Limited,26322654,5000109596,4600000353,100,23-08-26,101,HRC,COIL,11513:2017,BIS,cr3,72083890,N,7.453,40843018,MATCHED
2000,R_HR>3MM_CO,Hot Rolled Black Coil 3mm & Above,26HJ0885R0,27.545,2001,3.6,1265,0011000144,JSW Vijayanagar Metallics Limited,26322707,5000109597,4600000353,100,23-08-26,101,HRC,COIL,11513:2017,BIS,cr3,72083890,N,7.453,34958912,MATCHED
2000,R_HR>3MM_CO,Hot Rolled Black Coil 3mm & Above,26HJ0886R0,27.505,2001,3,1260,0011000144,JSW Vijayanagar Metallics Limited,26322637,5000109598,4600000353,160,23-08-26,101,HRC,COIL,11513:2017,BIS,cr2,72083890,N,7.453,19419791,MATCHED
2000,R_HR_CO,Hot Rolled Black Coil,26HJ0887R0,27.4,2001,2.8,1230,0011000144,JSW Vijayanagar Metallics Limited,26323046,5000109599,4600000353,250,28-08-26,101,HRC,COIL,11513:2017,BIS,cr2,72083990,N,7.453,95373997,MATCHED
2000,R_HR>3MM_CO,Hot Rolled Black Coil 3mm & Above,26HJ0888R0,27.46,RC01,3.6,1265,0011000144,JSW Vijayanagar Metallics Limited,26322651,5000109600,4600000353,100,23-08-26,101,HRC,COIL,11513:2017,BIS,cr3,72083890,N,7.453,63227342,MATCHED
2000,R_HR>3MM_CO,Hot Rolled Black Coil 3mm & Above,26HJ0889R0,27.33,2001,3,1195,0011000144,JSW Vijayanagar Metallics Limited,26322809,5000109601,4600000353,230,28-08-26,101,HRC,COIL,11513:2017,BIS,cr2,72083890,N,7.453,71349963,MATCHED
2000,R_HR>3MM_CO,Hot Rolled Black Coil 3mm & Above,26HJ0890R0,26.545,2001,3,1250,0011000144,JSW Vijayanagar Metallics Limited,26316084,5000109602,4600000353,150,23-08-26,101,HRC,COIL,11513:2017,BIS,cr2,72083890,N,7.453,20306281,MATCHED
2000,R_HR>3MM_CO,Hot Rolled Black Coil 3mm & Above,26HJ0891R0,27.17,2001,3,1195,0011000144,JSW Vijayanagar Metallics Limited,26322805,5000109603,4600000353,230,28-08-26,101,HRC,COIL,11513:2017,BIS,cr2,72083890,N,7.453,86930929,MATCHED
2000,R_HR_CO,Hot Rolled Black Coil,26HJ0892R0,27.79,2001,2.5,1230,0011000144,JSW Vijayanagar Metallics Limited,26322508,5000109605,4600000353,30,23-08-26,101,HRC,COIL,11513:2017,BIS,cr3,72083990,N,7.453,52756439,MATCHED
2000,R_HR>3MM_CO,Hot Rolled Black Coil 3mm & Above,26HJ0893R0,27.335,2001,3,1500,0011000144,JSW Vijayanagar Metallics Limited,26322465,5000109606,4600000353,110,23-08-26,101,HRC,COIL,11513:2017,BIS,cr3,72083890,N,7.453,58273530,MATCHED
2000,R_HR>3MM_CO,Hot Rolled Black Coil 3mm & Above,26HJ0894R0,26.54,2001,3,1260,0011000144,JSW Vijayanagar Metallics Limited,26315650,5000109608,4600000353,90,23-08-26,101,HRC,COIL,11513:2017,BIS,cr3,72083890,N,7.453,25846260,MATCHED
2000,R_HR_CO,Hot Rolled Black Coil,26HJ0895R0,26.625,2001,2.5,1230,0011000144,JSW Vijayanagar Metallics Limited,26317174,5000109610,4600000353,30,23-08-26,101,HRC,COIL,11513:2017,BIS,cr3,72083990,N,7.453,42533254,MATCHED
2000,R_HR>3MM_CO,Hot Rolled Black Coil 3mm & Above,26HJ0896R0,27.325,2001,3,1195,0011000144,JSW Vijayanagar Metallics Limited,26322806,5000109611,4600000353,230,28-08-26,101,HRC,COIL,11513:2017,BIS,cr2,72083890,N,7.453,47784386,MATCHED
2000,R_HR>3MM_CO,Hot Rolled Black Coil 3mm & Above,26HJ0897R0,27.22,2001,3,1195,0011000144,JSW Vijayanagar Metallics Limited,26322807,5000109612,4600000353,230,28-08-26,101,HRC,COIL,11513:2017,BIS,cr2,72083890,N,7.453,99041269,MATCHED
2000,R_HR>3MM_CO,Hot Rolled Black Coil 3mm & Above,26HJ0898R0,27.23,2001,3,1195,0011000144,JSW Vijayanagar Metallics Limited,26322808,5000109614,4600000353,230,28-08-26,101,HRC,COIL,11513:2017,BIS,cr2,72083890,N,7.453,42920787,MATCHED
2000,R_HR>3MM_CO,Hot Rolled Black Coil 3mm & Above,26HJ0899R0,27.485,2001,3,1250,0011000144,JSW Vijayanagar Metallics Limited,26322852,5000109615,4600000353,150,23-08-26,101,HRC,COIL,11513:2017,BIS,cr2,72083890,N,7.453,73151846,MATCHED
2000,R_HR>3MM_CO,Hot Rolled Black Coil 3mm & Above,26HJ0900R0,27.365,2001,3,1500,0011000144,JSW Vijayanagar Metallics Limited,26322448,5000109618,4600000353,110,23-08-26,101,HRC,COIL,11513:2017,BIS,cr3,72083890,N,7.453,20318061,MATCHED
2000,R_HR>3MM_CO,Hot Rolled Black Coil 3mm & Above,26HJ0901R0,27.295,2001,3,1250,0011000144,JSW Vijayanagar Metallics Limited,26322965,5000109620,4600000353,150,23-08-26,101,HRC,COIL,11513:2017,BIS,cr2,72083890,N,7.453,69740982,MATCHED
2000,R_HR>3MM_CO,Hot Rolled Black Coil 3mm & Above,26HJ0902R0,27.97,2001,3,1260,0011000144,JSW Vijayanagar Metallics Limited,26322834,5000109621,4600000353,160,23-08-26,101,HRC,COIL,11513:2017,BIS,cr2,72083890,N,7.453,76129013,MATCHED
2000,R_HR_CO,Hot Rolled Black Coil,26HJ0903R0,20.905,RC01,2.5,1250,0011000144,JSW Vijayanagar Metallics Limited,26318335,5000109622,4600000353,200,23-08-26,101,HRC,COIL,11513:2017,BIS,HR2,72083990,N,7.453,43255026,MATCHED
2000,R_HR_CO,Hot Rolled Black Coil,26HJ0904R0,27.5,RC01,2.5,1260,0011000144,JSW Vijayanagar Metallics Limited,26322613,5000109623,4600000353,50,23-08-26,101,HRC,COIL,11513:2017,BIS,cr3,72083990,N,7.453,33911741,MATCHED
2000,R_HR>3MM_CO,Hot Rolled Black Coil 3mm & Above,26HJ0905R0,27.51,RC01,3,1280,0011000144,JSW Vijayanagar Metallics Limited,26315163,5000109625,4600000353,170,23-08-26,101,HRC,COIL,11513:2017,BIS,cr2,72083890,N,7.453,44340051,MATCHED
2000,R_HR_CO,Hot Rolled Black Coil,26HJ0906R0,21.01,2001,2,1250,0011000144,JSW Vijayanagar Metallics Limited,26321910,5000109626,4600000353,190,23-08-26,101,HRC,COIL,11513:2017,BIS,HR2,72083990,N,7.453,70378575,MATCHED
2000,R_HR>3MM_CO,Hot Rolled Black Coil 3mm & Above,26HJ0907R0,22.365,2001,3,1195,0011000144,JSW Vijayanagar Metallics Limited,26315030,5000109629,4600000353,230,28-08-26,101,HRC,COIL,11513:2017,BIS,cr2,72083890,N,7.453,58746851,MATCHED
2000,R_HR_CO,Hot Rolled Black Coil,26HJ0908R0,20.995,2001,2.5,1250,0011000144,JSW Vijayanagar Metallics Limited,26318346,5000109630,4600000353,200,23-08-26,101,HRC,COIL,11513:2017,BIS,HR2,72083990,N,7.453,74124648,MATCHED
2000,R_HR>3MM_CO,Hot Rolled Black Coil 3mm & Above,26HJ0909R0,27.295,RC01,3,1250,0011000144,JSW Vijayanagar Metallics Limited,26322962,5000109631,4600000353,150,23-08-26,101,HRC,COIL,11513:2017,BIS,cr2,72083890,N,7.453,64564892,MATCHED
2000,R_HR>3MM_CO,Hot Rolled Black Coil 3mm & Above,26HJ0910R0,27.405,2001,3,1260,0011000144,JSW Vijayanagar Metallics Limited,26322490,5000109632,4600000353,90,23-08-26,101,HRC,COIL,11513:2017,BIS,cr3,72083890,N,7.453,65068273,MATCHED
2000,R_HR>3MM_CO,Hot Rolled Black Coil 3mm & Above,26HJ0911R0,27.955,2001,3,1260,0011000144,JSW Vijayanagar Metallics Limited,26322832,5000109633,4600000353,160,23-08-26,101,HRC,COIL,11513:2017,BIS,cr2,72083890,N,7.453,51679007,MATCHED
2000,R_HR>3MM_CO,Hot Rolled Black Coil 3mm & Above,26HJ0912R0,27.45,2001,3,1250,0011000144,JSW Vijayanagar Metallics Limited,26323047,5000109634,4600000353,150,23-08-26,101,HRC,COIL,11513:2017,BIS,cr2,72083890,N,7.453,52230051,MATCHED
2000,R_HR>3MM_CO,Hot Rolled Black Coil 3mm & Above,26HJ0913R0,27.455,2001,3,1500,0011000144,JSW Vijayanagar Metallics Limited,26322443,5000109635,4600000353,110,23-08-26,101,HRC,COIL,11513:2017,BIS,cr3,72083890,N,7.453,81644968,MATCHED
2000,R_HR>3MM_CO,Hot Rolled Black Coil 3mm & Above,26HJ0914R0,27.49,2001,3,1250,0011000144,JSW Vijayanagar Metallics Limited,26315005,5000109636,4600000353,150,23-08-26,101,HRC,COIL,11513:2017,BIS,cr2,72083890,N,7.453,89188192,MATCHED
2000,R_HR>3MM_CO,Hot Rolled Black Coil 3mm & Above,26HJ0915R0,27.535,2001,3,1260,0011000144,JSW Vijayanagar Metallics Limited,26322492,5000109637,4600000353,90,23-08-26,101,HRC,COIL,11513:2017,BIS,cr3,72083890,N,7.453,33981048,MATCHED
2000,R_HR>3MM_CO,Hot Rolled Black Coil 3mm & Above,26HJ0916R0,27.41,2001,3,1260,0011000144,JSW Vijayanagar Metallics Limited,26322669,5000109640,4600000353,160,23-08-26,101,HRC,COIL,11513:2017,BIS,cr2,72083890,N,7.453,53240177,MATCHED
2000,R_HR_CO,Hot Rolled Black Coil,26HJ0917R0,27.445,2001,2.5,1230,0011000144,JSW Vijayanagar Metallics Limited,26322506,5000109641,4600000353,30,23-08-26,101,HRC,COIL,11513:2017,BIS,cr3,72083990,N,7.453,11403278,MATCHED
2000,R_HR>3MM_CO,Hot Rolled Black Coil 3mm & Above,26HJ0918R0,27.42,2001,3,1250,0011000144,JSW Vijayanagar Metallics Limited,26323048,5000109642,4600000353,150,23-08-26,101,HRC,COIL,11513:2017,BIS,cr2,72083890,N,7.453,22594064,MATCHED
2000,R_HR_CO,Hot Rolled Black Coil,26HJ0919R0,18.375,2001,2,1250,0011000144,JSW Vijayanagar Metallics Limited,26318349,5000109643,4600000353,190,23-08-26,101,HRC,COIL,11513:2017,BIS,HR2,72083990,N,7.453,45517810,MATCHED
2000,R_HR>3MM_CO,Hot Rolled Black Coil 3mm & Above,26HJ0920R0,27.445,2001,3.6,1265,0011000144,JSW Vijayanagar Metallics Limited,26322722,5000109644,4600000353,100,23-08-26,101,HRC,COIL,11513:2017,BIS,cr3,72083890,N,7.453,93300721,MATCHED
2000,R_HR>3MM_CO,Hot Rolled Black Coil 3mm & Above,26HJ0921R0,27.455,2001,3,1260,0011000144,JSW Vijayanagar Metallics Limited,26322488,5000109647,4600000353,90,23-08-26,101,HRC,COIL,11513:2017,BIS,cr3,72083890,N,7.453,71377871,MATCHED
2000,R_HR_CO,Hot Rolled Black Coil,26HJ0922R0,27.36,2001,2.5,1230,0011000144,JSW Vijayanagar Metallics Limited,26322726,5000109648,4600000353,30,23-08-26,101,HRC,COIL,11513:2017,BIS,cr3,72083990,N,7.453,62097019,MATCHED
2000,R_HR>3MM_CO,Hot Rolled Black Coil 3mm & Above,26HJ0923R0,27.5,2001,3.6,1265,0011000144,JSW Vijayanagar Metallics Limited,26322720,5000109649,4600000353,100,23-08-26,101,HRC,COIL,11513:2017,BIS,cr3,72083890,N,7.453,52213702,MATCHED
2000,R_HR>3MM_CO,Hot Rolled Black Coil 3mm & Above,26HJ0924R0,27.87,2001,3,1260,0011000144,JSW Vijayanagar Metallics Limited,26322830,5000109650,4600000353,160,23-08-26,101,HRC,COIL,11513:2017,BIS,cr2,72083890,N,7.453,50909604,MATCHED
2000,R_HR_CO,Hot Rolled Black Coil,26HJ0925R0,21.045,2001,2,1250,0011000144,JSW Vijayanagar Metallics Limited,26321912,5000109654,4600000353,190,23-08-26,101,HRC,COIL,11513:2017,BIS,HR2,72083990,N,7.453,58132042,MATCHED
2000,R_HR>3MM_CO,Hot Rolled Black Coil 3mm & Above,26HJ0926R0,27.365,2001,3,1250,0011000144,JSW Vijayanagar Metallics Limited,26322964,5000109655,4600000353,150,23-08-26,101,HRC,COIL,11513:2017,BIS,cr2,72083890,N,7.453,63501023,MATCHED
2000,R_HR>3MM_CO,Hot Rolled Black Coil 3mm & Above,26HJ0927R0,27.44,2001,3.6,1265,0011000144,JSW Vijayanagar Metallics Limited,26322658,5000109656,4600000353,100,23-08-26,101,HRC,COIL,11513:2017,BIS,cr3,72083890,N,7.453,89982923,MATCHED
2000,R_HR>3MM_CO,Hot Rolled Black Coil 3mm & Above,26HJ0928R0,27.415,2001,3,1260,0011000144,JSW Vijayanagar Metallics Limited,26322482,5000109657,4600000353,90,23-08-26,101,HRC,COIL,11513:2017,BIS,cr3,72083890,N,7.453,54342035,MATCHED
2000,R_HR>3MM_CO,Hot Rolled Black Coil 3mm & Above,26HJ0930R0,27.445,2001,3,1250,0011000144,JSW Vijayanagar Metallics Limited,26323049,5000109663,4600000353,150,23-08-26,101,HRC,COIL,11513:2017,BIS,cr2,72083890,N,7.453,52282448,MATCHED
2000,R_HR>3MM_CO,Hot Rolled Black Coil 3mm & Above,26HJ0931R0,27.53,2001,3,1280,0011000144,JSW Vijayanagar Metallics Limited,26322710,5000109665,4600000353,240,28-08-26,101,HRC,COIL,11513:2017,BIS,cr2,72083890,N,7.453,24919948,MATCHED
2000,R_HR>3MM_CO,Hot Rolled Black Coil 3mm & Above,26HJ0932R0,27.385,2001,3.6,1265,0011000144,JSW Vijayanagar Metallics Limited,26322652,5000109666,4600000353,100,23-08-26,101,HRC,COIL,11513:2017,BIS,cr3,72083890,N,7.453,21613588,MATCHED
2000,R_HR>3MM_CO,Hot Rolled Black Coil 3mm & Above,26HJ0933R0,27.34,2001,3,1250,0011000144,JSW Vijayanagar Metallics Limited,26323050,5000109669,4600000353,150,23-08-26,101,HRC,COIL,11513:2017,BIS,cr2,72083890,N,7.453,83934422,MATCHED
2000,R_HR_CO,Hot Rolled Black Coil,26HJ0934R0,20.955,2001,2,1250,0011000144,JSW Vijayanagar Metallics Limited,26318350,5000109670,4600000353,190,23-08-26,101,HRC,COIL,11513:2017,BIS,HR2,72083990,N,7.453,67000612,MATCHED
2000,R_HR_CO,Hot Rolled Black Coil,26HJ0935R0,21.04,2001,2,1250,0011000144,JSW Vijayanagar Metallics Limited,26321911,5000109672,4600000353,190,23-08-26,101,HRC,COIL,11513:2017,BIS,HR2,72083990,N,7.453,95723508,MATCHED
2000,R_HR>3MM_CO,Hot Rolled Black Coil 3mm & Above,26HJ0936R0,27.92,2001,3,1260,0011000144,JSW Vijayanagar Metallics Limited,26322833,5000109673,4600000353,90,23-08-26,101,HRC,COIL,11513:2017,BIS,cr3,72083890,N,7.453,37054185,MATCHED
2000,R_HR>3MM_CO,Hot Rolled Black Coil 3mm & Above,26HJ0937R0,27.43,2001,3,1260,0011000144,JSW Vijayanagar Metallics Limited,26322659,5000109674,4600000353,90,23-08-26,101,HRC,COIL,11513:2017,BIS,cr3,72083890,N,7.453,18613286,MATCHED
2000,R_HR>3MM_CO,Hot Rolled Black Coil 3mm & Above,26HJ0938R0,27.52,2001,3,1500,0011000144,JSW Vijayanagar Metallics Limited,26322444,5000109675,4600000353,110,23-08-26,101,HRC,COIL,11513:2017,BIS,cr3,72083890,N,7.453,55604624,MATCHED
2000,R_HR_CO,Hot Rolled Black Coil,26HJ0939R0,21.015,RC01,2.5,1250,0011000144,JSW Vijayanagar Metallics Limited,26318343,5000109700,4600000353,200,23-08-26,101,HRC,COIL,11513:2017,BIS,HR2,72083990,N,7.453,11634350,MATCHED
2000,R_HR>3MM_CO,Hot Rolled Black Coil 3mm & Above,26HJ0940R0,27.495,2001,3,1250,0011000144,JSW Vijayanagar Metallics Limited,26315004,5000109714,4600000353,150,23-08-26,101,HRC,COIL,11513:2017,BIS,cr2,72083890,N,7.453,93396409,MATCHED
2000,R_HR_CO,Hot Rolled Black Coil,26HJ0941R0,20.955,2001,2,1250,0011000144,JSW Vijayanagar Metallics Limited,26318347,5000109717,4600000353,190,23-08-26,101,HRC,COIL,11513:2017,BIS,HR2,72083990,N,7.453,15951150,MATCHED
2000,R_HR>3MM_CO,Hot Rolled Black Coil 3mm & Above,26HJ0942R0,27.43,2001,3,1250,0011000144,JSW Vijayanagar Metallics Limited,26323051,5000109721,4600000353,220,23-08-26,101,HRC,COIL,11513:2017,BIS,cr2,72083890,N,7.453,90910513,MATCHED
2000,R_HR_CO,Hot Rolled Black Coil,26HJ0943R0,27.395,2001,2.5,1230,0011000144,JSW Vijayanagar Metallics Limited,26322502,5000109729,4600000353,30,23-08-26,101,HRC,COIL,11513:2017,BIS,cr3,72083990,N,7.453,55461465,MATCHED
2000,R_HR_CO,Hot Rolled Black Coil,26HJ0944R0,27.835,2001,2.5,1230,0011000144,JSW Vijayanagar Metallics Limited,26322505,5000109735,4600000353,30,23-08-26,101,HRC,COIL,11513:2017,BIS,cr3,72083990,N,7.453,12637747,MATCHED
2000,R_HR_CO,Hot Rolled Black Coil,26HJ0945R0,27.475,2001,2.5,1230,0011000144,JSW Vijayanagar Metallics Limited,26322507,5000109736,4600000353,30,23-08-26,101,HRC,COIL,11513:2017,BIS,cr3,72083990,N,7.453,97060381,MATCHED
2000,R_HR_CO,Hot Rolled Black Coil,26HJ0946R0,27.575,2001,2.5,1230,0011000144,JSW Vijayanagar Metallics Limited,26322501,5000109737,4600000353,30,23-08-26,101,HRC,COIL,11513:2017,BIS,cr3,72083990,N,7.453,47286063,MATCHED
2000,R_HR>3MM_CO,Hot Rolled Black Coil 3mm & Above,26HJ0947R0,25.725,2001,3.6,1265,0011000144,JSW Vijayanagar Metallics Limited,26317487,5000109742,4600000353,100,23-08-26,101,HRC,COIL,11513:2017,BIS,cr3,72083890,N,7.453,62802279,MATCHED
2000,R_HR>3MM_CO,Hot Rolled Black Coil 3mm & Above,26HJ0948R0,27.27,2001,3,1500,0011000144,JSW Vijayanagar Metallics Limited,26322449,5000109743,4600000353,110,23-08-26,101,HRC,COIL,11513:2017,BIS,cr3,72083890,N,7.453,58332970,MATCHED
2000,R_HR>3MM_CO,Hot Rolled Black Coil 3mm & Above,26HJ0949R0,27.32,2001,3,1250,0011000144,JSW Vijayanagar Metallics Limited,26322966,5000109746,4600000353,150,23-08-26,101,HRC,COIL,11513:2017,BIS,cr2,72083890,N,7.453,30330798,MATCHED
2000,R_HR>3MM_CO,Hot Rolled Black Coil 3mm & Above,26HJ0950R0,27.48,2001,3,1280,0011000144,JSW Vijayanagar Metallics Limited,26322711,5000109747,4600000353,240,28-08-26,101,HRC,COIL,11513:2017,BIS,cr2,72083890,N,7.453,91702522,MATCHED
2000,R_HR>3MM_CO,Hot Rolled Black Coil 3mm & Above,26HJ0951R0,22.375,2001,3,1250,0011000144,JSW Vijayanagar Metallics Limited,26314992,5000109748,4600000353,150,23-08-26,101,HRC,COIL,11513:2017,BIS,cr2,72083890,N,7.453,73971809,MATCHED
2000,R_HR>3MM_CO,Hot Rolled Black Coil 3mm & Above,26HJ0952R0,21.55,2001,3.6,1265,0011000144,JSW Vijayanagar Metallics Limited,26315153,5000109749,4600000353,100,23-08-26,101,HRC,COIL,11513:2017,BIS,cr3,72083890,N,7.453,44263154,MATCHED
2000,R_HR>3MM_CO,Hot Rolled Black Coil 3mm & Above,26HJ0953R0,25.875,2001,3,1250,0011000144,JSW Vijayanagar Metallics Limited,26315090,5000109750,4600000353,150,23-08-26,101,HRC,COIL,11513:2017,BIS,cr2,72083890,N,7.453,59171063,MATCHED
2000,R_HR>3MM_CO,Hot Rolled Black Coil 3mm & Above,26HJ0954R0,27.365,2001,3,1260,0011000144,JSW Vijayanagar Metallics Limited,26315647,5000109751,4600000353,90,23-08-26,101,HRC,COIL,11513:2017,BIS,cr3,72083890,N,7.453,93587618,MATCHED
2000,R_HR_CO,Hot Rolled Black Coil,26HJ0955R0,21.005,2001,2.5,1250,0011000144,JSW Vijayanagar Metallics Limited,26318336,5000109752,4600000353,200,23-08-26,101,HRC,COIL,11513:2017,BIS,HR2,72083990,N,7.453,88274401,MATCHED
2000,R_HR>3MM_CO,Hot Rolled Black Coil 3mm & Above,26HJ0956R0,27.83,2001,3,1500,0011000144,JSW Vijayanagar Metallics Limited,26322447,5000109753,4600000353,110,23-08-26,101,HRC,COIL,11513:2017,BIS,cr3,72083890,N,7.453,52857422,MATCHED
2000,R_HR_CO,Hot Rolled Black Coil,26HT0005R0,28.63,2001,2.2,1230,0011000082,TATA STEEL LTD,268633057,5000106883,4600000334,20,28-07-26,101,HRC,COIL,11513:2017,BIS,cr3,72083990,N,7.453,80334464,MATCHED
2000,R_HR_CO,Hot Rolled Black Coil,26HT0006R0,28.8,2001,2.5,1230,0011000082,TATA STEEL LTD,268633084,5000106884,4600000334,10,28-07-26,101,HRC,COIL,11513:2017,BIS,cr3,72083990,N,7.453,10524994,MATCHED
2000,R_HR_CO,Hot Rolled Black Coil,26HT0064R0,25.49,2001,2,1235,0011000082,TATA STEEL LTD,268649097,5000106953,4600000334,30,28-07-26,101,HRC,COIL,11513:2017,BIS,cr3,72083990,N,7.453,55632405,MATCHED
2000,R_HR_CO,Hot Rolled Black Coil,26HT0065R0,25.44,2001,2,1235,0011000082,TATA STEEL LTD,268650095,5000106954,4600000334,30,28-07-26,101,HRC,COIL,11513:2017,BIS,cr3,72083990,N,7.453,31924359,MATCHED
2000,R_HR_CO,Hot Rolled Black Coil,26HT0070R0,25.51,2001,2,1235,0011000082,TATA STEEL LTD,268649096,5000106967,4600000334,30,28-07-26,101,HRC,COIL,11513:2017,BIS,cr3,72083990,N,7.453,54566949,MATCHED
2000,R_HR_CO,Hot Rolled Black Coil,26HT0110R0,25.02,2001,2,1235,0011000082,TATA STEEL LTD,268650092,5000107055,4600000334,30,28-07-26,101,HRC,COIL,11513:2017,BIS,cr3,72083990,N,7.453,96815691,MATCHED
2000,R_HR_CO,Hot Rolled Black Coil,26HT0127R0,27.29,2001,2.5,1230,0011000082,TATA STEEL LTD,268651092,5000107087,4600000334,10,28-07-26,101,HRC,COIL,11513:2017,BIS,cr3,72083990,N,7.453,31110516,MATCHED
2000,R_HR_CO,Hot Rolled Black Coil,26HT0128R0,25.43,2001,2,1235,0011000082,TATA STEEL LTD,268650089,5000107088,4600000334,30,28-07-26,101,HRC,COIL,11513:2017,BIS,cr3,72083990,N,7.453,54342053,MATCHED
2000,R_HR_CO,Hot Rolled Black Coil,26HT0129R0,25.5,2001,2,1235,0011000082,TATA STEEL LTD,268650091,5000107091,4600000334,30,28-07-26,101,HRC,COIL,11513:2017,BIS,cr3,72083990,N,7.453,74125806,MATCHED
2000,R_HR_CO,Hot Rolled Black Coil,26HT0130R0,25.5,2001,2.5,1230,0011000082,TATA STEEL LTD,268650084,5000107092,4600000334,10,28-07-26,101,HRC,COIL,11513:2017,BIS,cr3,72083990,N,7.453,89236875,MATCHED
2000,R_HR_CO,Hot Rolled Black Coil,26HT0131R0,25.4,2001,2.5,1230,0011000082,TATA STEEL LTD,268650085,5000107093,4600000334,10,28-07-26,101,HRC,COIL,11513:2017,BIS,cr3,72083990,N,7.453,92300576,MATCHED
2000,R_HR_CO,Hot Rolled Black Coil,26HT0132R0,25.44,2001,2,1235,0011000082,TATA STEEL LTD,268650098,5000107094,4600000334,30,28-07-26,101,HRC,COIL,11513:2017,BIS,cr3,72083990,N,7.453,58763077,MATCHED
2000,R_HR_CO,Hot Rolled Black Coil,26HT0133R0,25.34,2001,2,1235,0011000082,TATA STEEL LTD,268650090,5000107097,4600000334,30,28-07-26,101,HRC,COIL,11513:2017,BIS,cr3,72083990,N,7.453,85081075,MATCHED
2000,R_HR_CO,Hot Rolled Black Coil,26HT0134R0,25.37,2001,2,1235,0011000082,TATA STEEL LTD,268650093,5000107100,4600000334,30,28-07-26,101,HRC,COIL,11513:2017,BIS,cr3,72083990,N,7.453,99525550,MATCHED
2000,R_HR_CO,Hot Rolled Black Coil,26HT0135R0,25.51,2001,2.5,1230,0011000082,TATA STEEL LTD,268650087,5000107101,4600000334,10,28-07-26,101,HRC,COIL,11513:2017,BIS,cr3,72083990,N,7.453,79191235,MATCHED
2000,R_HR_CO,Hot Rolled Black Coil,26HT0136R0,24.22,2001,2.5,1230,0011000082,TATA STEEL LTD,268623089,5000107241,4600000334,10,28-07-26,101,HRC,COIL,11513:2017,BIS,cr3,72083990,N,7.453,90887543,MATCHED
2000,R_HR_CO,Hot Rolled Black Coil,26HT0137R0,24.89,2001,2.5,1230,0011000082,TATA STEEL LTD,268623084,5000107272,4600000334,10,28-07-26,101,HRC,COIL,11513:2017,BIS,cr3,72083990,N,7.453,54537569,MATCHED
2000,R_HR_CO,Hot Rolled Black Coil,26HT0138R0,28.63,2001,2.5,1230,0011000082,TATA STEEL LTD,268630092,5000107273,4600000334,20,28-07-26,101,HRC,COIL,11513:2017,BIS,cr3,72083990,N,7.453,55254389,MATCHED
2000,R_HR_CO,Hot Rolled Black Coil,26HT0139R0,28.83,2001,2.2,1230,0011000082,TATA STEEL LTD,268630109,5000107274,4600000334,20,28-07-26,101,HRC,COIL,11513:2017,BIS,cr3,72083990,N,7.453,80620620,MATCHED
2000,R_HR_CO,Hot Rolled Black Coil,26HT0140R0,28.67,2001,2.2,1230,0011000082,TATA STEEL LTD,268630112,5000107275,4600000334,20,28-07-26,101,HRC,COIL,11513:2017,BIS,cr3,72083990,N,7.453,23881978,MATCHED
2000,R_HR_CO,Hot Rolled Black Coil,26HT0141R0,28.69,2001,2.2,1230,0011000082,TATA STEEL LTD,268630108,5000107278,4600000334,10,28-07-26,101,HRC,COIL,11513:2017,BIS,cr3,72083990,N,7.453,77636840,MATCHED
2000,R_HR_CO,Hot Rolled Black Coil,26HT0142R0,28.6,2001,2.5,1230,0011000082,TATA STEEL LTD,268630106,5000107280,4600000334,10,28-07-26,101,HRC,COIL,11513:2017,BIS,cr3,72083990,N,7.453,56527027,MATCHED
2000,R_HR_CO,Hot Rolled Black Coil,26HT0143R0,28.78,2001,2,1235,0011000082,TATA STEEL LTD,268630103,5000107282,4600000334,30,28-07-26,101,HRC,COIL,11513:2017,BIS,cr3,72083990,N,7.453,31391944,MATCHED
2000,R_HR_CO,Hot Rolled Black Coil,26HT0144R0,28.58,2001,2.2,1230,0011000082,TATA STEEL LTD,268630113,5000107287,4600000334,20,28-07-26,101,HRC,COIL,11513:2017,BIS,cr3,72083990,N,7.453,46294291,MATCHED
2000,R_HR_CO,Hot Rolled Black Coil,26HT0145R0,28.71,2001,2.2,1230,0011000082,TATA STEEL LTD,268630102,5000107290,4600000334,20,28-07-26,101,HRC,COIL,11513:2017,BIS,cr3,72083990,N,7.453,57366026,MATCHED
2000,R_HR_CO,Hot Rolled Black Coil,26HT0146R0,28.66,2001,2.2,1230,0011000082,TATA STEEL LTD,268630115,5000107293,4600000334,20,28-07-26,101,HRC,COIL,11513:2017,BIS,cr3,72083990,N,7.453,93894114,MATCHED
2000,R_HR_CO,Hot Rolled Black Coil,26HT0147R0,28.7,2001,2,1235,0011000082,TATA STEEL LTD,268630104,5000107294,4600000334,30,28-07-26,101,HRC,COIL,11513:2017,BIS,cr3,72083990,N,7.453,84107501,MATCHED
2000,R_HR_CO,Hot Rolled Black Coil,26HT0148R0,25.47,2001,2,1235,0011000082,TATA STEEL LTD,268648053,5000107296,4600000334,30,28-07-26,101,HRC,COIL,11513:2017,BIS,cr3,72083990,N,7.453,13489290,MATCHED
2000,R_HR_CO,Hot Rolled Black Coil,26HT0149R0,28.66,2001,2.2,1230,0011000082,TATA STEEL LTD,268630117,5000107301,4600000334,20,28-07-26,101,HRC,COIL,11513:2017,BIS,cr3,72083990,N,7.453,69246827,MATCHED
2000,R_HR_CO,Hot Rolled Black Coil,26HT0150R0,24.67,2001,2.5,1230,0011000082,TATA STEEL LTD,268629086,5000107304,4600000334,10,28-07-26,101,HRC,COIL,11513:2017,BIS,cr3,72083990,N,7.453,16225489,MATCHED
2000,R_HR_CO,Hot Rolled Black Coil,26HT0151R0,24.9,2001,2.2,1230,0011000082,TATA STEEL LTD,268629073,5000107307,4600000334,10,28-07-26,101,HRC,COIL,11513:2017,BIS,cr3,72083990,N,7.453,61407632,MATCHED
2000,R_HR_CO,Hot Rolled Black Coil,26HT0152R0,25.52,2001,2.2,1230,0011000082,TATA STEEL LTD,268648052,5000107308,4600000334,30,28-07-26,101,HRC,COIL,11513:2017,BIS,cr3,72083990,N,7.453,83523076,MATCHED
2000,R_HR_CO,Hot Rolled Black Coil,26HT0153R0,24.67,2001,2.5,1230,0011000082,TATA STEEL LTD,268623088,5000107312,4600000334,10,28-07-26,101,HRC,COIL,11513:2017,BIS,cr3,72083990,N,7.453,26920480,MATCHED
2000,R_HR_CO,Hot Rolled Black Coil,26HT0154R0,25.35,2001,2,1235,0011000082,TATA STEEL LTD,268648059,5000107316,4600000334,30,28-07-26,101,HRC,COIL,11513:2017,BIS,cr3,72083990,N,7.453,31392635,MATCHED
2000,R_HR_CO,Hot Rolled Black Coil,26HT0155R0,25.3,2001,2,1235,0011000082,TATA STEEL LTD,268648057,5000107317,4600000334,30,28-07-26,101,HRC,COIL,11513:2017,BIS,cr3,72083990,N,7.453,85274511,MATCHED
2000,R_HR_CO,Hot Rolled Black Coil,26HT0156R0,27.98,2001,2.2,1230,0011000082,TATA STEEL LTD,268630114B,5000107318,4600000334,20,28-07-26,101,HRC,COIL,11513:2017,BIS,cr3,72083990,N,7.453,17633427,MATCHED
2000,R_HR_CO,Hot Rolled Black Coil,26HT0157R0,25.49,2001,2,1235,0011000082,TATA STEEL LTD,268648050,5000107320,4600000334,30,28-07-26,101,HRC,COIL,11513:2017,BIS,cr3,72083990,N,7.453,27074029,MATCHED
2000,R_HR_CO,Hot Rolled Black Coil,26HT0158R0,25.28,2001,2.5,1230,0011000082,TATA STEEL LTD,268648041,5000107323,4600000334,10,28-07-26,101,HRC,COIL,11513:2017,BIS,cr3,72083990,N,7.453,20077586,MATCHED
2000,R_HR_CO,Hot Rolled Black Coil,26HT0159R0,25.37,2001,2.5,1230,0011000082,TATA STEEL LTD,268648040,5000107325,4600000334,10,28-07-26,101,HRC,COIL,11513:2017,BIS,cr3,72083990,N,7.453,28545596,MATCHED
2000,R_HR_CO,Hot Rolled Black Coil,26HT0160R0,25.57,2001,2,1235,0011000082,TATA STEEL LTD,268648051,5000107327,4600000334,30,28-07-26,101,HRC,COIL,11513:2017,BIS,cr3,72083990,N,7.453,93046447,MATCHED
2000,R_HR_CO,Hot Rolled Black Coil,26HT0161R0,25.36,2001,2,1235,0011000082,TATA STEEL LTD,268648060,5000107330,4600000334,30,28-07-26,101,HRC,COIL,11513:2017,BIS,cr3,72083990,N,7.453,74119279,MATCHED
2000,R_HR_CO,Hot Rolled Black Coil,26HT0162R0,25.39,2001,2,1235,0011000082,TATA STEEL LTD,268648062,5000107335,4600000334,30,28-07-26,101,HRC,COIL,11513:2017,BIS,cr3,72083990,N,7.453,56902572,MATCHED
2000,R_HR_CO,Hot Rolled Black Coil,26HT0163R0,25.37,2001,2,1235,0011000082,TATA STEEL LTD,268648061,5000107336,4600000334,30,28-07-26,101,HRC,COIL,11513:2017,BIS,cr3,72083990,N,7.453,37503553,MATCHED
2000,R_HR_CO,Hot Rolled Black Coil,26HT0164R0,25.44,2001,2,1235,0011000082,TATA STEEL LTD,268648064,5000107337,4600000334,30,28-07-26,101,HRC,COIL,11513:2017,BIS,cr3,72083990,N,7.453,23409778,MATCHED
2000,R_HR_CO,Hot Rolled Black Coil,26HT0165R0,25.44,2001,2,1235,0011000082,TATA STEEL LTD,268648063,5000107338,4600000334,30,28-07-26,101,HRC,COIL,11513:2017,BIS,cr3,72083990,N,7.453,90435064,MATCHED
2000,R_HR_CO,Hot Rolled Black Coil,26HT0166R0,25.41,2001,2,1235,0011000082,TATA STEEL LTD,268648056,5000107339,4600000334,30,28-07-26,101,HRC,COIL,11513:2017,BIS,cr3,72083990,N,7.453,56464142,MATCHED
2000,R_HR_CO,Hot Rolled Black Coil,26HT0167R0,24.83,2001,2.5,1230,0011000082,TATA STEEL LTD,268624069,5000107340,4600000334,10,28-07-26,101,HRC,COIL,11513:2017,BIS,cr3,72083990,N,7.453,38018621,MATCHED
2000,R_HR_CO,Hot Rolled Black Coil,26HT0168R0,25.53,2001,2,1235,0011000082,TATA STEEL LTD,268648054,5000107341,4600000334,30,28-07-26,101,HRC,COIL,11513:2017,BIS,cr3,72083990,N,7.453,90403285,MATCHED
2000,R_HR_CO,Hot Rolled Black Coil,26HT0169R0,28.85,2001,2.5,1230,0011000082,TATA STEEL LTD,268633048,5000107343,4600000334,10,28-07-26,101,HRC,COIL,11513:2017,BIS,cr3,72083990,N,7.453,63791216,MATCHED
2000,R_HR_CO,Hot Rolled Black Coil,26HT0170R0,28.75,2001,2.2,1230,0011000082,TATA STEEL LTD,268633049,5000107344,4600000334,20,28-07-26,101,HRC,COIL,11513:2017,BIS,cr3,72083990,N,7.453,14394820,MATCHED
2000,R_HR_CO,Hot Rolled Black Coil,26HT0171R0,28.7,2001,2.2,1230,0011000082,TATA STEEL LTD,268633051,5000107345,4600000334,20,28-07-26,101,HRC,COIL,11513:2017,BIS,cr3,72083990,N,7.453,78554743,MATCHED
2000,R_HR_CO,Hot Rolled Black Coil,26HT0172R0,28.71,2001,2.5,1230,0011000082,TATA STEEL LTD,268633046,5000107346,4600000334,10,28-07-26,101,HRC,COIL,11513:2017,BIS,cr3,72083990,N,7.453,79551353,MATCHED
2000,R_HR_CO,Hot Rolled Black Coil,26HT0173R0,28.72,2001,2.2,1230,0011000082,TATA STEEL LTD,268633054,5000107347,4600000334,20,28-07-26,101,HRC,COIL,11513:2017,BIS,cr3,72083990,N,7.453,91781336,MATCHED
2000,R_HR_CO,Hot Rolled Black Coil,26HT0174R0,28.76,2001,2.5,1230,0011000082,TATA STEEL LTD,268633047,5000107354,4600000334,10,28-07-26,101,HRC,COIL,11513:2017,BIS,cr3,72083990,N,7.453,79581594,MATCHED
2000,R_HR_CO,Hot Rolled Black Coil,26HT0175R0,28.66,2001,2.2,1230,0011000082,TATA STEEL LTD,268633056,5000107355,4600000334,20,28-07-26,101,HRC,COIL,11513:2017,BIS,cr3,72083990,N,7.453,96999946,MATCHED
2000,R_HR_CO,Hot Rolled Black Coil,26HT0176R0,27.89,2001,2.5,1230,0011000082,TATA STEEL LTD,268625047,5000107358,4600000334,10,28-07-26,101,HRC,COIL,11513:2017,BIS,cr3,72083990,N,7.453,86005398,MATCHED
2000,R_HR_CO,Hot Rolled Black Coil,26HT0177R0,27.9,2001,2.2,1230,0011000082,TATA STEEL LTD,268630111,5000107359,4600000334,20,28-07-26,101,HRC,COIL,11513:2017,BIS,cr3,72083990,N,7.453,14037288,MATCHED
2000,R_HR_CO,Hot Rolled Black Coil,26HT0178R0,28.67,2001,2.2,1230,0011000082,TATA STEEL LTD,268633050,5000107364,4600000334,20,28-07-26,101,HRC,COIL,11513:2017,BIS,cr3,72083990,N,7.453,64330569,MATCHED
2000,R_HR_CO,Hot Rolled Black Coil,26HT0179R0,25.51,2001,2.5,1230,0011000082,TATA STEEL LTD,268655103,5000107365,4600000334,10,28-07-26,101,HRC,COIL,11513:2017,BIS,cr3,72083990,N,7.453,61449733,MATCHED
2000,R_HR_CO,Hot Rolled Black Coil,26HT0180R0,25.6,2001,2.5,1230,0011000082,TATA STEEL LTD,268649092,5000107366,4600000334,10,28-07-26,101,HRC,COIL,11513:2017,BIS,cr3,72083990,N,7.453,76133714,MATCHED
2000,R_HR_CO,Hot Rolled Black Coil,26HT0181R0,25.33,2001,2,1235,0011000082,TATA STEEL LTD,268649100,5000107369,4600000334,30,28-07-26,101,HRC,COIL,11513:2017,BIS,cr3,72083990,N,7.453,57341425,MATCHED
2000,R_HR_CO,Hot Rolled Black Coil,26HT0182R0,28.68,2001,2.2,1230,0011000082,TATA STEEL LTD,268633055,5000107371,4600000334,20,28-07-26,101,HRC,COIL,11513:2017,BIS,cr3,72083990,N,7.453,88794802,MATCHED
2000,R_HR_CO,Hot Rolled Black Coil,26HT0183R0,28.69,2001,2.2,1230,0011000082,TATA STEEL LTD,268633052,5000107372,4600000334,20,28-07-26,101,HRC,COIL,11513:2017,BIS,cr3,72083990,N,7.453,97760433,MATCHED
2000,R_HR_CO,Hot Rolled Black Coil,26HT0184R0,28.29,2001,2.5,1230,0011000082,TATA STEEL LTD,268625046,5000107373,4600000334,10,28-07-26,101,HRC,COIL,11513:2017,BIS,cr3,72083990,N,7.453,71911438,MATCHED
2000,R_HR_CO,Hot Rolled Black Coil,26HT0185R0,28.72,2001,2.2,1230,0011000082,TATA STEEL LTD,268630098,5000107374,4600000334,20,28-07-26,101,HRC,COIL,11513:2017,BIS,cr3,72083990,N,7.453,74381833,MATCHED
2000,R_HR_CO,Hot Rolled Black Coil,26HT0186R0,24.56,2001,2.5,1230,0011000082,TATA STEEL LTD,268623087,5000107375,4600000334,10,28-07-26,101,HRC,COIL,11513:2017,BIS,cr3,72083990,N,7.453,74022756,MATCHED
2000,R_HR_CO,Hot Rolled Black Coil,26HT0187R0,28.71,2001,2.2,1230,0011000082,TATA STEEL LTD,268630094,5000107376,4600000334,20,28-07-26,101,HRC,COIL,11513:2017,BIS,cr3,72083990,N,7.453,31742923,MATCHED
2000,R_HR_CO,Hot Rolled Black Coil,26HT0188R0,24.79,2001,2.5,1230,0011000082,TATA STEEL LTD,268623085,5000107377,4600000334,10,28-07-26,101,HRC,COIL,11513:2017,BIS,cr3,72083990,N,7.453,73749715,MATCHED
2000,R_HR_CO,Hot Rolled Black Coil,26HT0189R0,28.67,2001,2.2,1230,0011000082,TATA STEEL LTD,268630093,5000107380,4600000334,20,28-07-26,101,HRC,COIL,11513:2017,BIS,cr3,72083990,N,7.453,61133546,MATCHED
2000,R_HR_CO,Hot Rolled Black Coil,26HT0190R0,28.6,2001,2.2,1230,0011000082,TATA STEEL LTD,268630116,5000107382,4600000334,20,28-07-26,101,HRC,COIL,11513:2017,BIS,cr3,72083990,N,7.453,75028497,MATCHED
2000,R_HR_CO,Hot Rolled Black Coil,26HT0191R0,24.52,2001,2.5,1230,0011000082,TATA STEEL LTD,268655102,5000107384,4600000334,10,28-07-26,101,HRC,COIL,11513:2017,BIS,cr3,72083990,N,7.453,83153637,MATCHED
2000,R_HR_CO,Hot Rolled Black Coil,26HT0192R0,23.83,2001,2.5,1230,0011000082,TATA STEEL LTD,268624088,5000107387,4600000334,10,28-07-26,101,HRC,COIL,11513:2017,BIS,cr3,72083990,N,7.453,59882729,MATCHED
2000,R_HR_CO,Hot Rolled Black Coil,26HT0193R0,25.52,2001,2,1235,0011000082,TATA STEEL LTD,268649102,5000107388,4600000334,30,28-07-26,101,HRC,COIL,11513:2017,BIS,cr3,72083990,N,7.453,54906262,MATCHED
2000,R_HR_CO,Hot Rolled Black Coil,26HT0194R0,28.66,2001,2.5,1230,0011000082,TATA STEEL LTD,268620091,5000107392,4600000334,10,28-07-26,101,HRC,COIL,11513:2017,BIS,cr3,72083990,N,7.453,79637710,MATCHED
2000,R_HR_CO,Hot Rolled Black Coil,26HT0195R0,28.7,2001,2.5,1230,0011000082,TATA STEEL LTD,268630090,5000107395,4600000334,10,28-07-26,101,HRC,COIL,11513:2017,BIS,cr3,72083990,N,7.453,55461996,MATCHED
2000,R_HR_CO,Hot Rolled Black Coil,26HT0196R0,28.24,2001,2.2,1230,0011000082,TATA STEEL LTD,268630121,5000107398,4600000334,20,28-07-26,101,HRC,COIL,11513:2017,BIS,cr3,72083990,N,7.453,10442505,MATCHED
2000,R_HR_CO,Hot Rolled Black Coil,26HT0197R0,25.39,2001,2,1235,0011000082,TATA STEEL LTD,268650096,5000107404,4600000334,30,28-07-26,101,HRC,COIL,11513:2017,BIS,cr3,72083990,N,7.453,67265200,MATCHED
2000,R_HR_CO,Hot Rolled Black Coil,26HT0198R0,27.69,2001,2.2,1230,0011000082,TATA STEEL LTD,268630118,5000107406,4600000334,20,28-07-26,101,HRC,COIL,11513:2017,BIS,cr3,72083990,N,7.453,66848952,MATCHED
2000,R_HR_CO,Hot Rolled Black Coil,26HT0199R0,25.41,2001,2,1235,0011000082,TATA STEEL LTD,268650094,5000107413,4600000334,30,28-07-26,101,HRC,COIL,11513:2017,BIS,cr3,72083990,N,7.453,40101779,MATCHED
2000,R_HR_CO,Hot Rolled Black Coil,26HT0200R0,25.51,2001,2,1235,0011000082,TATA STEEL LTD,268648055,5000107416,4600000334,30,28-07-26,101,HRC,COIL,11513:2017,BIS,cr3,72083990,N,7.453,77111819,MATCHED
2000,R_HR_CO,Hot Rolled Black Coil,26HT0201R0,25.54,2001,2,1235,0011000082,TATA STEEL LTD,268649103,5000107418,4600000334,30,28-07-26,101,HRC,COIL,11513:2017,BIS,cr3,72083990,N,7.453,42266596,MATCHED
2000,R_HR_CO,Hot Rolled Black Coil,26HT0202R0,28.65,2001,2.2,1230,0011000082,TATA STEEL LTD,268630100,5000107420,4600000334,20,28-07-26,101,HRC,COIL,11513:2017,BIS,cr3,72083990,N,7.453,47785833,MATCHED
2000,R_HR_CO,Hot Rolled Black Coil,26HT0203R0,28.67,2001,2.2,1230,0011000082,TATA STEEL LTD,268630096,5000107421,4600000334,20,28-07-26,101,HRC,COIL,11513:2017,BIS,cr3,72083990,N,7.453,31862943,MATCHED
2000,R_HR_CO,Hot Rolled Black Coil,26HT0204R0,25.55,2001,2,1235,0011000082,TATA STEEL LTD,268649104,5000107423,4600000334,30,28-07-26,101,HRC,COIL,11513:2017,BIS,cr3,72083990,N,7.453,38464046,MATCHED
2000,R_HR_CO,Hot Rolled Black Coil,26HT0205R0,25.46,2001,2,1235,0011000082,TATA STEEL LTD,268649098,5000107424,4600000334,30,28-07-26,101,HRC,COIL,11513:2017,BIS,cr3,72083990,N,7.453,83261892,MATCHED
2000,R_HR_CO,Hot Rolled Black Coil,26HT0206R0,28.54,2001,2.2,1230,0011000082,TATA STEEL LTD,268630122,5000107425,4600000334,20,28-07-26,101,HRC,COIL,11513:2017,BIS,cr3,72083990,N,7.453,47978208,MATCHED
2000,R_HR_CO,Hot Rolled Black Coil,26HT0207R0,28.68,2001,2.2,1230,0011000082,TATA STEEL LTD,268630101,5000107428,4600000334,20,28-07-26,101,HRC,COIL,11513:2017,BIS,cr3,72083990,N,7.453,43026469,MATCHED
2000,R_HR_CO,Hot Rolled Black Coil,26HT0208R0,27.93,2001,2.2,1230,0011000082,TATA STEEL LTD,268630119,5000107429,4600000334,20,28-07-26,101,HRC,COIL,11513:2017,BIS,cr3,72083990,N,7.453,98692466,MATCHED
2000,R_HR_CO,Hot Rolled Black Coil,26HT0209R0,27.56,2001,2.2,1230,0011000082,TATA STEEL LTD,268630120,5000107434,4600000334,20,28-07-26,101,HRC,COIL,11513:2017,BIS,cr3,72083990,N,7.453,36843496,MATCHED
2000,R_HR_CO,Hot Rolled Black Coil,26HT0210R0,25.33,2001,2.5,1230,0011000082,TATA STEEL LTD,268648039,5000107441,4600000334,10,28-07-26,101,HRC,COIL,11513:2017,BIS,cr3,72083990,N,7.453,94773443,MATCHED
2000,R_HR_CO,Hot Rolled Black Coil,26HT0211R0,25.42,2001,2,1235,0011000082,TATA STEEL LTD,268650097,5000107445,4600000334,30,28-07-26,101,HRC,COIL,11513:2017,BIS,cr3,72083990,N,7.453,31946240,MATCHED
2000,R_HR_CO,Hot Rolled Black Coil,26HT0212R0,28.67,2001,2.2,1230,0011000082,TATA STEEL LTD,268633053,5000107447,4600000334,20,28-07-26,101,HRC,COIL,11513:2017,BIS,cr3,72083990,N,7.453,99578935,MATCHED
2000,R_HR_CO,Hot Rolled Black Coil,26HT0213R0,25.45,2001,2,1235,0011000082,TATA STEEL LTD,268649101,5000107583,4600000334,30,28-07-26,101,HRC,COIL,11513:2017,BIS,cr3,72083990,N,7.453,24822742,MATCHED
2000,R_HR_CO,Hot Rolled Black Coil,26HT0214R0,28.84,2001,2.2,1230,0011000082,TATA STEEL LTD,268630110,5000107584,4600000334,20,28-07-26,101,HRC,COIL,11513:2017,BIS,cr3,72083990,N,7.453,95555880,MATCHED
2000,R_HR_CO,Hot Rolled Black Coil,26HT0215R0,25.35,2001,2,1235,0011000082,TATA STEEL LTD,268649099,5000107586,4600000334,30,28-07-26,101,HRC,COIL,11513:2017,BIS,cr3,72083990,N,7.453,49250203,MATCHED
2000,R_HR_CO,Hot Rolled Black Coil,26HT0216R0,28.39,2001,2.2,1230,0011000082,TATA STEEL LTD,268633058,5000107587,4600000334,20,28-07-26,101,HRC,COIL,11513:2017,BIS,cr3,72083990,N,7.453,55091792,MATCHED
2000,R_HR_CO,Hot Rolled Black Coil,26HT0303R0,25.15,2001,2,1235,0011000082,TATA STEEL LTD,268649105,5000107910,4600000334,30,28-07-26,101,HRC,COIL,11513:2017,BIS,cr3,72083990,N,7.453,48903997,MATCHED
2000,R_HR_CO,Hot Rolled Black Coil,26HT0368R0,24.54,2001,2.5,1230,0011000082,TATA STEEL LTD,268629085,5000108040,4600000334,10,28-07-26,101,HRC,COIL,11513:2017,BIS,cr3,72083990,N,7.453,80978793,MATCHED
2000,R_HR_CO,Hot Rolled Black Coil,26HT0369R0,24.42,2001,2.5,1230,0011000082,TATA STEEL LTD,268649094A,5000108041,4600000334,10,28-07-26,101,HRC,COIL,11513:2017,BIS,cr3,72083990,N,7.453,59555674,MATCHED
2000,R_HR_CO,Hot Rolled Black Coil,26HT0499R0,24.3,2001,2,1235,0011000082,TATA STEEL LTD,268648058A,5000108279,4600000334,30,28-07-26,101,HRC,COIL,11513:2017,BIS,cr3,72083990,N,7.453,51853056,MATCHED
2000,R_HR_CO,Hot Rolled Black Coil,26HT0522R0,24.41,2001,2.5,1230,0011000082,TATA STEEL LTD,268623086,5000108324,4600000334,10,28-07-26,101,HRC,COIL,11513:2017,BIS,cr3,72083990,N,7.453,57914441,MATCHED
2000,R_HR_CO,Hot Rolled Black Coil,26HT0707R0,28.47,2001,2,1235,0011000082,TATA STEEL LTD,268738090,5000109161,4600000350,10,23-08-26,101,HRC,COIL,11513:2017,BIS,cr3,72083990,N,7.453,83913887,MATCHED
2000,R_HR_CO,Hot Rolled Black Coil,26HT0708R0,28.49,2001,2,1235,0011000082,TATA STEEL LTD,268738091,5000109163,4600000350,10,23-08-26,101,HRC,COIL,11513:2017,BIS,cr3,72083990,N,7.453,55087130,MATCHED
2000,R_HR_CO,Hot Rolled Black Coil,26HT0709R0,28.51,2001,2,1235,0011000082,TATA STEEL LTD,268738094,5000109164,4600000350,10,23-08-26,101,HRC,COIL,11513:2017,BIS,cr3,72083990,N,7.453,14751662,MATCHED
2000,R_HR_CO,Hot Rolled Black Coil,26HT0710R0,28.57,2001,2,1235,0011000082,TATA STEEL LTD,268738092,5000109166,4600000350,10,23-08-26,101,HRC,COIL,11513:2017,BIS,cr3,72083990,N,7.453,87636621,MATCHED
2000,R_HR_CO,Hot Rolled Black Coil,26HT0711R0,28.53,2001,2,1235,0011000082,TATA STEEL LTD,268738093,5000109168,4600000350,10,23-08-26,101,HRC,COIL,11513:2017,BIS,cr3,72083990,N,7.453,18782138,MATCHED
2000,R_HR_CO,Hot Rolled Black Coil,26HW0217R0,20.99,2001,2.2,1230,0011000122,NMDC STEEL LIMITED,D104239208,5000107703,4600000335,10,01-08-26,101,HRC,COIL,11513:2017,BIS,cr3,72083990,N,7.453,82767479,MATCHED
2000,R_HR_CO,Hot Rolled Black Coil,26HW0218R0,21.25,2001,2.2,1230,0011000122,NMDC STEEL LIMITED,D104234107,5000107706,4600000335,10,01-08-26,101,HRC,COIL,11513:2017,BIS,cr3,72083990,N,7.453,67037851,MATCHED
2000,R_HR>3MM_CO,Hot Rolled Black Coil 3mm & Above,26HW0219R0,21.2,2001,3.2,1235,0011000122,NMDC STEEL LIMITED,D104234102,5000107708,4600000335,50,01-08-26,101,HRC,COIL,11513:2017,BIS,cr3,72083890,N,7.453,18547523,MATCHED
2000,R_HR_CO,Hot Rolled Black Coil,26HW0220R0,20.92,2001,2.2,1230,0011000122,NMDC STEEL LIMITED,D104240203,5000107709,4600000335,10,01-08-26,101,HRC,COIL,11513:2017,BIS,cr3,72083990,N,7.453,47922809,MATCHED
2000,R_HR_CO,Hot Rolled Black Coil,26HW0221R0,20.85,2001,2.5,1230,0011000122,NMDC STEEL LIMITED,D204110104,5000107710,4600000335,20,01-08-26,101,HRC,COIL,11513:2017,BIS,cr3,72083990,N,7.453,73603346,MATCHED
2000,R_HR_CO,Hot Rolled Black Coil,26HW0222R0,20.99,2001,2.5,1230,0011000122,NMDC STEEL LIMITED,D204107206,5000107711,4600000335,20,01-08-26,101,HRC,COIL,11513:2017,BIS,cr3,72083990,N,7.453,86048959,MATCHED
2000,R_HR_CO,Hot Rolled Black Coil,26HW0223R0,20.92,2001,2.2,1230,0011000122,NMDC STEEL LIMITED,D104238203,5000107713,4600000335,10,01-08-26,101,HRC,COIL,11513:2017,BIS,cr3,72083990,N,7.453,40303347,MATCHED
2000,R_HR>3MM_CO,Hot Rolled Black Coil 3mm & Above,26HW0224R0,21.22,2001,3.6,1235,0011000122,NMDC STEEL LIMITED,D104234101,5000107714,4600000335,60,01-08-26,101,HRC,COIL,11513:2017,BIS,cr3,72083890,N,7.453,27482083,MATCHED
2000,R_HR_CO,Hot Rolled Black Coil,26HW0225R0,20.91,2001,2.8,1235,0011000122,NMDC STEEL LIMITED,D204107202,5000107716,4600000335,40,01-08-26,101,HRC,COIL,11513:2017,BIS,cr3,72083990,N,7.453,43975853,MATCHED
2000,R_HR_CO,Hot Rolled Black Coil,26HW0226R0,20.98,2001,2.2,1230,0011000122,NMDC STEEL LIMITED,D204107207,5000107717,4600000335,10,01-08-26,101,HRC,COIL,11513:2017,BIS,cr3,72083990,N,7.453,95448964,MATCHED
2000,R_HR>3MM_CO,Hot Rolled Black Coil 3mm & Above,26HW0227R0,21.11,2001,3.2,1235,0011000122,NMDC STEEL LIMITED,D203800201,5000107718,4600000335,50,01-08-26,101,HRC,COIL,11513:2017,BIS,cr3,72083890,N,7.453,15762145,MATCHED
2000,R_HR_CO,Hot Rolled Black Coil,26HW0228R0,20.92,2001,2.5,1230,0011000122,NMDC STEEL LIMITED,D104240206,5000107719,4600000335,20,01-08-26,101,HRC,COIL,11513:2017,BIS,cr3,72083990,N,7.453,27004397,MATCHED
2000,R_HR_CO,Hot Rolled Black Coil,26HW0229R0,20.95,2001,2,1235,0011000122,NMDC STEEL LIMITED,D204108205,5000107730,4600000335,30,01-08-26,101,HRC,COIL,11513:2017,BIS,cr3,72083990,N,7.453,43744641,MATCHED
2000,R_HR_CO,Hot Rolled Black Coil,26HW0230R0,20.94,2001,2.5,1230,0011000122,NMDC STEEL LIMITED,D204113104,5000107733,4600000335,20,01-08-26,101,HRC,COIL,11513:2017,BIS,cr3,72083990,N,7.453,41216893,MATCHED
2000,R_HR_CO,Hot Rolled Black Coil,26HW0231R0,21.03,2001,2,1235,0011000122,NMDC STEEL LIMITED,D204109102,5000107736,4600000335,30,01-08-26,101,HRC,COIL,11513:2017,BIS,cr3,72083990,N,7.453,50860024,MATCHED
2000,R_HR_CO,Hot Rolled Black Coil,26HW0232R0,21.16,2001,2.5,1230,0011000122,NMDC STEEL LIMITED,D104234104,5000107737,4600000335,20,01-08-26,101,HRC,COIL,11513:2017,BIS,cr3,72083990,N,7.453,80268283,MATCHED
2000,R_HR_CO,Hot Rolled Black Coil,26HW0233R0,20.89,2001,2.2,1230,0011000122,NMDC STEEL LIMITED,D204111104,5000107738,4600000335,10,01-08-26,101,HRC,COIL,11513:2017,BIS,cr3,72083990,N,7.453,37707159,MATCHED
2000,R_HR_CO,Hot Rolled Black Coil,26HW0234R0,20.9,2001,2.5,1230,0011000122,NMDC STEEL LIMITED,D104241203,5000107739,4600000335,20,01-08-26,101,HRC,COIL,11513:2017,BIS,cr3,72083990,N,7.453,81278458,MATCHED
2000,R_HR_CO,Hot Rolled Black Coil,26HW0235R0,21.03,2001,2,1235,0011000122,NMDC STEEL LIMITED,D104236205,5000107740,4600000335,30,01-08-26,101,HRC,COIL,11513:2017,BIS,cr3,72083990,N,7.453,56781123,MATCHED
2000,R_HR_CO,Hot Rolled Black Coil,26HW0236R0,21.02,2001,2,1235,0011000122,NMDC STEEL LIMITED,D104236203,5000107741,4600000335,30,01-08-26,101,HRC,COIL,11513:2017,BIS,cr3,72083990,N,7.453,99854016,MATCHED
2000,R_HR_CO,Hot Rolled Black Coil,26HW0237R0,20.88,2001,2.2,1230,0011000122,NMDC STEEL LIMITED,D104239202,5000107742,4600000335,10,01-08-26,101,HRC,COIL,11513:2017,BIS,cr3,72083990,N,7.453,56337306,MATCHED
2000,R_HR_CO,Hot Rolled Black Coil,26HW0239R0,20.95,2001,2.2,1230,0011000122,NMDC STEEL LIMITED,D104239203,5000107743,4600000335,10,01-08-26,101,HRC,COIL,11513:2017,BIS,cr3,72083990,N,7.453,16450913,MATCHED
2000,R_HR>3MM_CO,Hot Rolled Black Coil 3mm & Above,26HW0240R0,20.9,2001,3.2,1235,0011000122,NMDC STEEL LIMITED,D203805207,5000107744,4600000335,50,01-08-26,101,HRC,COIL,11513:2017,BIS,cr3,72083890,N,7.453,93089067,MATCHED
2000,R_HR_CO,Hot Rolled Black Coil,26HW0241R0,20.94,2001,2.5,1230,0011000122,NMDC STEEL LIMITED,D204110105,5000107753,4600000335,20,01-08-26,101,HRC,COIL,11513:2017,BIS,cr3,72083990,N,7.453,34488732,MATCHED
2000,R_HR_CO,Hot Rolled Black Coil,26HW0242R0,20.94,2001,2.8,1235,0011000122,NMDC STEEL LIMITED,D104233206,5000107755,4600000335,40,01-08-26,101,HRC,COIL,11513:2017,BIS,cr3,72083990,N,7.453,24945075,MATCHED
2000,R_HR_CO,Hot Rolled Black Coil,26HW0243R0,20.97,2001,2.2,1230,0011000122,NMDC STEEL LIMITED,D104239204,5000107756,4600000335,10,01-08-26,101,HRC,COIL,11513:2017,BIS,cr3,72083990,N,7.453,27047481,MATCHED
2000,R_HR_CO,Hot Rolled Black Coil,26HW0244R0,20.95,2001,2.2,1230,0011000122,NMDC STEEL LIMITED,D204112103,5000107757,4600000335,10,01-08-26,101,HRC,COIL,11513:2017,BIS,cr3,72083990,N,7.453,51036228,MATCHED
2000,R_HR_CO,Hot Rolled Black Coil,26HW0245R0,20.88,2001,2.5,1230,0011000122,NMDC STEEL LIMITED,D104241205,5000107758,4600000335,20,01-08-26,101,HRC,COIL,11513:2017,BIS,cr3,72083990,N,7.453,34795778,MATCHED
2000,R_HR_CO,Hot Rolled Black Coil,26HW0246R0,20.88,2001,2.5,1230,0011000122,NMDC STEEL LIMITED,D104240208,5000107759,4600000335,20,01-08-26,101,HRC,COIL,11513:2017,BIS,cr3,72083990,N,7.453,15263233,MATCHED
2000,R_HR_CO,Hot Rolled Black Coil,26HW0247R0,20.98,2001,2.5,1230,0011000122,NMDC STEEL LIMITED,D204113107,5000107760,4600000335,20,01-08-26,101,HRC,COIL,11513:2017,BIS,cr3,72083990,N,7.453,33702732,MATCHED
2000,R_HR_CO,Hot Rolled Black Coil,26HW0248R0,20.94,2001,2,1235,0011000122,NMDC STEEL LIMITED,D204108208,5000107761,4600000335,30,01-08-26,101,HRC,COIL,11513:2017,BIS,cr3,72083990,N,7.453,80030064,MATCHED
2000,R_HR_CO,Hot Rolled Black Coil,26HW0249R0,21.16,2001,2,1235,0011000122,NMDC STEEL LIMITED,D104235105,5000107762,4600000335,30,01-08-26,101,HRC,COIL,11513:2017,BIS,cr3,72083990,N,7.453,10755065,MATCHED
2000,R_HR_CO,Hot Rolled Black Coil,26HW0250R0,21.03,2001,2,1235,0011000122,NMDC STEEL LIMITED,D104236204,5000107763,4600000335,30,01-08-26,101,HRC,COIL,11513:2017,BIS,cr3,72083990,N,7.453,23024426,MATCHED
2000,R_HR>3MM_CO,Hot Rolled Black Coil 3mm & Above,26HW0251R0,20.87,2001,3.6,1235,0011000122,NMDC STEEL LIMITED,D203805205,5000107764,4600000335,60,01-08-26,101,HRC,COIL,11513:2017,BIS,cr3,72083890,N,7.453,53079591,MATCHED
2000,R_HR_CO,Hot Rolled Black Coil,26HW0252R0,20.93,2001,2.8,1235,0011000122,NMDC STEEL LIMITED,D204110101,5000107765,4600000335,40,01-08-26,101,HRC,COIL,11513:2017,BIS,cr3,72083990,N,7.453,84063131,MATCHED
2000,R_HR_CO,Hot Rolled Black Coil,26HW0253R0,21.04,2001,2,1235,0011000122,NMDC STEEL LIMITED,D204109103,5000107770,4600000335,30,01-08-26,101,HRC,COIL,11513:2017,BIS,cr3,72083990,N,7.453,76516623,MATCHED
2000,R_HR_CO,Hot Rolled Black Coil,26HW0254R0,21,2001,2,1235,0011000122,NMDC STEEL LIMITED,D104236208,5000107771,4600000335,30,01-08-26,101,HRC,COIL,11513:2017,BIS,cr3,72083990,N,7.453,79714055,MATCHED
2000,R_HR_CO,Hot Rolled Black Coil,26HW0255R0,20.89,2001,2.5,1230,0011000122,NMDC STEEL LIMITED,D104241206,5000107772,4600000335,20,01-08-26,101,HRC,COIL,11513:2017,BIS,cr3,72083990,N,7.453,30159511,MATCHED
2000,R_HR_CO,Hot Rolled Black Coil,26HW0256R0,20.98,2001,2.5,1230,0011000122,NMDC STEEL LIMITED,D204113108,5000107773,4600000335,20,01-08-26,101,HRC,COIL,11513:2017,BIS,cr3,72083990,N,7.453,67192768,MATCHED
2000,R_HR_CO,Hot Rolled Black Coil,26HW0257R0,21.22,2001,2.2,1230,0011000122,NMDC STEEL LIMITED,D104234106,5000107774,4600000335,10,01-08-26,101,HRC,COIL,11513:2017,BIS,cr3,72083990,N,7.453,32521967,MATCHED
2000,R_HR_CO,Hot Rolled Black Coil,26HW0258R0,20.91,2001,2.5,1230,0011000122,NMDC STEEL LIMITED,D104237203,5000107775,4600000335,20,01-08-26,101,HRC,COIL,11513:2017,BIS,cr3,72083990,N,7.453,96699095,MATCHED
2000,R_HR_CO,Hot Rolled Black Coil,26HW0259R0,20.92,2001,2.2,1230,0011000122,NMDC STEEL LIMITED,D204112108,5000107776,4600000335,10,01-08-26,101,HRC,COIL,11513:2017,BIS,cr3,72083990,N,7.453,38623452,MATCHED
2000,R_HR_CO,Hot Rolled Black Coil,26HW0260R0,20.86,2001,2.5,1230,0011000122,NMDC STEEL LIMITED,D104238201,5000107777,4600000335,20,01-08-26,101,HRC,COIL,11513:2017,BIS,cr3,72083990,N,7.453,71649572,MATCHED
2000,R_HR_CO,Hot Rolled Black Coil,26HW0261R0,20.93,2001,2.5,1230,0011000122,NMDC STEEL LIMITED,D204110102,5000107778,4600000335,20,01-08-26,101,HRC,COIL,11513:2017,BIS,cr3,72083990,N,7.453,42946559,MATCHED
2000,R_HR_CO,Hot Rolled Black Coil,26HW0262R0,20.97,2001,2.2,1230,0011000122,NMDC STEEL LIMITED,D104239207,5000107779,4600000335,10,01-08-26,101,HRC,COIL,11513:2017,BIS,cr3,72083990,N,7.453,59912518,MATCHED
2000,R_HR_CO,Hot Rolled Black Coil,26HW0263R0,20.98,2001,2.2,1230,0011000122,NMDC STEEL LIMITED,D204112102,5000107780,4600000335,10,01-08-26,101,HRC,COIL,11513:2017,BIS,cr3,72083990,N,7.453,40657375,MATCHED
2000,R_HR>3MM_CO,Hot Rolled Black Coil 3mm & Above,26HW0264R0,20.99,2001,3.6,1235,0011000122,NMDC STEEL LIMITED,D104233204,5000107781,4600000335,60,01-08-26,101,HRC,COIL,11513:2017,BIS,cr3,72083890,N,7.453,59485148,MATCHED
2000,R_HR_CO,Hot Rolled Black Coil,26HW0265R0,21,2001,2,1235,0011000122,NMDC STEEL LIMITED,D204109106,5000107786,4600000335,30,01-08-26,101,HRC,COIL,11513:2017,BIS,cr3,72083990,N,7.453,80025914,MATCHED
2000,R_HR_CO,Hot Rolled Black Coil,26HW0266R0,20.92,2001,2,1235,0011000122,NMDC STEEL LIMITED,D204109104,5000107787,4600000335,30,01-08-26,101,HRC,COIL,11513:2017,BIS,cr3,72083990,N,7.453,67310088,MATCHED
2000,R_HR_CO,Hot Rolled Black Coil,26HW0267R0,21.04,2001,2,1235,0011000122,NMDC STEEL LIMITED,D104235107,5000107790,4600000335,30,01-08-26,101,HRC,COIL,11513:2017,BIS,cr3,72083990,N,7.453,96174697,MATCHED
2000,R_HR_CO,Hot Rolled Black Coil,26HW0268R0,20.94,2001,2.2,1230,0011000122,NMDC STEEL LIMITED,D104240201,5000107792,4600000335,10,01-08-26,101,HRC,COIL,11513:2017,BIS,cr3,72083990,N,7.453,53839982,MATCHED
2000,R_HR>3MM_CO,Hot Rolled Black Coil 3mm & Above,26HW0269R0,20.94,2001,3.2,1235,0011000122,NMDC STEEL LIMITED,D104233205,5000107797,4600000335,50,01-08-26,101,HRC,COIL,11513:2017,BIS,cr3,72083890,N,7.453,43096775,MATCHED
2000,R_HR_CO,Hot Rolled Black Coil,26HW0270R0,20.97,2001,2.5,1230,0011000122,NMDC STEEL LIMITED,D204107205,5000107799,4600000335,20,01-08-26,101,HRC,COIL,11513:2017,BIS,cr3,72083990,N,7.453,35279314,MATCHED
2000,R_HR_CO,Hot Rolled Black Coil,26HW0271R0,20.95,2001,2,1235,0011000122,NMDC STEEL LIMITED,D204108201,5000107801,4600000335,30,01-08-26,101,HRC,COIL,11513:2017,BIS,cr3,72083990,N,7.453,79119750,MATCHED
2000,R_HR_CO,Hot Rolled Black Coil,26HW0272R0,21.24,2001,2.2,1230,0011000122,NMDC STEEL LIMITED,D104234108,5000107802,4600000335,10,01-08-26,101,HRC,COIL,11513:2017,BIS,cr3,72083990,N,7.453,73268747,MATCHED
2000,R_HR_CO,Hot Rolled Black Coil,26HW0273R0,21.2,2001,2,1235,0011000122,NMDC STEEL LIMITED,D104235103,5000107803,4600000335,30,01-08-26,101,HRC,COIL,11513:2017,BIS,cr3,72083990,N,7.453,85352737,MATCHED
2000,R_HR_CO,Hot Rolled Black Coil,26HW0274R0,21.02,2001,2,1235,0011000122,NMDC STEEL LIMITED,D204109107,5000107805,4600000335,30,01-08-26,101,HRC,COIL,11513:2017,BIS,cr3,72083990,N,7.453,64198346,MATCHED
2000,R_HR_CO,Hot Rolled Black Coil,26HW0275R0,20.96,2001,2,1235,0011000122,NMDC STEEL LIMITED,D203801205,5000107806,4600000335,30,01-08-26,101,HRC,COIL,11513:2017,BIS,cr3,72083990,N,7.453,72704935,MATCHED
2000,R_HR>3MM_CO,Hot Rolled Black Coil 3mm & Above,26HW0276R0,21.03,2001,3.2,1235,0011000122,NMDC STEEL LIMITED,D103922107,5000107812,4600000335,50,01-08-26,101,HRC,COIL,11513:2017,BIS,cr3,72083890,N,7.453,47727856,MATCHED
2000,R_HR_CO,Hot Rolled Black Coil,26HW0277R0,21.01,2001,2,1235,0011000122,NMDC STEEL LIMITED,D104235106,5000107845,4600000335,30,01-08-26,101,HRC,COIL,11513:2017,BIS,cr3,72083990,N,7.453,82652613,MATCHED
2000,R_HR>3MM_CO,Hot Rolled Black Coil 3mm & Above,26HW0278R0,20.99,2001,3.6,1235,0011000122,NMDC STEEL LIMITED,D104233203,5000107846,4600000335,60,01-08-26,101,HRC,COIL,11513:2017,BIS,cr3,72083890,N,7.453,17779990,MATCHED
2000,R_HR_CO,Hot Rolled Black Coil,26HW0279R0,20.84,2001,2.5,1230,0011000122,NMDC STEEL LIMITED,D104241202,5000107847,4600000335,20,01-08-26,101,HRC,COIL,11513:2017,BIS,cr3,72083990,N,7.453,86126213,MATCHED
2000,R_HR_CO,Hot Rolled Black Coil,26HW0280R0,20.94,2001,2.5,1230,0011000122,NMDC STEEL LIMITED,D204111101,5000107848,4600000335,20,01-08-26,101,HRC,COIL,11513:2017,BIS,cr3,72083990,N,7.453,41834996,MATCHED
2000,R_HR_CO,Hot Rolled Black Coil,26HW0281R0,20.93,2001,2,1235,0011000122,NMDC STEEL LIMITED,D204108204,5000107849,4600000335,30,01-08-26,101,HRC,COIL,11513:2017,BIS,cr3,72083990,N,7.453,21932171,MATCHED
2000,R_HR_CO,Hot Rolled Black Coil,26HW0282R0,20.94,2001,2.2,1230,0011000122,NMDC STEEL LIMITED,D104239205,5000107854,4600000335,10,01-08-26,101,HRC,COIL,11513:2017,BIS,cr3,72083990,N,7.453,16049685,MATCHED
2000,R_HR_CO,Hot Rolled Black Coil,26HW0283R0,20.99,2001,2.2,1230,0011000122,NMDC STEEL LIMITED,D204111109,5000107855,4600000335,10,01-08-26,101,HRC,COIL,11513:2017,BIS,cr3,72083990,N,7.453,15421091,MATCHED
2000,R_HR_CO,Hot Rolled Black Coil,26HW0284R0,20.96,2001,2.2,1230,0011000122,NMDC STEEL LIMITED,D204112106,5000107856,4600000335,10,01-08-26,101,HRC,COIL,11513:2017,BIS,cr3,72083990,N,7.453,28508915,MATCHED
2000,R_HR_CO,Hot Rolled Black Coil,26HW0285R0,20.97,2001,2.2,1230,0011000122,NMDC STEEL LIMITED,D204111105,5000107862,4600000335,10,01-08-26,101,HRC,COIL,11513:2017,BIS,cr3,72083990,N,7.453,64672285,MATCHED
2000,R_HR_CO,Hot Rolled Black Coil,26HW0286R0,20.97,2001,2.2,1230,0011000122,NMDC STEEL LIMITED,D104238206,5000107863,4600000335,10,01-08-26,101,HRC,COIL,11513:2017,BIS,cr3,72083990,N,7.453,55787872,MATCHED
2000,R_HR_CO,Hot Rolled Black Coil,26HW0287R0,20.94,2001,2,1235,0011000122,NMDC STEEL LIMITED,D204108206,5000107864,4600000335,30,01-08-26,101,HRC,COIL,11513:2017,BIS,cr3,72083990,N,7.453,63228491,MATCHED
2000,R_HR_CO,Hot Rolled Black Coil,26HW0456R0,21.01,2001,2,1235,0011000122,NMDC STEEL LIMITED,D204334104,5000108233,4600000344,10,11-08-26,101,HRC,COIL,11513:2017,BIS,cr3,72083990,N,7.453,21492306,MATCHED
2000,R_HR_CO,Hot Rolled Black Coil,26HW0457R0,21,2001,2,1235,0011000122,NMDC STEEL LIMITED,D204334105,5000108234,4600000344,10,11-08-26,101,HRC,COIL,11513:2017,BIS,cr3,72083990,N,7.453,64643350,MATCHED
2000,R_HR_CO,Hot Rolled Black Coil,26HW0458R0,20.89,2001,2.2,1230,0011000122,NMDC STEEL LIMITED,D104435208,5000108235,4600000344,20,11-08-26,101,HRC,COIL,11513:2017,BIS,cr3,72083990,N,7.453,45568473,MATCHED
2000,R_HR_CO,Hot Rolled Black Coil,26HW0459R0,21,2001,2,1235,0011000122,NMDC STEEL LIMITED,D204335103,5000108236,4600000344,10,11-08-26,101,HRC,COIL,11513:2017,BIS,cr3,72083990,N,7.453,45242379,MATCHED
2000,R_HR_CO,Hot Rolled Black Coil,26HW0460R0,20.92,2001,2.5,1230,0011000122,NMDC STEEL LIMITED,D104439106,5000108237,4600000344,30,11-08-26,101,HRC,COIL,11513:2017,BIS,cr3,72083990,N,7.453,98186092,MATCHED
2000,R_HR_CO,Hot Rolled Black Coil,26HW0461R0,21.04,2001,2,1235,0011000122,NMDC STEEL LIMITED,D204330207,5000108238,4600000344,10,11-08-26,101,HRC,COIL,11513:2017,BIS,cr3,72083990,N,7.453,67016625,MATCHED
2000,R_HR_CO,Hot Rolled Black Coil,26HW0462R0,21.09,2001,2,1235,0011000122,NMDC STEEL LIMITED,D104438201,5000108239,4600000344,10,11-08-26,101,HRC,COIL,11513:2017,BIS,cr3,72083990,N,7.453,12997074,MATCHED
2000,R_HR_CO,Hot Rolled Black Coil,26HW0463R0,21.01,2001,2,1235,0011000122,NMDC STEEL LIMITED,D104433107,5000108240,4600000344,10,11-08-26,101,HRC,COIL,11513:2017,BIS,cr3,72083990,N,7.453,38450533,MATCHED
2000,R_HR_CO,Hot Rolled Black Coil,26HW0464R0,21.04,2001,2,1235,0011000122,NMDC STEEL LIMITED,D104433102,5000108241,4600000344,10,11-08-26,101,HRC,COIL,11513:2017,BIS,cr3,72083990,N,7.453,59784054,MATCHED
2000,R_HR_CO,Hot Rolled Black Coil,26HW0465R0,20.9,2001,2.5,1230,0011000122,NMDC STEEL LIMITED,D104436201,5000108242,4600000344,30,11-08-26,101,HRC,COIL,11513:2017,BIS,cr3,72083990,N,7.453,39905659,MATCHED
2000,R_HR_CO,Hot Rolled Black Coil,26HW0466R0,20.9,2001,2.5,1230,0011000122,NMDC STEEL LIMITED,D204331105,5000108243,4600000344,30,11-08-26,101,HRC,COIL,11513:2017,BIS,cr3,72083990,N,7.453,37334216,MATCHED
2000,R_HR_CO,Hot Rolled Black Coil,26HW0467R0,20.87,2001,2.2,1230,0011000122,NMDC STEEL LIMITED,D104439104,5000108244,4600000344,20,11-08-26,101,HRC,COIL,11513:2017,BIS,cr3,72083990,N,7.453,62027992,MATCHED
2000,R_HR_CO,Hot Rolled Black Coil,26HW0468R0,20.93,2001,2.2,1230,0011000122,NMDC STEEL LIMITED,D204332103,5000108245,4600000344,20,11-08-26,101,HRC,COIL,11513:2017,BIS,cr3,72083990,N,7.453,48104116,MATCHED
2000,R_HR_CO,Hot Rolled Black Coil,26HW0469R0,20.89,2001,2,1235,0011000122,NMDC STEEL LIMITED,D204335102,5000108246,4600000344,10,11-08-26,101,HRC,COIL,11513:2017,BIS,cr3,72083990,N,7.453,50995231,MATCHED
2000,R_HR_CO,Hot Rolled Black Coil,26HW0470R0,20.92,2001,2.2,1230,0011000122,NMDC STEEL LIMITED,D104435203,5000108247,4600000344,20,11-08-26,101,HRC,COIL,11513:2017,BIS,cr3,72083990,N,7.453,46400527,MATCHED
2000,R_HR_CO,Hot Rolled Black Coil,26HW0471R0,21.04,2001,2,1235,0011000122,NMDC STEEL LIMITED,D104433106,5000108248,4600000344,10,11-08-26,101,HRC,COIL,11513:2017,BIS,cr3,72083990,N,7.453,99267718,MATCHED
2000,R_HR_CO,Hot Rolled Black Coil,26HW0472R0,21.02,2001,2,1235,0011000122,NMDC STEEL LIMITED,D204330208,5000108249,4600000344,10,11-08-26,101,HRC,COIL,11513:2017,BIS,cr3,72083990,N,7.453,40400228,MATCHED
2000,R_HR_CO,Hot Rolled Black Coil,26HW0473R0,21,2001,2.5,1230,0011000122,NMDC STEEL LIMITED,D104434205,5000108250,4600000344,30,11-08-26,101,HRC,COIL,11513:2017,BIS,cr3,72083990,N,7.453,12245194,MATCHED
2000,R_HR_CO,Hot Rolled Black Coil,26HW0474R0,20.92,2001,2.5,1230,0011000122,NMDC STEEL LIMITED,D204332108,5000108251,4600000344,30,11-08-26,101,HRC,COIL,11513:2017,BIS,cr3,72083990,N,7.453,35866725,MATCHED
2000,R_HR_CO,Hot Rolled Black Coil,26HW0475R0,20.88,2001,2.5,1230,0011000122,NMDC STEEL LIMITED,D204333104,5000108252,4600000344,30,11-08-26,101,HRC,COIL,11513:2017,BIS,cr3,72083990,N,7.453,60805922,MATCHED
2000,R_HR_CO,Hot Rolled Black Coil,26HW0476R0,21.02,2001,2.2,1230,0011000122,NMDC STEEL LIMITED,D104432103,5000108253,4600000344,20,11-08-26,101,HRC,COIL,11513:2017,BIS,cr3,72083990,N,7.453,81339363,MATCHED
2000,R_HR_CO,Hot Rolled Black Coil,26HW0477R0,21,2001,2.5,1230,0011000122,NMDC STEEL LIMITED,D104434209,5000108254,4600000344,30,11-08-26,101,HRC,COIL,11513:2017,BIS,cr3,72083990,N,7.453,33588363,MATCHED
2000,R_HR_CO,Hot Rolled Black Coil,26HW0478R0,20.96,2001,2.5,1230,0011000122,NMDC STEEL LIMITED,D104439107,5000108255,4600000344,30,11-08-26,101,HRC,COIL,11513:2017,BIS,cr3,72083990,N,7.453,74548256,MATCHED
2000,R_HR_CO,Hot Rolled Black Coil,26HW0479R0,20.96,2001,2.2,1230,0011000122,NMDC STEEL LIMITED,D204334101,5000108256,4600000344,20,11-08-26,101,HRC,COIL,11513:2017,BIS,cr3,72083990,N,7.453,94204953,MATCHED
2000,R_HR_CO,Hot Rolled Black Coil,26HW0480R0,20.88,2001,2.2,1230,0011000122,NMDC STEEL LIMITED,D204337105,5000108257,4600000344,20,11-08-26,101,HRC,COIL,11513:2017,BIS,cr3,72083990,N,7.453,93840209,MATCHED
2000,R_HR_CO,Hot Rolled Black Coil,26HW0481R0,20.91,2001,2.2,1230,0011000122,NMDC STEEL LIMITED,D104435205,5000108258,4600000344,20,11-08-26,101,HRC,COIL,11513:2017,BIS,cr3,72083990,N,7.453,45355640,MATCHED
2000,R_HR_CO,Hot Rolled Black Coil,26HW0482R0,20.98,2001,2.2,1230,0011000122,NMDC STEEL LIMITED,D204335106,5000108259,4600000344,20,11-08-26,101,HRC,COIL,11513:2017,BIS,cr3,72083990,N,7.453,13321006,MATCHED
2000,R_HR_CO,Hot Rolled Black Coil,26HW0483R0,20.84,2001,2.2,1230,0011000122,NMDC STEEL LIMITED,D204332105,5000108260,4600000344,20,11-08-26,101,HRC,COIL,11513:2017,BIS,cr3,72083990,N,7.453,51868302,MATCHED
2000,R_HR>3MM_CO,Hot Rolled Black Coil 3mm & Above,26HW0484R0,20.93,2001,3.2,1235,0011000122,NMDC STEEL LIMITED,D204333102,5000108261,4600000344,50,11-08-26,101,HRC,COIL,11513:2017,BIS,cr3,72083890,N,7.453,35331556,MATCHED
2000,R_HR>3MM_CO,Hot Rolled Black Coil 3mm & Above,26HW0485R0,20.97,2001,3.6,1235,0011000122,NMDC STEEL LIMITED,D204337101,5000108262,4600000344,60,11-08-26,101,HRC,COIL,11513:2017,BIS,cr3,72083890,N,7.453,31095816,MATCHED
2000,R_HR>3MM_CO,Hot Rolled Black Coil 3mm & Above,26HW0486R0,20.8,2001,3.6,1235,0011000122,NMDC STEEL LIMITED,D104436202,5000108263,4600000344,60,11-08-26,101,HRC,COIL,11513:2017,BIS,cr3,72083890,N,7.453,47537042,MATCHED
2000,R_HR_CO,Hot Rolled Black Coil,26HW0487R0,21.07,2001,2.2,1230,0011000122,NMDC STEEL LIMITED,D104438205,5000108264,4600000344,20,11-08-26,101,HRC,COIL,11513:2017,BIS,cr3,72083990,N,7.453,22324080,MATCHED
2000,R_HR_CO,Hot Rolled Black Coil,26HW0488R0,20.97,2001,2.8,1235,0011000122,NMDC STEEL LIMITED,D104436205,5000108265,4600000344,40,11-08-26,101,HRC,COIL,11513:2017,BIS,cr3,72083990,N,7.453,39451189,MATCHED
2000,R_HR_CO,Hot Rolled Black Coil,26HW0489R0,20.99,2001,2,1235,0011000122,NMDC STEEL LIMITED,D204334102,5000108266,4600000344,10,11-08-26,101,HRC,COIL,11513:2017,BIS,cr3,72083990,N,7.453,95049921,MATCHED
2000,R_HR_CO,Hot Rolled Black Coil,26HW0490R0,21,2001,2,1235,0011000122,NMDC STEEL LIMITED,D204335104,5000108271,4600000344,10,11-08-26,101,HRC,COIL,11513:2017,BIS,cr3,72083990,N,7.453,95827213,MATCHED
2000,R_HR_CO,Hot Rolled Black Coil,26HW0491R0,21.03,2001,2,1235,0011000122,NMDC STEEL LIMITED,D204330205,5000108272,4600000344,10,11-08-26,101,HRC,COIL,11513:2017,BIS,cr3,72083990,N,7.453,89546752,MATCHED
2000,R_HR_CO,Hot Rolled Black Coil,26HW0492R0,20.95,2001,2.8,1235,0011000122,NMDC STEEL LIMITED,D204333103,5000108273,4600000344,40,11-08-26,101,HRC,COIL,11513:2017,BIS,cr3,72083990,N,7.453,98732876,MATCHED
2000,R_HR_CO,Hot Rolled Black Coil,26HW0493R0,21.12,2001,2,1235,0011000122,NMDC STEEL LIMITED,D104432108,5000108274,4600000344,10,11-08-26,101,HRC,COIL,11513:2017,BIS,cr3,72083990,N,7.453,72140393,MATCHED
2000,R_HR_CO,Hot Rolled Black Coil,26HW0494R0,20.94,2001,2,1235,0011000122,NMDC STEEL LIMITED,D104437207,5000108275,4600000344,10,11-08-26,101,HRC,COIL,11513:2017,BIS,cr3,72083990,N,7.453,78930019,MATCHED
2000,R_HR_CO,Hot Rolled Black Coil,26HW0495R0,21.01,2001,2.8,1235,0011000122,NMDC STEEL LIMITED,D204331101,5000108276,4600000344,40,11-08-26,101,HRC,COIL,11513:2017,BIS,cr3,72083990,N,7.453,98965533,MATCHED
2000,R_HR_CO,Hot Rolled Black Coil,26HW0497R0,21.12,2001,2.5,1230,0011000122,NMDC STEEL LIMITED,D104440202,5000108277,4600000344,30,11-08-26,101,HRC,COIL,11513:2017,BIS,cr3,72083990,N,7.453,21107260,MATCHED
2000,R_HR_CO,Hot Rolled Black Coil,26HW0498R0,20.99,2001,2,1235,0011000122,NMDC STEEL LIMITED,D204334103,5000108278,4600000344,10,11-08-26,101,HRC,COIL,11513:2017,BIS,cr3,72083990,N,7.453,15163651,MATCHED
2000,R_HR_CO,Hot Rolled Black Coil,26HW0500R0,21.07,2001,2.2,1230,0011000122,NMDC STEEL LIMITED,D104432102,5000108283,4600000344,20,11-08-26,101,HRC,COIL,11513:2017,BIS,cr3,72083990,N,7.453,62450843,MATCHED
2000,R_HR_CO,Hot Rolled Black Coil,26HW0501R0,20.99,2001,2,1235,0011000122,NMDC STEEL LIMITED,D104433105,5000108286,4600000344,10,11-08-26,101,HRC,COIL,11513:2017,BIS,cr3,72083990,N,7.453,55371471,MATCHED
2000,R_HR_CO,Hot Rolled Black Coil,26HW0502R0,20.92,2001,2.2,1230,0011000122,NMDC STEEL LIMITED,D204337108,5000108287,4600000344,20,11-08-26,101,HRC,COIL,11513:2017,BIS,cr3,72083990,N,7.453,11487329,MATCHED
2000,R_HR_CO,Hot Rolled Black Coil,26HW0503R0,20.98,2001,2.5,1230,0011000122,NMDC STEEL LIMITED,D204333105,5000108288,4600000344,30,11-08-26,101,HRC,COIL,11513:2017,BIS,cr3,72083990,N,7.453,71779068,MATCHED
2000,R_HR_CO,Hot Rolled Black Coil,26HW0504R0,21.01,2001,2.5,1230,0011000122,NMDC STEEL LIMITED,D104434207,5000108289,4600000344,30,11-08-26,101,HRC,COIL,11513:2017,BIS,cr3,72083990,N,7.453,34888134,MATCHED
2000,R_HR_CO,Hot Rolled Black Coil,26HW0505R0,20.99,2001,2.5,1230,0011000122,NMDC STEEL LIMITED,D104434204,5000108290,4600000344,30,11-08-26,101,HRC,COIL,11513:2017,BIS,cr3,72083990,N,7.453,36810782,MATCHED
2000,R_HR_CO,Hot Rolled Black Coil,26HW0506R0,21.08,2001,2.2,1230,0011000122,NMDC STEEL LIMITED,D104432101,5000108291,4600000344,20,11-08-26,101,HRC,COIL,11513:2017,BIS,cr3,72083990,N,7.453,44215028,MATCHED
2000,R_HR_CO,Hot Rolled Black Coil,26HW0507R0,20.99,2001,2,1235,0011000122,NMDC STEEL LIMITED,D204330203,5000108293,4600000344,10,11-08-26,101,HRC,COIL,11513:2017,BIS,cr3,72083990,N,7.453,12231538,MATCHED
2000,R_HR_CO,Hot Rolled Black Coil,26HW0508R0,20.89,2001,2.5,1230,0011000122,NMDC STEEL LIMITED,D104440205,5000108295,4600000344,30,11-08-26,101,HRC,COIL,11513:2017,BIS,cr3,72083990,N,7.453,81189059,MATCHED
2000,R_HR_CO,Hot Rolled Black Coil,26HW0509R0,20.93,2001,2.5,1230,0011000122,NMDC STEEL LIMITED,D104436209,5000108297,4600000344,30,11-08-26,101,HRC,COIL,11513:2017,BIS,cr3,72083990,N,7.453,64135246,MATCHED
2000,R_HR_CO,Hot Rolled Black Coil,26HW0510R0,20.96,2001,2.5,1230,0011000122,NMDC STEEL LIMITED,D104434208,5000108299,4600000344,30,11-08-26,101,HRC,COIL,11513:2017,BIS,cr3,72083990,N,7.453,77061685,MATCHED
2000,R_HR_CO,Hot Rolled Black Coil,26HW0511R0,21.01,2001,2,1235,0011000122,NMDC STEEL LIMITED,D204334108,5000108302,4600000344,10,11-08-26,101,HRC,COIL,11513:2017,BIS,cr3,72083990,N,7.453,58409703,MATCHED
2000,R_HR_CO,Hot Rolled Black Coil,26HW0512R0,20.93,2001,2.2,1230,0011000122,NMDC STEEL LIMITED,D204337106,5000108303,4600000344,20,11-08-26,101,HRC,COIL,11513:2017,BIS,cr3,72083990,N,7.453,92893200,MATCHED
2000,R_HR_CO,Hot Rolled Black Coil,26HW0513R0,21.15,2001,2.2,1230,0011000122,NMDC STEEL LIMITED,D104432106,5000108306,4600000344,20,11-08-26,101,HRC,COIL,11513:2017,BIS,cr3,72083990,N,7.453,28035292,MATCHED
2000,R_HR_CO,Hot Rolled Black Coil,26HW0514R0,21.09,2001,2.2,1230,0011000122,NMDC STEEL LIMITED,D204336201,5000108308,4600000344,20,11-08-26,101,HRC,COIL,11513:2017,BIS,cr3,72083990,N,7.453,49987577,MATCHED
2000,R_HR_CO,Hot Rolled Black Coil,26HW0515R0,21,2001,2.5,1230,0011000122,NMDC STEEL LIMITED,D204331107,5000108312,4600000344,30,11-08-26,101,HRC,COIL,11513:2017,BIS,cr3,72083990,N,7.453,52980402,MATCHED
2000,R_HR_CO,Hot Rolled Black Coil,26HW0516R0,20.89,2001,2.5,1230,0011000122,NMDC STEEL LIMITED,D204335108,5000108315,4600000344,30,11-08-26,101,HRC,COIL,11513:2017,BIS,cr3,72083990,N,7.453,27191811,MATCHED
2000,R_HR_CO,Hot Rolled Black Coil,26HW0517R0,20.93,2001,2.5,1230,0011000122,NMDC STEEL LIMITED,D204333107,5000108317,4600000344,30,11-08-26,101,HRC,COIL,11513:2017,BIS,cr3,72083990,N,7.453,61796166,MATCHED
2000,R_HR_CO,Hot Rolled Black Coil,26HW0518R0,21,2001,2.5,1230,0011000122,NMDC STEEL LIMITED,D104436207,5000108318,4600000344,30,11-08-26,101,HRC,COIL,11513:2017,BIS,cr3,72083990,N,7.453,78989665,MATCHED
2000,R_HR_CO,Hot Rolled Black Coil,26HW0519R0,20.92,2001,2.2,1230,0011000122,NMDC STEEL LIMITED,D204332104,5000108320,4600000344,20,11-08-26,101,HRC,COIL,11513:2017,BIS,cr3,72083990,N,7.453,37900744,MATCHED
2000,R_HR_CO,Hot Rolled Black Coil,26HW0520R0,20.91,2001,2.2,1230,0011000122,NMDC STEEL LIMITED,D204332102,5000108322,4600000344,20,11-08-26,101,HRC,COIL,11513:2017,BIS,cr3,72083990,N,7.453,57635204,MATCHED
2000,R_HR_CO,Hot Rolled Black Coil,26HW0521R0,20.8,2001,2.2,1230,0011000122,NMDC STEEL LIMITED,D104435202,5000108323,4600000344,20,11-08-26,101,HRC,COIL,11513:2017,BIS,cr3,72083990,N,7.453,38016670,MATCHED
2000,R_HR_CO,Hot Rolled Black Coil,26HW0523R0,21,2001,2.5,1230,0011000122,NMDC STEEL LIMITED,D204331106,5000108329,4600000344,30,11-08-26,101,HRC,COIL,11513:2017,BIS,cr3,72083990,N,7.453,99898876,MATCHED
2000,R_HR_CO,Hot Rolled Black Coil,26HW0524R0,20.83,2001,2.2,1230,11000122,NMDC STEEL LIMITED,D104437202,5000108331,4600000344,20,11-08-26,101,HRC,COIL,11513:2017,BIS,cr3,72083990,N,7.453,67108943,MATCHED
2000,R_HR_CO,Hot Rolled Black Coil,26HW0525R0,20.93,2001,2.2,1230,0011000122,NMDC STEEL LIMITED,D204332101,5000108332,4600000344,20,11-08-26,101,HRC,COIL,11513:2017,BIS,cr3,72083990,N,7.453,18664290,MATCHED
2000,R_HR_CO,Hot Rolled Black Coil,26HW0526R0,20.99,2001,2.2,1230,0011000122,NMDC STEEL LIMITED,D104435201,5000108333,4600000344,20,11-08-26,101,HRC,COIL,11513:2017,BIS,cr3,72083990,N,7.453,53267740,MATCHED
2000,R_HR_CO,Hot Rolled Black Coil,26HW0527R0,21.05,2001,2,1235,0011000122,NMDC STEEL LIMITED,D104433104,5000108334,4600000344,10,11-08-26,101,HRC,COIL,11513:2017,BIS,cr3,72083990,N,7.453,56839251,MATCHED
2000,R_HR_CO,Hot Rolled Black Coil,26HW0528R0,20.98,2001,2.5,1230,0011000122,NMDC STEEL LIMITED,D104436206,5000108339,4600000344,30,11-08-26,101,HRC,COIL,11513:2017,BIS,cr3,72083990,N,7.453,19331825,MATCHED
2000,R_HR_CO,Hot Rolled Black Coil,26HW0529R0,21.03,2001,2,1235,0011000122,NMDC STEEL LIMITED,D104434201,5000108341,4600000344,10,11-08-26,101,HRC,COIL,11513:2017,BIS,cr3,72083990,N,7.453,28662481,MATCHED
2000,R_HR_CO,Hot Rolled Black Coil,26HW0530R0,21.05,2001,2.5,1230,0011000122,NMDC STEEL LIMITED,D204331103,5000108344,4600000344,30,11-08-26,101,HRC,COIL,11513:2017,BIS,cr3,72083990,N,7.453,37832106,MATCHED
2000,R_HR_CO,Hot Rolled Black Coil,26HW0531R0,21.15,2001,2.2,1230,0011000122,NMDC STEEL LIMITED,D204336202,5000108345,4600000344,20,11-08-26,101,HRC,COIL,11513:2017,BIS,cr3,72083990,N,7.453,72591894,MATCHED
2000,R_HR_CO,Hot Rolled Black Coil,26HW0535R0,20.94,2001,2.2,1230,0011000122,NMDC STEEL LIMITED,D104440204,5000108360,4600000344,20,11-08-26,101,HRC,COIL,11513:2017,BIS,cr3,72083990,N,7.453,75565042,MATCHED
2000,R_HR_CO,Hot Rolled Black Coil,26HW0536R0,20.99,2001,2.8,1235,0011000122,NMDC STEEL LIMITED,D104433109,5000108363,4600000344,40,11-08-26,101,HRC,COIL,11513:2017,BIS,cr3,72083990,N,7.453,41034146,MATCHED
2000,R_HR_CO,Hot Rolled Black Coil,26HW0537R0,20.85,2001,2.2,1230,0011000122,NMDC STEEL LIMITED,D104439103,5000108366,4600000344,20,11-08-26,101,HRC,COIL,11513:2017,BIS,cr3,72083990,N,7.453,37375511,MATCHED
2000,R_HR_CO,Hot Rolled Black Coil,26HW0538R0,20.91,2001,2.5,1230,0011000122,NMDC STEEL LIMITED,D204337107,5000108369,4600000344,30,11-08-26,101,HRC,COIL,11513:2017,BIS,cr3,72083990,N,7.453,26489348,MATCHED
2000,R_HR_CO,Hot Rolled Black Coil,26HW0539R0,20.96,2001,2,1235,0011000122,NMDC STEEL LIMITED,D104433103,5000108370,4600000344,10,11-08-26,101,HRC,COIL,11513:2017,BIS,cr3,72083990,N,7.453,12560037,MATCHED
2000,R_HR_CO,Hot Rolled Black Coil,26HW0540R0,20.96,2001,2.5,1230,0011000122,NMDC STEEL LIMITED,D104434206,5000108371,4600000344,30,11-08-26,101,HRC,COIL,11513:2017,BIS,cr3,72083990,N,7.453,79403153,MATCHED
2000,R_HR_CO,Hot Rolled Black Coil,26HW0541R0,21.06,2001,2.2,1230,0011000122,NMDC STEEL LIMITED,D204336203,5000108376,4600000344,20,11-08-26,101,HRC,COIL,11513:2017,BIS,cr3,72083990,N,7.453,80716393,MATCHED
2000,R_HR_CO,Hot Rolled Black Coil,26HW0542R0,21.02,2001,2,1235,0011000122,NMDC STEEL LIMITED,D104437208,5000108378,4600000344,10,11-08-26,101,HRC,COIL,11513:2017,BIS,cr3,72083990,N,7.453,72110803,MATCHED
2000,R_HR>3MM_CO,Hot Rolled Black Coil 3mm & Above,26HW0543R0,20.93,2001,3.2,1235,0011000122,NMDC STEEL LIMITED,D104439109,5000108381,4600000344,50,11-08-26,101,HRC,COIL,11513:2017,BIS,cr3,72083890,N,7.453,87757238,MATCHED
2000,R_HR>3MM_CO,Hot Rolled Black Coil 3mm & Above,26HW0544R0,20.95,2001,3.2,1235,0011000122,NMDC STEEL LIMITED,D104436204,5000108382,4600000344,50,11-08-26,101,HRC,COIL,11513:2017,BIS,cr3,72083890,N,7.453,78663587,MATCHED
2000,R_HR_CO,Hot Rolled Black Coil,26HW0545R0,20.94,2001,2.2,1230,0011000122,NMDC STEEL LIMITED,D204333108,5000108384,4600000344,20,11-08-26,101,HRC,COIL,11513:2017,BIS,cr3,72083990,N,7.453,37706231,MATCHED
2000,R_HR_CO,Hot Rolled Black Coil,26HW0546R0,21.17,2001,2.5,1230,0011000122,NMDC STEEL LIMITED,D104440201,5000108385,4600000344,30,11-08-26,101,HRC,COIL,11513:2017,BIS,cr3,72083990,N,7.453,52756311,MATCHED
2000,R_HR>3MM_CO,Hot Rolled Black Coil 3mm & Above,26HW0547R0,20.89,2001,3.6,1235,0011000122,NMDC STEEL LIMITED,D204333101,5000108386,4600000344,60,11-08-26,101,HRC,COIL,11513:2017,BIS,cr3,72083890,N,7.453,77831581,MATCHED
2000,R_HR_CO,Hot Rolled Black Coil,26HW0548R0,21.01,2001,2.2,1230,0011000122,NMDC STEEL LIMITED,D100443820,5000108387,4600000344,20,11-08-26,101,HRC,COIL,11513:2017,BIS,cr3,72083990,N,7.453,86583060,MATCHED
2000,R_HR>3MM_CO,Hot Rolled Black Coil 3mm & Above,26HW0549R0,21.1,2001,3.2,1235,0011000122,NMDC STEEL LIMITED,D204336207,5000108388,4600000344,50,11-08-26,101,HRC,COIL,11513:2017,BIS,cr3,72083890,N,7.453,15308581,MATCHED
2000,R_HR_CO,Hot Rolled Black Coil,26HW0550R0,20.91,2001,2.2,1230,0011000122,NMDC STEEL LIMITED,D104435204,5000108389,4600000344,20,11-08-26,101,HRC,COIL,11513:2017,BIS,cr3,72083990,N,7.453,78180159,MATCHED
2000,R_HR_CO,Hot Rolled Black Coil,26HW0551R0,21.01,2001,2,1235,0011000122,NMDC STEEL LIMITED,D204330204,5000108403,4600000344,10,11-08-26,101,HRC,COIL,11513:2017,BIS,cr3,72083990,N,7.453,53669034,MATCHED
2000,R_HR_CO,Hot Rolled Black Coil,26HW0552R0,21.05,2001,2,1235,0011000122,NMDC STEEL LIMITED,D104433101,5000108404,4600000344,10,11-08-26,101,HRC,COIL,11513:2017,BIS,cr3,72083990,N,7.453,20326151,MATCHED
2000,R_HR_CO,Hot Rolled Black Coil,26HW0553R0,20.91,2001,2.2,1230,0011000122,NMDC STEEL LIMITED,D104437201,5000108405,4600000344,20,11-08-26,101,HRC,COIL,11513:2017,BIS,cr3,72083990,N,7.453,48162313,MATCHED
2000,R_HR_CO,Hot Rolled Black Coil,26HW0554R0,20.97,2001,2,1235,0011000122,NMDC STEEL LIMITED,D204330202,5000108406,4600000344,10,11-08-26,101,HRC,COIL,11513:2017,BIS,cr3,72083990,N,7.453,96734497,MATCHED
2000,R_HR_CO,Hot Rolled Black Coil,26HW0555R0,19.75,2001,2.2,1230,0011000122,NMDC STEEL LIMITED,D104237202,5000108407,4600000344,20,11-08-26,101,HRC,COIL,11513:2017,BIS,cr3,72083990,N,7.453,49483392,MATCHED
2000,R_HR_CO,Hot Rolled Black Coil,26HW0556R0,20.96,2001,2.5,1230,0011000122,NMDC STEEL LIMITED,D204336204,5000108408,4600000344,30,11-08-26,101,HRC,COIL,11513:2017,BIS,cr3,72083990,N,7.453,94088708,MATCHED
2000,R_HR_CO,Hot Rolled Black Coil,26HW0557R0,20.87,2001,2.5,1230,0011000122,NMDC STEEL LIMITED,D204337104,5000108410,4600000344,30,11-08-26,101,HRC,COIL,11513:2017,BIS,cr3,72083990,N,7.453,94248824,MATCHED
2000,R_HR_CO,Hot Rolled Black Coil,26HW0558R0,21.03,2001,2.8,1235,0011000122,NMDC STEEL LIMITED,D204336206,5000108418,4600000344,40,11-08-26,101,HRC,COIL,11513:2017,BIS,cr3,72083990,N,7.453,75696028,MATCHED
2000,R_HR_CO,Hot Rolled Black Coil,26HW0559R0,20.93,2001,2.2,1230,0011000122,NMDC STEEL LIMITED,D204330201,5000108419,4600000344,20,11-08-26,101,HRC,COIL,11513:2017,BIS,cr3,72083990,N,7.453,13024073,MATCHED
2000,R_HR_CO,Hot Rolled Black Coil,26HW0560R0,21.14,2001,2.5,1230,0011000122,NMDC STEEL LIMITED,D104438208,5000108422,4600000344,30,11-08-26,101,HRC,COIL,11513:2017,BIS,cr3,72083990,N,7.453,21263695,MATCHED
2000,R_HR_CO,Hot Rolled Black Coil,26HW0561R0,20.97,2001,2.2,1230,0011000122,NMDC STEEL LIMITED,D204335105,5000108423,4600000344,20,11-08-26,101,HRC,COIL,11513:2017,BIS,cr3,72083990,N,7.453,37210421,MATCHED
2000,R_HR_CO,Hot Rolled Black Coil,26HW0562R0,21.09,2001,2.2,1230,0011000122,NMDC STEEL LIMITED,D104438204,5000108478,4600000344,20,11-08-26,101,HRC,COIL,11513:2017,BIS,cr3,72083990,N,7.453,49528932,MATCHED
2000,R_HR_CO,Hot Rolled Black Coil,26HW0563R0,20.88,2001,2.2,1230,0011000122,NMDC STEEL LIMITED,D104439105,5000108484,4600000344,20,11-08-26,101,HRC,COIL,11513:2017,BIS,cr3,72083990,N,7.453,91035710,MATCHED
2000,R_HR_CO,Hot Rolled Black Coil,26HW0564R0,21.18,2001,2.2,1230,0011000122,NMDC STEEL LIMITED,D104432105,5000108486,4600000344,20,11-08-26,101,HRC,COIL,11513:2017,BIS,cr3,72083990,N,7.453,41007031,MATCHED
2000,R_HR_CO,Hot Rolled Black Coil,26HW0565R0,20.92,2001,2.5,1230,0011000122,NMDC STEEL LIMITED,D104439101,5000108488,4600000344,30,11-08-26,101,HRC,COIL,11513:2017,BIS,cr3,72083990,N,7.453,38557746,MATCHED
2000,R_HR_CO,Hot Rolled Black Coil,26HW0566R0,20.94,2001,2.5,1230,0011000122,NMDC STEEL LIMITED,D204333106,5000108489,4600000344,30,11-08-26,101,HRC,COIL,11513:2017,BIS,cr3,72083990,N,7.453,30461254,MATCHED
2000,R_HR_CO,Hot Rolled Black Coil,26HW0567R0,21.07,2001,2.5,1230,0011000122,NMDC STEEL LIMITED,D104438207,5000108491,4600000344,30,11-08-26,101,HRC,COIL,11513:2017,BIS,cr3,72083990,N,7.453,97566547,MATCHED
2000,R_HR_CO,Hot Rolled Black Coil,26HW0568R0,20.94,2001,2.5,1230,0011000122,NMDC STEEL LIMITED,D104436208,5000108492,4600000344,30,11-08-26,101,HRC,COIL,11513:2017,BIS,cr3,72083990,N,7.453,57490785,MATCHED
2000,R_HR_CO,Hot Rolled Black Coil,26HW0569R0,21.03,2001,2.2,1230,0011000122,NMDC STEEL LIMITED,D204331108,5000108493,4600000344,20,11-08-26,101,HRC,COIL,11513:2017,BIS,cr3,72083990,N,7.453,70468459,MATCHED
2000,R_HR_CO,Hot Rolled Black Coil,26HW0570R0,20.91,2001,2.2,1230,0011000122,NMDC STEEL LIMITED,D104439102,5000108494,4600000344,20,11-08-26,101,HRC,COIL,11513:2017,BIS,cr3,72083990,N,7.453,50375632,MATCHED
2000,R_HR>3MM_CO,Hot Rolled Black Coil 3mm & Above,26HW0571R0,20.89,2001,3.6,1235,0011000122,NMDC STEEL LIMITED,D104436203,5000108501,4600000344,60,11-08-26,101,HRC,COIL,11513:2017,BIS,cr3,72083890,N,7.453,65680349,MATCHED
2000,R_HR_CO,Hot Rolled Black Coil,26HW0572R0,20.97,2001,2,1235,0011000122,NMDC STEEL LIMITED,D104437204,5000108509,4600000344,10,11-08-26,101,HRC,COIL,11513:2017,BIS,cr3,72083990,N,7.453,51188104,MATCHED
2000,R_HR>3MM_CO,Hot Rolled Black Coil 3mm & Above,26HW0573R0,21.14,2001,3.6,1235,0011000122,NMDC STEEL LIMITED,D204336209,5000108511,4600000344,60,11-08-26,101,HRC,COIL,11513:2017,BIS,cr3,72083890,N,7.453,92555199,MATCHED
2000,R_HR_CO,Hot Rolled Black Coil,26HW0574R0,20.78,2001,2.2,1230,0011000122,NMDC STEEL LIMITED,D204332106,5000108512,4600000344,20,11-08-26,101,HRC,COIL,11513:2017,BIS,cr3,72083990,N,7.453,73111888,MATCHED
2000,R_HR_CO,Hot Rolled Black Coil,26HW0575R0,20.92,2001,2.5,1230,0011000122,NMDC STEEL LIMITED,D104434203,5000108513,4600000344,30,11-08-26,101,HRC,COIL,11513:2017,BIS,cr3,72083990,N,7.453,74713843,MATCHED
2000,R_HR_CO,Hot Rolled Black Coil,26HW0576R0,21,2001,2.5,1230,0011000122,NMDC STEEL LIMITED,D204336205,5000108515,4600000344,30,11-08-26,101,HRC,COIL,11513:2017,BIS,cr3,72083990,N,7.453,45140897,MATCHED
2000,R_HR_CO,Hot Rolled Black Coil,26HW0577R0,21.04,2001,2.5,1230,0011000122,NMDC STEEL LIMITED,D204331102,5000108516,4600000344,30,11-08-26,101,HRC,COIL,11513:2017,BIS,cr3,72083990,N,7.453,69453518,MATCHED
2000,R_HR_CO,Hot Rolled Black Coil,26HW0578R0,21.01,2001,2.2,1230,0011000122,NMDC STEEL LIMITED,D104440203,5000108517,4600000344,20,11-08-26,101,HRC,COIL,11513:2017,BIS,cr3,72083990,N,7.453,52721236,MATCHED
2000,R_HR_CO,Hot Rolled Black Coil,26HW0579R0,21.17,2001,2.2,1230,0011000122,NMDC STEEL LIMITED,D104432104,5000108518,4600000344,20,11-08-26,101,HRC,COIL,11513:2017,BIS,cr3,72083990,N,7.453,28450105,MATCHED
2000,R_HR_CO,Hot Rolled Black Coil,26HW0580R0,20.99,2001,2,1235,0011000122,NMDC STEEL LIMITED,D204334107,5000108519,4600000344,10,11-08-26,101,HRC,COIL,11513:2017,BIS,cr3,72083990,N,7.453,93263605,MATCHED
2000,R_HR_CO,Hot Rolled Black Coil,26HW0581R0,20.89,2001,2.2,1230,0011000122,NMDC STEEL LIMITED,D204332107,5000108520,4600000344,20,11-08-26,101,HRC,COIL,11513:2017,BIS,cr3,72083990,N,7.453,87413998,MATCHED
2000,R_HR_CO,Hot Rolled Black Coil,26HW0582R0,21.04,2001,2,1235,0011000122,NMDC STEEL LIMITED,D204330206,5000108521,4600000344,10,11-08-26,101,HRC,COIL,11513:2017,BIS,cr3,72083990,N,7.453,11677685,MATCHED
2000,R_HR_CO,Hot Rolled Black Coil,26HW0583R0,21.08,2001,2,1235,0011000122,NMDC STEEL LIMITED,D104438203,5000108522,4600000344,10,11-08-26,101,HRC,COIL,11513:2017,BIS,cr3,72083990,N,7.453,52564842,MATCHED
2000,R_HR_CO,Hot Rolled Black Coil,26HW0584R0,20.92,2001,2.2,1230,0011000122,NMDC STEEL LIMITED,D104435206,5000108523,4600000344,20,11-08-26,101,HRC,COIL,11513:2017,BIS,cr3,72083990,N,7.453,23328292,MATCHED
2000,R_HR_CO,Hot Rolled Black Coil,26HW0585R0,20.93,2001,2.2,1230,0011000122,NMDC STEEL LIMITED,D104435207,5000108531,4600000344,20,11-08-26,101,HRC,COIL,11513:2017,BIS,cr3,72083990,N,7.453,73469183,MATCHED
2000,R_HR_CO,Hot Rolled Black Coil,26HW0586R0,20.97,2001,2.2,1230,0011000122,NMDC STEEL LIMITED,D204111108,5000108532,4600000335,10,01-08-26,101,HRC,COIL,11513:2017,BIS,cr3,72083990,N,7.453,81001785,MATCHED
2000,R_HR_CO,Hot Rolled Black Coil,26HW0587R0,20.95,2001,2.2,1230,0011000122,NMDC STEEL LIMITED,D104239206,5000108535,4600000335,10,01-08-26,101,HRC,COIL,11513:2017,BIS,cr3,72083990,N,7.453,50706388,MATCHED
2000,R_HR_CO,Hot Rolled Black Coil,26HW0588R0,20.9,2001,2.2,1230,0011000122,NMDC STEEL LIMITED,D204112104,5000108536,4600000335,10,01-08-26,101,HRC,COIL,11513:2017,BIS,cr3,72083990,N,7.453,32886190,MATCHED
2000,R_HR_CO,Hot Rolled Black Coil,26HW0589R0,20.94,2001,2.2,1230,0011000122,NMDC STEEL LIMITED,D204112107,5000108537,4600000335,10,01-08-26,101,HRC,COIL,11513:2017,BIS,cr3,72083990,N,7.453,13734777,MATCHED
2000,R_HR_CO,Hot Rolled Black Coil,26HW0590R0,20.97,2001,2.2,1230,0011000122,NMDC STEEL LIMITED,D204112101,5000108538,4600000335,10,01-08-26,101,HRC,COIL,11513:2017,BIS,cr3,72083990,N,7.453,70284730,MATCHED
2000,R_HR_CO,Hot Rolled Black Coil,26HW0591R0,20.98,2001,2.2,1230,0011000122,NMDC STEEL LIMITED,D204107208,5000108539,4600000335,10,01-08-26,101,HRC,COIL,11513:2017,BIS,cr3,72083990,N,7.453,36073938,MATCHED
2000,R_HR_CO,Hot Rolled Black Coil,26HW0592R0,20.97,2001,2.2,1230,0011000122,NMDC STEEL LIMITED,D204111106,5000108540,4600000335,10,01-08-26,101,HRC,COIL,11513:2017,BIS,cr3,72083990,N,7.453,16731858,MATCHED
2000,R_HR_CO,Hot Rolled Black Coil,26HW0593R0,21.02,2001,2.2,1230,0011000122,NMDC STEEL LIMITED,D204111107,5000108541,4600000335,10,01-08-26,101,HRC,COIL,11513:2017,BIS,cr3,72083990,N,7.453,15220224,MATCHED
2000,R_HR_CO,Hot Rolled Black Coil,26HW0594R0,21,2001,2.2,1230,0011000122,NMDC STEEL LIMITED,D204109108,5000108542,4600000335,10,01-08-26,101,HRC,COIL,11513:2017,BIS,cr3,72083990,N,7.453,14695573,MATCHED
2000,R_HR_CO,Hot Rolled Black Coil,26HW0595R0,21.13,2001,2.2,1230,0011000122,NMDC STEEL LIMITED,D104432107,5000108543,4600000344,20,11-08-26,101,HRC,COIL,11513:2017,BIS,cr3,72083990,N,7.453,65303613,MATCHED
2000,R_HR_CO,Hot Rolled Black Coil,26HW0596R0,20.88,2001,2,1235,0011000122,NMDC STEEL LIMITED,D104437203,5000108544,4600000344,10,11-08-26,101,HRC,COIL,11513:2017,BIS,cr3,72083990,N,7.453,43586786,MATCHED
2000,R_HR>3MM_CO,Hot Rolled Black Coil 3mm & Above,26HW0597R0,20.96,2001,3.2,1235,0011000122,NMDC STEEL LIMITED,D104439108,5000108545,4600000344,50,11-08-26,101,HRC,COIL,11513:2017,BIS,cr3,72083890,N,7.453,69620441,MATCHED
2000,R_HR>3MM_CO,Hot Rolled Black Coil 3mm & Above,26HW0598R0,21.05,2001,3.6,1235,0011000122,NMDC STEEL LIMITED,D204336208,5000108546,4600000344,60,11-08-26,101,HRC,COIL,11513:2017,BIS,cr3,72083890,N,7.453,92297790,MATCHED
2000,R_HR_CO,Hot Rolled Black Coil,26HW0599R0,20.99,2001,2,1235,0011000122,NMDC STEEL LIMITED,D204335101,5000108547,4600000344,10,11-08-26,101,HRC,COIL,11513:2017,BIS,cr3,72083990,N,7.453,53006902,MATCHED
2000,R_HR_CO,Hot Rolled Black Coil,26HW0600R0,20.96,2001,2.5,1230,0011000122,NMDC STEEL LIMITED,D204110106,5000108548,4600000335,20,01-08-26,101,HRC,COIL,11513:2017,BIS,cr3,72083990,N,7.453,35269148,MATCHED
2000,R_HR_CO,Hot Rolled Black Coil,26HW0601R0,21.01,2001,2.5,1230,0011000122,NMDC STEEL LIMITED,D204113103,5000108549,4600000335,20,01-08-26,101,HRC,COIL,11513:2017,BIS,cr3,72083990,N,7.453,29047013,MATCHED
2000,R_HR_CO,Hot Rolled Black Coil,26HW0602R0,21.02,2001,2.5,1230,0011000122,NMDC STEEL LIMITED,D204113106,5000108550,4600000335,20,01-08-26,101,HRC,COIL,11513:2017,BIS,cr3,72083990,N,7.453,76188611,MATCHED
2000,R_HR_CO,Hot Rolled Black Coil,26HW0603R0,20.98,2001,2.5,1230,0011000122,NMDC STEEL LIMITED,D204113102,5000108552,4600000335,20,01-08-26,101,HRC,COIL,11513:2017,BIS,cr3,72083990,N,7.453,85431948,MATCHED
2000,R_HR_CO,Hot Rolled Black Coil,26HW0604R0,21.02,2001,2,1235,0011000122,NMDC STEEL LIMITED,D104236206,5000108556,4600000335,30,01-08-26,101,HRC,COIL,11513:2017,BIS,cr3,72083990,N,7.453,70692549,MATCHED
2000,R_HR_CO,Hot Rolled Black Coil,26HW0605R0,20.95,2001,2.5,1230,0011000122,NMDC STEEL LIMITED,D104237205,5000108576,4600000335,20,01-08-26,101,HRC,COIL,11513:2017,BIS,cr3,72083990,N,7.453,58439353,MATCHED
2000,R_HR_CO,Hot Rolled Black Coil,26HW0606R0,20.98,2001,2.2,1230,0011000122,NMDC STEEL LIMITED,D104238205,5000108577,4600000335,10,01-08-26,101,HRC,COIL,11513:2017,BIS,cr3,72083990,N,7.453,69056024,MATCHED
2000,R_HR_CO,Hot Rolled Black Coil,26HW0607R0,20.87,2001,2.5,1230,0011000122,NMDC STEEL LIMITED,D104241204,5000108578,4600000335,20,01-08-26,101,HRC,COIL,11513:2017,BIS,cr3,72083990,N,7.453,30567822,MATCHED
2000,R_HR_CO,Hot Rolled Black Coil,26HW0608R0,21.17,2001,2.2,1230,0011000122,NMDC STEEL LIMITED,D104235101,5000108594,4600000335,10,01-08-26,101,HRC,COIL,11513:2017,BIS,cr3,72083990,N,7.453,38544755,MATCHED
2000,R_HR_CO,Hot Rolled Black Coil,26HW0609R0,20.89,2001,2.5,1230,0011000122,NMDC STEEL LIMITED,D104241201,5000108595,4600000335,20,01-08-26,101,HRC,COIL,11513:2017,BIS,cr3,72083990,N,7.453,45110656,MATCHED
2000,R_HR_CO,Hot Rolled Black Coil,26HW0610R0,20.99,2001,2,1235,0011000122,NMDC STEEL LIMITED,D104235108,5000108596,4600000335,30,01-08-26,101,HRC,COIL,11513:2017,BIS,cr3,72083990,N,7.453,91213364,MATCHED
2000,R_HR_CO,Hot Rolled Black Coil,26HW0611R0,21.14,2001,2,1235,0011000122,NMDC STEEL LIMITED,D104235102,5000108597,4600000335,30,01-08-26,101,HRC,COIL,11513:2017,BIS,cr3,72083990,N,7.453,85476745,MATCHED
2000,R_HR_CO,Hot Rolled Black Coil,26HW0612R0,20.91,2001,2.5,1230,0011000122,NMDC STEEL LIMITED,D204110103,5000108598,4600000335,20,01-08-26,101,HRC,COIL,11513:2017,BIS,cr3,72083990,N,7.453,85529090,MATCHED
2000,R_HR_CO,Hot Rolled Black Coil,26HW0613R0,20.89,2001,2.8,1235,0011000122,NMDC STEEL LIMITED,D104233207,5000108599,4600000335,40,01-08-26,101,HRC,COIL,11513:2017,BIS,cr3,72083990,N,7.453,17670807,MATCHED
2000,R_HR_CO,Hot Rolled Black Coil,26HW0614R0,20.91,2001,2.5,1230,0011000122,NMDC STEEL LIMITED,D104240205,5000108600,4600000335,20,01-08-26,101,HRC,COIL,11513:2017,BIS,cr3,72083990,N,7.453,36093679,MATCHED
2000,R_HR_CO,Hot Rolled Black Coil,26HW0615R0,20.97,2001,2.5,1230,0011000122,NMDC STEEL LIMITED,D204107204,5000108607,4600000335,20,01-08-26,101,HRC,COIL,11513:2017,BIS,cr3,72083990,N,7.453,80641924,MATCHED
2000,R_HR_CO,Hot Rolled Black Coil,26HW0616R0,20.97,2001,2.2,1230,0011000122,NMDC STEEL LIMITED,D204112105,5000108608,4600000335,10,01-08-26,101,HRC,COIL,11513:2017,BIS,cr3,72083990,N,7.453,72138373,MATCHED
2000,R_HR_CO,Hot Rolled Black Coil,26HW0617R0,20.87,2001,2.2,1230,0011000122,NMDC STEEL LIMITED,D104240202,5000108610,4600000335,10,01-08-26,101,HRC,COIL,11513:2017,BIS,cr3,72083990,N,7.453,88887792,MATCHED
2000,R_HR_CO,Hot Rolled Black Coil,26HW0618R0,21.03,2001,2,1235,0011000122,NMDC STEEL LIMITED,D203802202,5000108614,4600000335,30,01-08-26,101,HRC,COIL,11513:2017,BIS,cr3,72083990,N,7.453,99822942,MATCHED
2000,R_HR_CO,Hot Rolled Black Coil,26HW0619R0,21,2001,2,1235,0011000122,NMDC STEEL LIMITED,D104236201,5000108617,4600000335,30,01-08-26,101,HRC,COIL,11513:2017,BIS,cr3,72083990,N,7.453,15079873,MATCHED
2000,R_HR_CO,Hot Rolled Black Coil,26HW0620R0,21.01,2001,2,1235,0011000122,NMDC STEEL LIMITED,D104236207,5000108619,4600000335,30,01-08-26,101,HRC,COIL,11513:2017,BIS,cr3,72083990,N,7.453,58971407,MATCHED
2000,R_HR_CO,Hot Rolled Black Coil,26HW0621R0,20.95,2001,2.2,1230,0011000122,NMDC STEEL LIMITED,D104239209,5000108621,4600000335,10,01-08-26,101,HRC,COIL,11513:2017,BIS,cr3,72083990,N,7.453,35967430,MATCHED
2000,R_HR_CO,Hot Rolled Black Coil,26HW0622R0,20.96,2001,2.2,1230,0011000122,NMDC STEEL LIMITED,D104238204,5000108627,4600000335,10,01-08-26,101,HRC,COIL,11513:2017,BIS,cr3,72083990,N,7.453,41365396,MATCHED
2000,R_HR_CO,Hot Rolled Black Coil,26HW0623R0,20.96,2001,2.2,1230,0011000122,NMDC STEEL LIMITED,D104238208,5000108629,4600000335,10,01-08-26,101,HRC,COIL,11513:2017,BIS,cr3,72083990,N,7.453,52284687,MATCHED
2000,R_HR_CO,Hot Rolled Black Coil,26HW0624R0,20.93,2001,2.5,1230,0011000122,NMDC STEEL LIMITED,D104237208,5000108631,4600000335,20,01-08-26,101,HRC,COIL,11513:2017,BIS,cr3,72083990,N,7.453,41149706,MATCHED
2000,R_HR_CO,Hot Rolled Black Coil,26HW0625R0,21.01,2001,2.2,1230,0011000122,NMDC STEEL LIMITED,D104237201,5000108632,4600000335,10,01-08-26,101,HRC,COIL,11513:2017,BIS,cr3,72083990,N,7.453,45496202,MATCHED
2000,R_HR_CO,Hot Rolled Black Coil,26HW0626R0,20.91,2001,2,1235,0011000122,NMDC STEEL LIMITED,D104236202,5000108633,4600000335,30,01-08-26,101,HRC,COIL,11513:2017,BIS,cr3,72083990,N,7.453,87780016,MATCHED
2000,R_HR_CO,Hot Rolled Black Coil,26HW0627R0,20.96,2001,2.2,1230,0011000122,NMDC STEEL LIMITED,D204111102,5000108639,4600000335,10,01-08-26,101,HRC,COIL,11513:2017,BIS,cr3,72083990,N,7.453,43592872,MATCHED
2000,R_HR_CO,Hot Rolled Black Coil,26HW0628R0,20.93,2001,2.2,1230,0011000122,NMDC STEEL LIMITED,D204113101,5000108640,4600000335,10,01-08-26,101,HRC,COIL,11513:2017,BIS,cr3,72083990,N,7.453,96780472,MATCHED
2000,R_HR_CO,Hot Rolled Black Coil,26HW0629R0,20.92,2001,2.5,1230,0011000122,NMDC STEEL LIMITED,D204110108,5000108642,4600000335,20,01-08-26,101,HRC,COIL,11513:2017,BIS,cr3,72083990,N,7.453,88151197,MATCHED
2000,R_HR_CO,Hot Rolled Black Coil,26HW0630R0,20.92,2001,2.5,1230,0011000122,NMDC STEEL LIMITED,D104240204,5000108643,4600000335,20,01-08-26,101,HRC,COIL,11513:2017,BIS,cr3,72083990,N,7.453,61308280,MATCHED
2000,R_HR_CO,Hot Rolled Black Coil,26HW0631R0,20.98,2001,2.8,1235,0011000122,NMDC STEEL LIMITED,D104233208,5000108644,4600000335,40,01-08-26,101,HRC,COIL,11513:2017,BIS,cr3,72083990,N,7.453,94352112,MATCHED
2000,R_HR_CO,Hot Rolled Black Coil,26HW0632R0,20.83,2001,2,1235,0011000122,NMDC STEEL LIMITED,D204108202,5000108670,4600000335,30,01-08-26,101,HRC,COIL,11513:2017,BIS,cr3,72083990,N,7.453,34170459,MATCHED
2000,R_HR_CO,Hot Rolled Black Coil,26HW0633R0,21.01,2001,2.5,1230,0011000122,NMDC STEEL LIMITED,D204113105,5000108673,4600000335,20,01-08-26,101,HRC,COIL,11513:2017,BIS,cr3,72083990,N,7.453,13556864,MATCHED
2000,R_HR_CO,Hot Rolled Black Coil,26HW0634R0,20.96,2001,2,1235,0011000122,NMDC STEEL LIMITED,D203802208,5000108674,4600000335,30,01-08-26,101,HRC,COIL,11513:2017,BIS,cr3,72083990,N,7.453,54551874,MATCHED
2000,R_HR_CO,Hot Rolled Black Coil,26HW0635R0,20.94,2001,2.5,1230,0011000122,NMDC STEEL LIMITED,D204110109,5000108677,4600000335,20,01-08-26,101,HRC,COIL,11513:2017,BIS,cr3,72083990,N,7.453,20945032,MATCHED
2000,R_HR_CO,Hot Rolled Black Coil,26HW0636R0,21.28,2001,2.5,1230,0011000122,NMDC STEEL LIMITED,D104234105,5000108678,4600000335,20,01-08-26,101,HRC,COIL,11513:2017,BIS,cr3,72083990,N,7.453,65449666,MATCHED
2000,R_HR_CO,Hot Rolled Black Coil,26HW0637R0,20.97,2001,2.2,1230,0011000122,NMDC STEEL LIMITED,D204111103,5000108718,4600000335,10,01-08-26,101,HRC,COIL,11513:2017,BIS,cr3,72083990,N,7.453,50199628,MATCHED
2000,R_HR_CO,Hot Rolled Black Coil,26HW0638R0,20.86,2001,2.5,1230,0011000122,NMDC STEEL LIMITED,D104237207,5000108719,4600000335,20,01-08-26,101,HRC,COIL,11513:2017,BIS,cr3,72083990,N,7.453,17671560,MATCHED
2000,R_HR_CO,Hot Rolled Black Coil,26HW0639R0,20.85,2001,2.5,1230,0011000122,NMDC STEEL LIMITED,D104241208,5000108720,4600000335,20,01-08-26,101,HRC,COIL,11513:2017,BIS,cr3,72083990,N,7.453,58125018,MATCHED
2000,R_HR_CO,Hot Rolled Black Coil,26HW0640R0,20.86,2001,2.5,1230,0011000122,NMDC STEEL LIMITED,D104241207,5000108722,4600000335,20,01-08-26,101,HRC,COIL,11513:2017,BIS,cr3,72083990,N,7.453,31548252,MATCHED
2000,R_HR_CO,Hot Rolled Black Coil,26HW0641R0,20.88,2001,2.2,1230,0011000122,NMDC STEEL LIMITED,D104239201,5000108723,4600000335,10,01-08-26,101,HRC,COIL,11513:2017,BIS,cr3,72083990,N,7.453,62637382,MATCHED
2000,R_HR_CO,Hot Rolled Black Coil,26HW0642R0,20.95,2001,2.2,1230,0011000122,NMDC STEEL LIMITED,D104238207,5000108724,4600000335,10,01-08-26,101,HRC,COIL,11513:2017,BIS,cr3,72083990,N,7.453,34363683,MATCHED
2000,R_HR_CO,Hot Rolled Black Coil,26HW0643R0,20.89,2001,2.5,1230,0011000122,NMDC STEEL LIMITED,D104237209,5000108725,4600000335,20,01-08-26,101,HRC,COIL,11513:2017,BIS,cr3,72083990,N,7.453,52407895,MATCHED
2000,R_HR_CO,Hot Rolled Black Coil,26HW0644R0,20.87,2001,2.5,1230,0011000122,NMDC STEEL LIMITED,D104238202,5000108726,4600000335,20,01-08-26,101,HRC,COIL,11513:2017,BIS,cr3,72083990,N,7.453,78931727,MATCHED
2000,R_HR_CO,Hot Rolled Black Coil,26HW0645R0,20.98,2001,2.5,1230,0011000122,NMDC STEEL LIMITED,D204107203,5000108728,4600000335,20,01-08-26,101,HRC,COIL,11513:2017,BIS,cr3,72083990,N,7.453,15306754,MATCHED
2000,R_HR_CO,Hot Rolled Black Coil,26HW0646R0,20.93,2001,2,1235,0011000122,NMDC STEEL LIMITED,D204108207,5000108733,4600000335,30,01-08-26,101,HRC,COIL,11513:2017,BIS,cr3,72083990,N,7.453,82490532,MATCHED
2000,R_HR_CO,Hot Rolled Black Coil,26HW0647R0,21.02,2001,2,1235,0011000122,NMDC STEEL LIMITED,D204109101,5000108735,4600000335,30,01-08-26,101,HRC,COIL,11513:2017,BIS,cr3,72083990,N,7.453,23643190,MATCHED
2000,R_HR_CO,Hot Rolled Black Coil,26HW0648R0,20.96,2001,2.5,1230,0011000122,NMDC STEEL LIMITED,D204107201,5000108736,4600000335,20,01-08-26,101,HRC,COIL,11513:2017,BIS,cr3,72083990,N,7.453,95018887,MATCHED
2000,R_HR_CO,Hot Rolled Black Coil,26HW0649R0,21.21,2001,2.8,1235,0011000122,NMDC STEEL LIMITED,D104234103,5000108738,4600000335,40,01-08-26,101,HRC,COIL,11513:2017,BIS,cr3,72083990,N,7.453,83126087,MATCHED
2000,R_HR_CO,Hot Rolled Black Coil,26HW0720R0,20.73,2001,2,1235,0011000122,NMDC STEEL LIMITED,D204578206,5000109185,4600000349,10,21-08-26,101,HRC,COIL,11513:2017,BIS,cr3,72083990,N,7.453,45275544,MATCHED
2000,R_HR_CO,Hot Rolled Black Coil,26HW0721R0,20.88,2001,2.5,1230,0011000122,NMDC STEEL LIMITED,D204574202,5000109193,4600000349,30,21-08-26,101,HRC,COIL,11513:2017,BIS,cr3,72083990,N,7.453,14122188,MATCHED
2000,R_HR_CO,Hot Rolled Black Coil,26HW0722R0,20.95,2001,2.2,1230,0011000122,NMDC STEEL LIMITED,D204574206,5000109194,4600000349,20,21-08-26,101,HRC,COIL,11513:2017,BIS,cr3,72083990,N,7.453,78338019,MATCHED
2000,R_HR_CO,Hot Rolled Black Coil,26HW0723R0,21.17,2001,2,1235,0011000122,NMDC STEEL LIMITED,D204575207,5000109195,4600000349,10,21-08-26,101,HRC,COIL,11513:2017,BIS,cr3,72083990,N,7.453,32480126,MATCHED
2000,R_HR_CO,Hot Rolled Black Coil,26HW0724R0,20.97,2001,2.5,1230,0011000122,NMDC STEEL LIMITED,D204573102,5000109196,4600000349,30,21-08-26,101,HRC,COIL,11513:2017,BIS,cr3,72083990,N,7.453,58527957,MATCHED
2000,R_HR_CO,Hot Rolled Black Coil,26HW0725R0,21.17,2001,2,1235,0011000122,NMDC STEEL LIMITED,D204575206,5000109198,4600000349,10,21-08-26,101,HRC,COIL,11513:2017,BIS,cr3,72083990,N,7.453,66582220,MATCHED
2000,R_HR_CO,Hot Rolled Black Coil,26HW0726R0,21.06,2001,2.5,1230,0011000122,NMDC STEEL LIMITED,D204573101,5000109200,4600000349,30,21-08-26,101,HRC,COIL,11513:2017,BIS,cr3,72083990,N,7.453,99603151,MATCHED
2000,R_HR_CO,Hot Rolled Black Coil,26HW0727R0,21.12,2001,2.5,1230,0011000122,NMDC STEEL LIMITED,D204572108,5000109203,4600000349,30,21-08-26,101,HRC,COIL,11513:2017,BIS,cr3,72083990,N,7.453,78829613,MATCHED
2000,R_HR_CO,Hot Rolled Black Coil,26HW0728R0,21.33,2001,2.5,1230,0011000122,NMDC STEEL LIMITED,D204572106,5000109204,4600000349,30,21-08-26,101,HRC,COIL,11513:2017,BIS,cr3,72083990,N,7.453,84276291,MATCHED
2000,R_HR_CO,Hot Rolled Black Coil,26HW0729R0,20.97,2001,2,1235,0011000122,NMDC STEEL LIMITED,D204576206,5000109205,4600000349,10,21-08-26,101,HRC,COIL,11513:2017,BIS,cr3,72083990,N,7.453,34170139,MATCHED
2000,R_HR_CO,Hot Rolled Black Coil,26HW0730R0,21.28,2001,2.8,1235,0011000122,NMDC STEEL LIMITED,D204572101,5000109206,4600000349,40,21-08-26,101,HRC,COIL,11513:2017,BIS,cr3,72083990,N,7.453,29766817,MATCHED
2000,R_HR_CO,Hot Rolled Black Coil,26HW0732R0,20.72,2001,2.8,1235,0011000122,NMDC STEEL LIMITED,D104643102,5000109208,4600000349,40,21-08-26,101,HRC,COIL,11513:2017,BIS,cr3,72083990,N,7.453,48350960,MATCHED
2000,R_HR_CO,Hot Rolled Black Coil,26HW0733R0,20.86,2001,2.5,1230,0011000122,NMDC STEEL LIMITED,D204578201,5000109209,4600000349,30,21-08-26,101,HRC,COIL,11513:2017,BIS,cr3,72083990,N,7.453,52318535,MATCHED
2000,R_HR_CO,Hot Rolled Black Coil,26HW0734R0,20.96,2001,2,1235,0011000122,NMDC STEEL LIMITED,D104437205,5000109210,4600000349,10,21-08-26,101,HRC,COIL,11513:2017,BIS,cr3,72083990,N,7.453,27648080,MATCHED
2000,R_HR>3MM_CO,Hot Rolled Black Coil 3mm & Above,26HW0735R0,20.82,2001,3.2,1235,0011000122,NMDC STEEL LIMITED,D204337102,5000109211,4600000349,50,21-08-26,101,HRC,COIL,11513:2017,BIS,cr3,72083890,N,7.453,67809980,MATCHED
2000,R_HR_CO,Hot Rolled Black Coil,26HW0736R0,20.93,2001,2.8,1235,0011000122,NMDC STEEL LIMITED,D104642206,5000109213,4600000349,40,21-08-26,101,HRC,COIL,11513:2017,BIS,cr3,72083990,N,7.453,84296369,MATCHED
2000,R_HR_CO,Hot Rolled Black Coil,26HW0737R0,20.83,2001,2,1235,0011000122,NMDC STEEL LIMITED,D204578208,5000109215,4600000349,10,21-08-26,101,HRC,COIL,11513:2017,BIS,cr3,72083990,N,7.453,31883302,MATCHED
2000,R_HR_CO,Hot Rolled Black Coil,26HW0738R0,20.83,2001,2.2,1230,0011000122,NMDC STEEL LIMITED,D204581202,5000109217,4600000349,20,21-08-26,101,HRC,COIL,11513:2017,BIS,cr3,72083990,N,7.453,53779761,MATCHED
2000,R_HR_CO,Hot Rolled Black Coil,26HW0739R0,21.05,2001,2.5,1230,0011000122,NMDC STEEL LIMITED,D104646108,5000109218,4600000349,30,21-08-26,101,HRC,COIL,11513:2017,BIS,cr3,72083990,N,7.453,48033028,MATCHED
2000,R_HR>3MM_CO,Hot Rolled Black Coil 3mm & Above,26HW0740R0,20.79,2001,3.6,1235,0011000122,NMDC STEEL LIMITED,D104643111,5000109219,4600000349,60,21-08-26,101,HRC,COIL,11513:2017,BIS,cr3,72083890,N,7.453,19416431,MATCHED
2000,R_HR_CO,Hot Rolled Black Coil,26HW0741R0,20.91,2001,2,1235,0011000122,NMDC STEEL LIMITED,D204577201,5000109220,4600000349,10,21-08-26,101,HRC,COIL,11513:2017,BIS,cr3,72083990,N,7.453,36782766,MATCHED
2000,R_HR_CO,Hot Rolled Black Coil,26HW0742R0,20.93,2001,2.2,1230,0011000122,NMDC STEEL LIMITED,D104645107,5000109221,4600000349,20,21-08-26,101,HRC,COIL,11513:2017,BIS,cr3,72083990,N,7.453,69962376,MATCHED
2000,R_HR_CO,Hot Rolled Black Coil,26HW0743R0,21.02,2001,2,1235,0011000122,NMDC STEEL LIMITED,D204576205,5000109222,4600000349,10,21-08-26,101,HRC,COIL,11513:2017,BIS,cr3,72083990,N,7.453,76656741,MATCHED
2000,R_HR_CO,Hot Rolled Black Coil,26HW0744R0,20.8,2001,2,1235,0011000122,NMDC STEEL LIMITED,D204578205,5000109223,4600000349,10,21-08-26,101,HRC,COIL,11513:2017,BIS,cr3,72083990,N,7.453,52805310,MATCHED
2000,R_HR>3MM_CO,Hot Rolled Black Coil 3mm & Above,26HW0745R0,20.97,2001,3.6,1235,0011000122,NMDC STEEL LIMITED,D104642201,5000109224,4600000349,60,21-08-26,101,HRC,COIL,11513:2017,BIS,cr3,72083890,N,7.453,99540960,MATCHED
2000,R_HR_CO,Hot Rolled Black Coil,26HW0746R0,21.14,2001,2,1235,0011000122,NMDC STEEL LIMITED,D204576204,5000109225,4600000349,10,21-08-26,101,HRC,COIL,11513:2017,BIS,cr3,72083990,N,7.453,73589580,MATCHED
2000,R_HR_CO,Hot Rolled Black Coil,26HW0747R0,20.35,2001,2,1235,0011000122,NMDC STEEL LIMITED,D104434202,5000109226,4600000349,10,21-08-26,101,HRC,COIL,11513:2017,BIS,cr3,72083990,N,7.453,92812494,MATCHED
2000,R_HR_CO,Hot Rolled Black Coil,26HW0748R0,20.68,2001,2,1235,0011000122,NMDC STEEL LIMITED,D204576208,5000109227,4600000349,10,21-08-26,101,HRC,COIL,11513:2017,BIS,cr3,72083990,N,7.453,18023246,MATCHED
2000,R_HR_CO,Hot Rolled Black Coil,26HW0749R0,21.11,2001,2.5,1230,0011000122,NMDC STEEL LIMITED,D204573104,5000109228,4600000349,30,21-08-26,101,HRC,COIL,11513:2017,BIS,cr3,72083990,N,7.453,95341152,MATCHED
2000,R_HR_CO,Hot Rolled Black Coil,26HW0750R0,20.74,2001,2.2,1230,0011000122,NMDC STEEL LIMITED,D204580205,5000109229,4600000349,20,21-08-26,101,HRC,COIL,11513:2017,BIS,cr3,72083990,N,7.453,24292489,MATCHED
2000,R_HR_CO,Hot Rolled Black Coil,26HW0751R0,20.99,2001,2.2,1230,0011000122,NMDC STEEL LIMITED,D104440208,5000109230,4600000349,20,21-08-26,101,HRC,COIL,11513:2017,BIS,cr3,72083990,N,7.453,23330242,MATCHED
2000,R_HR_CO,Hot Rolled Black Coil,26HW0752R0,21,2001,2.2,1230,0011000122,NMDC STEEL LIMITED,D104646105,5000109231,4600000349,20,21-08-26,101,HRC,COIL,11513:2017,BIS,cr3,72083990,N,7.453,52858598,MATCHED
2000,R_HR_CO,Hot Rolled Black Coil,26HW0753R0,20.86,2001,2,1235,0011000122,NMDC STEEL LIMITED,D104644107,5000109232,4600000349,10,21-08-26,101,HRC,COIL,11513:2017,BIS,cr3,72083990,N,7.453,69507896,MATCHED
2000,R_HR_CO,Hot Rolled Black Coil,26HW0754R0,21,2001,2.2,1230,0011000122,NMDC STEEL LIMITED,D204575203,5000109233,4600000349,20,21-08-26,101,HRC,COIL,11513:2017,BIS,cr3,72083990,N,7.453,64482559,MATCHED
2000,R_HR_CO,Hot Rolled Black Coil,26HW0755R0,20.84,2001,2,1235,0011000122,NMDC STEEL LIMITED,D204579207,5000109234,4600000349,10,21-08-26,101,HRC,COIL,11513:2017,BIS,cr3,72083990,N,7.453,97614807,MATCHED
2000,R_HR_CO,Hot Rolled Black Coil,26HW0756R0,20.86,2001,2.2,1230,0011000122,NMDC STEEL LIMITED,D204578202,5000109235,4600000349,20,21-08-26,101,HRC,COIL,11513:2017,BIS,cr3,72083990,N,7.453,76856570,MATCHED
2000,R_HR_CO,Hot Rolled Black Coil,26HW0757R0,20.8,2001,2,1235,0011000122,NMDC STEEL LIMITED,D104644106,5000109236,4600000349,10,21-08-26,101,HRC,COIL,11513:2017,BIS,cr3,72083990,N,7.453,85911693,MATCHED
2000,R_HR_CO,Hot Rolled Black Coil,26HW0758R0,20.87,2001,2,1235,0011000122,NMDC STEEL LIMITED,D204334106,5000109237,4600000349,10,21-08-26,101,HRC,COIL,11513:2017,BIS,cr3,72083990,N,7.453,23070309,MATCHED
2000,R_HR_CO,Hot Rolled Black Coil,26HW0759R0,20.84,2001,2.2,1230,0011000122,NMDC STEEL LIMITED,D204580204,5000109238,4600000349,20,21-08-26,101,HRC,COIL,11513:2017,BIS,cr3,72083990,N,7.453,69342974,MATCHED
2000,R_HR_CO,Hot Rolled Black Coil,26HW0760R0,20.79,2001,2.2,1230,0011000122,NMDC STEEL LIMITED,D204580207,5000109239,4600000349,20,21-08-26,101,HRC,COIL,11513:2017,BIS,cr3,72083990,N,7.453,40375907,MATCHED
2000,R_HR_CO,Hot Rolled Black Coil,26HW0761R0,20.86,2001,2,1235,0011000122,NMDC STEEL LIMITED,D104644104,5000109240,4600000349,10,21-08-26,101,HRC,COIL,11513:2017,BIS,cr3,72083990,N,7.453,82529624,MATCHED
2000,R_HR_CO,Hot Rolled Black Coil,26HW0762R0,21.14,2001,2.5,1230,0011000122,NMDC STEEL LIMITED,D204572107,5000109241,4600000349,30,21-08-26,101,HRC,COIL,11513:2017,BIS,cr3,72083990,N,7.453,12450808,MATCHED
2000,R_HR_CO,Hot Rolled Black Coil,26HW0763R0,20.88,2001,2,1235,0011000122,NMDC STEEL LIMITED,D204576209,5000109242,4600000349,10,21-08-26,101,HRC,COIL,11513:2017,BIS,cr3,72083990,N,7.453,43422554,MATCHED
2000,R_HR_CO,Hot Rolled Black Coil,26HW0764R0,20.99,2001,2,1235,0011000122,NMDC STEEL LIMITED,D104437206,5000109243,4600000349,10,21-08-26,101,HRC,COIL,11513:2017,BIS,cr3,72083990,N,7.453,25367421,MATCHED
2000,R_HR_CO,Hot Rolled Black Coil,26HW0765R0,20.81,2001,2,1235,0011000122,NMDC STEEL LIMITED,D204578204,5000109244,4600000349,10,21-08-26,101,HRC,COIL,11513:2017,BIS,cr3,72083990,N,7.453,32645150,MATCHED
2000,R_HR_CO,Hot Rolled Black Coil,26HW0766R0,20.59,2001,2.5,1230,0011000122,NMDC STEEL LIMITED,D104643104,5000109245,4600000349,30,21-08-26,101,HRC,COIL,11513:2017,BIS,cr3,72083990,N,7.453,74608757,MATCHED
2000,R_HR_CO,Hot Rolled Black Coil,26HW0767R0,20.67,2001,2.2,1230,0011000122,NMDC STEEL LIMITED,D104643106,5000109246,4600000349,20,21-08-26,101,HRC,COIL,11513:2017,BIS,cr3,72083990,N,7.453,26628003,MATCHED
2000,R_HR_CO,Hot Rolled Black Coil,26HW0768R0,20.945,2001,2,1235,0011000122,NMDC STEEL LIMITED,D204109105,5000109247,4600000349,10,21-08-26,101,HRC,COIL,11513:2017,BIS,cr3,72083990,N,7.453,85676456,MATCHED
2000,R_HR_CO,Hot Rolled Black Coil,26HW0769R0,21,2001,2.5,1230,0011000122,NMDC STEEL LIMITED,D204573105,5000109248,4600000349,30,21-08-26,101,HRC,COIL,11513:2017,BIS,cr3,72083990,N,7.453,53410354,MATCHED
2000,R_HR_CO,Hot Rolled Black Coil,26HW0770R0,20.96,2001,2.2,1230,0011000122,NMDC STEEL LIMITED,D204574205,5000109249,4600000349,20,21-08-26,101,HRC,COIL,11513:2017,BIS,cr3,72083990,N,7.453,18108064,MATCHED
2000,R_HR_CO,Hot Rolled Black Coil,26HW0771R0,20.84,2001,2.2,1230,0011000122,NMDC STEEL LIMITED,D204580201,5000109250,4600000349,20,21-08-26,101,HRC,COIL,11513:2017,BIS,cr3,72083990,N,7.453,56777955,MATCHED
2000,R_HR_CO,Hot Rolled Black Coil,26HW0772R0,20.84,2001,2.2,1230,0011000122,NMDC STEEL LIMITED,D204578203,5000109251,4600000349,20,21-08-26,101,HRC,COIL,11513:2017,BIS,cr3,72083990,N,7.453,66315089,MATCHED
2000,R_HR_CO,Hot Rolled Black Coil,26HW0773R0,20.68,2001,2,1235,0011000122,NMDC STEEL LIMITED,D104643108,5000109252,4600000349,10,21-08-26,101,HRC,COIL,11513:2017,BIS,cr3,72083990,N,7.453,78114785,MATCHED
2000,R_HR_CO,Hot Rolled Black Coil,26HW0774R0,20.95,2001,2,1235,0011000122,NMDC STEEL LIMITED,D204577203,5000109253,4600000349,10,21-08-26,101,HRC,COIL,11513:2017,BIS,cr3,72083990,N,7.453,52141140,MATCHED
2000,R_HR_CO,Hot Rolled Black Coil,26HW0775R0,21.23,2001,2,1235,0011000122,NMDC STEEL LIMITED,D204576201,5000109254,4600000349,10,21-08-26,101,HRC,COIL,11513:2017,BIS,cr3,72083990,N,7.453,52573305,MATCHED
2000,R_HR_CO,Hot Rolled Black Coil,26HW0776R0,20.9,2001,2,1235,0011000122,NMDC STEEL LIMITED,D204576207,5000109255,4600000349,10,21-08-26,101,HRC,COIL,11513:2017,BIS,cr3,72083990,N,7.453,78609142,MATCHED
2000,R_HR_CO,Hot Rolled Black Coil,26HW0777R0,21,2001,2.2,1230,0011000122,NMDC STEEL LIMITED,D204575201,5000109256,4600000349,20,21-08-26,101,HRC,COIL,11513:2017,BIS,cr3,72083990,N,7.453,81218288,MATCHED
2000,R_HR_CO,Hot Rolled Black Coil,26HW0778R0,21.35,2001,2.5,1230,0011000122,NMDC STEEL LIMITED,D204572105,5000109257,4600000349,30,21-08-26,101,HRC,COIL,11513:2017,BIS,cr3,72083990,N,7.453,45367378,MATCHED
2000,R_HR_CO,Hot Rolled Black Coil,26HW0779R0,21.01,2001,2.5,1230,0011000122,NMDC STEEL LIMITED,D204573107,5000109258,4600000349,30,21-08-26,101,HRC,COIL,11513:2017,BIS,cr3,72083990,N,7.453,87146423,MATCHED
2000,R_HR_CO,Hot Rolled Black Coil,26HW0780R0,21.04,2001,2.2,1230,0011000122,NMDC STEEL LIMITED,D104440207,5000109259,4600000349,20,21-08-26,101,HRC,COIL,11513:2017,BIS,cr3,72083990,N,7.453,55438885,MATCHED
2000,R_HR_CO,Hot Rolled Black Coil,26HW0781R0,20.89,2001,2.2,1230,0011000122,NMDC STEEL LIMITED,D204335107,5000109260,4600000349,20,21-08-26,101,HRC,COIL,11513:2017,BIS,cr3,72083990,N,7.453,94915827,MATCHED
2000,R_HR_CO,Hot Rolled Black Coil,26HW0782R0,21.09,2001,2.5,1230,0011000122,NMDC STEEL LIMITED,D204573106,5000109261,4600000349,30,21-08-26,101,HRC,COIL,11513:2017,BIS,cr3,72083990,N,7.453,99922662,MATCHED
2000,R_HR_CO,Hot Rolled Black Coil,26HW0783R0,21,2001,2.5,1230,0011000122,NMDC STEEL LIMITED,D104646106,5000109262,4600000349,30,21-08-26,101,HRC,COIL,11513:2017,BIS,cr3,72083990,N,7.453,17603378,MATCHED
2000,R_HR_CO,Hot Rolled Black Coil,26HW0784R0,21.03,2001,2.5,1230,0011000122,NMDC STEEL LIMITED,D204574203,5000109263,4600000349,30,21-08-26,101,HRC,COIL,11513:2017,BIS,cr3,72083990,N,7.453,16822964,MATCHED
2000,R_HR_CO,Hot Rolled Black Coil,26HW0785R0,20.99,2001,2,1235,0011000122,NMDC STEEL LIMITED,D204575205,5000109264,4600000349,10,21-08-26,101,HRC,COIL,11513:2017,BIS,cr3,72083990,N,7.453,86477391,MATCHED
2000,R_HR_CO,Hot Rolled Black Coil,26HW0786R0,20.84,2001,2,1235,0011000122,NMDC STEEL LIMITED,D204579204,5000109265,4600000349,10,21-08-26,101,HRC,COIL,11513:2017,BIS,cr3,72083990,N,7.453,24694035,MATCHED
2000,R_HR_CO,Hot Rolled Black Coil,26HW0787R0,20.9,2001,2.2,1230,0011000122,NMDC STEEL LIMITED,D104646101,5000109266,4600000349,20,21-08-26,101,HRC,COIL,11513:2017,BIS,cr3,72083990,N,7.453,70833591,MATCHED
2000,R_HR_CO,Hot Rolled Black Coil,26HW0788R0,20.96,2001,2.2,1230,0011000122,NMDC STEEL LIMITED,D204573109,5000109267,4600000349,20,21-08-26,101,HRC,COIL,11513:2017,BIS,cr3,72083990,N,7.453,64848269,MATCHED
2000,R_HR_CO,Hot Rolled Black Coil,26HW0789R0,20.92,2001,2.2,1230,0011000122,NMDC STEEL LIMITED,D104646103,5000109269,4600000349,20,21-08-26,101,HRC,COIL,11513:2017,BIS,cr3,72083990,N,7.453,68899266,MATCHED
2000,R_HR_CO,Hot Rolled Black Coil,26HW0790R0,21,2001,2.2,1230,0011000122,NMDC STEEL LIMITED,D104645102,5000109270,4600000349,20,21-08-26,101,HRC,COIL,11513:2017,BIS,cr3,72083990,N,7.453,68787646,MATCHED
2000,R_HR_CO,Hot Rolled Black Coil,26HW0791R0,20.96,2001,2.2,1230,0011000122,NMDC STEEL LIMITED,D204574207,5000109271,4600000349,20,21-08-26,101,HRC,COIL,11513:2017,BIS,cr3,72083990,N,7.453,53970697,MATCHED
2000,R_HR_CO,Hot Rolled Black Coil,26HW0792R0,20.84,2001,2.2,1230,0011000122,NMDC STEEL LIMITED,D204581203,5000109272,4600000349,20,21-08-26,101,HRC,COIL,11513:2017,BIS,cr3,72083990,N,7.453,53977684,MATCHED
2000,R_HR_CO,Hot Rolled Black Coil,26HW0793R0,21.12,2001,2.5,1230,0011000122,NMDC STEEL LIMITED,D204573103,5000109273,4600000349,30,21-08-26,101,HRC,COIL,11513:2017,BIS,cr3,72083990,N,7.453,50945146,MATCHED
2000,R_HR_CO,Hot Rolled Black Coil,26HW0794R0,20.85,2001,2,1235,0011000122,NMDC STEEL LIMITED,D204579202,5000109274,4600000349,10,21-08-26,101,HRC,COIL,11513:2017,BIS,cr3,72083990,N,7.453,54921728,MATCHED
2000,R_HR_CO,Hot Rolled Black Coil,26HW0795R0,20.85,2001,2,1235,0011000122,NMDC STEEL LIMITED,D204578207,5000109275,4600000349,10,21-08-26,101,HRC,COIL,11513:2017,BIS,cr3,72083990,N,7.453,14867659,MATCHED
2000,R_HR_CO,Hot Rolled Black Coil,26HW0796R0,20.93,2001,2,1235,0011000122,NMDC STEEL LIMITED,D204577204,5000109276,4600000349,10,21-08-26,101,HRC,COIL,11513:2017,BIS,cr3,72083990,N,7.453,11428135,MATCHED
2000,R_HR_CO,Hot Rolled Black Coil,26HW0797R0,21.06,2001,2.2,1230,0011000122,NMDC STEEL LIMITED,D204574204,5000109278,4600000349,20,21-08-26,101,HRC,COIL,11513:2017,BIS,cr3,72083990,N,7.453,33763488,MATCHED
2000,R_HR_CO,Hot Rolled Black Coil,26HW0798R0,20.91,2001,2.2,1230,0011000122,NMDC STEEL LIMITED,D104645108,5000109280,4600000349,20,21-08-26,101,HRC,COIL,11513:2017,BIS,cr3,72083990,N,7.453,13981027,MATCHED
2000,R_HR_CO,Hot Rolled Black Coil,26HW0799R0,20.91,2001,2.5,1230,0011000122,NMDC STEEL LIMITED,D104642208,5000109281,4600000349,30,21-08-26,101,HRC,COIL,11513:2017,BIS,cr3,72083990,N,7.453,11186111,MATCHED
2000,R_HR_CO,Hot Rolled Black Coil,26HW0800R0,20.98,2001,2.2,1230,0011000122,NMDC STEEL LIMITED,D104440206,5000109282,4600000349,20,21-08-26,101,HRC,COIL,11513:2017,BIS,cr3,72083990,N,7.453,61586862,MATCHED
2000,R_HR_CO,Hot Rolled Black Coil,26HW0801R0,20.47,2001,2.5,1230,0011000122,NMDC STEEL LIMITED,D204331104,5000109283,4600000349,30,21-08-26,101,HRC,COIL,11513:2017,BIS,cr3,72083990,N,7.453,12451196,MATCHED
2000,R_HR_CO,Hot Rolled Black Coil,26HW0802R0,20.79,2001,2,1235,0011000122,NMDC STEEL LIMITED,D104644102,5000109284,4600000349,10,21-08-26,101,HRC,COIL,11513:2017,BIS,cr3,72083990,N,7.453,57929006,MATCHED
2000,R_HR_CO,Hot Rolled Black Coil,26HW0803R0,20.74,2001,2,1235,0011000122,NMDC STEEL LIMITED,D104644101,5000109285,4600000349,10,21-08-26,101,HRC,COIL,11513:2017,BIS,cr3,72083990,N,7.453,94074692,MATCHED
2000,R_HR_CO,Hot Rolled Black Coil,26HW0804R0,20.81,2001,2,1235,0011000122,NMDC STEEL LIMITED,D104645101,5000109286,4600000349,10,21-08-26,101,HRC,COIL,11513:2017,BIS,cr3,72083990,N,7.453,71473194,MATCHED
2000,R_HR_CO,Hot Rolled Black Coil,26HW0805R0,20.87,2001,2,1235,0011000122,NMDC STEEL LIMITED,D204579203,5000109287,4600000349,10,21-08-26,101,HRC,COIL,11513:2017,BIS,cr3,72083990,N,7.453,18470402,MATCHED
2000,R_HR_CO,Hot Rolled Black Coil,26HW0806R0,20.87,2001,2.5,1230,0011000122,NMDC STEEL LIMITED,D204574201,5000109293,4600000349,30,21-08-26,101,HRC,COIL,11513:2017,BIS,cr3,72083990,N,7.453,16426121,MATCHED
2000,R_HR_CO,Hot Rolled Black Coil,26HW0807R0,21.31,2001,2.5,1230,0011000122,NMDC STEEL LIMITED,D204572102,5000109296,4600000349,30,21-08-26,101,HRC,COIL,11513:2017,BIS,cr3,72083990,N,7.453,95669640,MATCHED
2000,R_HR>3MM_CO,Hot Rolled Black Coil 3mm & Above,26HW0808R0,20.8,2001,3.6,1235,0011000122,NMDC STEEL LIMITED,D204581209,5000109298,4600000349,60,21-08-26,101,HRC,COIL,11513:2017,BIS,cr3,72083890,N,7.453,51272024,MATCHED
2000,R_HR_CO,Hot Rolled Black Coil,26HW0809R0,20.83,2001,2,1235,0011000122,NMDC STEEL LIMITED,D204579201,5000109301,4600000349,10,21-08-26,101,HRC,COIL,11513:2017,BIS,cr3,72083990,N,7.453,86375655,MATCHED
2000,R_HR_CO,Hot Rolled Black Coil,26HW0810R0,20.98,2001,2.2,1230,0011000122,NMDC STEEL LIMITED,D204574208,5000109302,4600000349,20,21-08-26,101,HRC,COIL,11513:2017,BIS,cr3,72083990,N,7.453,62151662,MATCHED
2000,R_HR_CO,Hot Rolled Black Coil,26HW0811R0,20.89,2001,2.5,1230,0011000122,NMDC STEEL LIMITED,D104237206,5000109303,4600000349,30,21-08-26,101,HRC,COIL,11513:2017,BIS,cr3,72083990,N,7.453,28537593,MATCHED
2000,R_HR_CO,Hot Rolled Black Coil,26HW0812R0,20.86,2001,2.2,1230,0011000122,NMDC STEEL LIMITED,D104645105,5000109304,4600000349,20,21-08-26,101,HRC,COIL,11513:2017,BIS,cr3,72083990,N,7.453,69022865,MATCHED
2000,R_HR_CO,Hot Rolled Black Coil,26HW0813R0,20.98,2001,2.2,1230,0011000122,NMDC STEEL LIMITED,D104641101,5000109308,4600000349,20,21-08-26,101,HRC,COIL,11513:2017,BIS,cr3,72083990,N,7.453,56634107,MATCHED
2000,R_HR_CO,Hot Rolled Black Coil,26HW0814R0,20.9,2001,2,1235,0011000122,NMDC STEEL LIMITED,D104644108,5000109312,4600000349,10,21-08-26,101,HRC,COIL,11513:2017,BIS,cr3,72083990,N,7.453,22782646,MATCHED
2000,R_HR_CO,Hot Rolled Black Coil,26HW0815R0,21.22,2001,2.5,1230,0011000122,NMDC STEEL LIMITED,D204572103,5000109314,4600000349,30,21-08-26,101,HRC,COIL,11513:2017,BIS,cr3,72083990,N,7.453,64722665,MATCHED
2000,R_HR_CO,Hot Rolled Black Coil,26HW0816R0,20.93,2001,2.5,1230,0011000122,NMDC STEEL LIMITED,D104240207,5000109315,4600000349,30,21-08-26,101,HRC,COIL,11513:2017,BIS,cr3,72083990,N,7.453,95291906,MATCHED
2000,R_HR_CO,Hot Rolled Black Coil,26HW0817R0,20.84,2001,2,1235,0011000122,NMDC STEEL LIMITED,D104644103,5000109316,4600000349,10,21-08-26,101,HRC,COIL,11513:2017,BIS,cr3,72083990,N,7.453,26632342,MATCHED
2000,R_HR_CO,Hot Rolled Black Coil,26HW0818R0,21.26,2001,2,1235,0011000122,NMDC STEEL LIMITED,D204576203,5000109317,4600000349,10,21-08-26,101,HRC,COIL,11513:2017,BIS,cr3,72083990,N,7.453,41673862,MATCHED
2000,R_HR>3MM_CO,Hot Rolled Black Coil 3mm & Above,26HW0819R0,21.29,2001,3.2,1235,0011000122,NMDC STEEL LIMITED,D204571108,5000109319,4600000349,50,21-08-26,101,HRC,COIL,11513:2017,BIS,cr3,72083890,N,7.453,86088495,MATCHED
2000,R_HR_CO,Hot Rolled Black Coil,26HW0820R0,20.81,2001,2.2,1230,0011000122,NMDC STEEL LIMITED,D204580208,5000109320,4600000349,20,21-08-26,101,HRC,COIL,11513:2017,BIS,cr3,72083990,N,7.453,95980303,MATCHED
2000,R_HR_CO,Hot Rolled Black Coil,26HW0821R0,21.02,2001,2.5,1230,0011000122,NMDC STEEL LIMITED,D204573108,5000109321,4600000349,30,21-08-26,101,HRC,COIL,11513:2017,BIS,cr3,72083990,N,7.453,69846195,MATCHED
2000,R_HR_CO,Hot Rolled Black Coil,26HW0822R0,20.8,2001,2.5,1230,0011000122,NMDC STEEL LIMITED,D204577208,5000109323,4600000349,30,21-08-26,101,HRC,COIL,11513:2017,BIS,cr3,72083990,N,7.453,92641556,MATCHED
2000,R_HR_CO,Hot Rolled Black Coil,26HW0823R0,20.51,2001,2.5,1230,0011000122,NMDC STEEL LIMITED,D104643103,5000109325,4600000349,30,21-08-26,101,HRC,COIL,11513:2017,BIS,cr3,72083990,N,7.453,25078100,MATCHED
2000,R_HR_CO,Hot Rolled Black Coil,26HW0824R0,20.92,2001,2.2,1230,0011000122,NMDC STEEL LIMITED,D104645103,5000109326,4600000349,20,21-08-26,101,HRC,COIL,11513:2017,BIS,cr3,72083990,N,7.453,42732278,MATCHED
2000,R_HR_CO,Hot Rolled Black Coil,26HW0825R0,20.89,2001,2.8,1235,0011000122,NMDC STEEL LIMITED,D204577207,5000109327,4600000349,40,21-08-26,101,HRC,COIL,11513:2017,BIS,cr3,72083990,N,7.453,73554072,MATCHED
2000,R_HR_CO,Hot Rolled Black Coil,26HW0826R0,20.78,2001,2.2,1230,0011000122,NMDC STEEL LIMITED,D104645104,5000109329,4600000349,20,21-08-26,101,HRC,COIL,11513:2017,BIS,cr3,72083990,N,7.453,50822019,MATCHED
2000,R_HR>3MM_CO,Hot Rolled Black Coil 3mm & Above,26HW0827R0,21.09,2001,3.6,1235,0011000122,NMDC STEEL LIMITED,D104642202,5000109330,4600000349,60,21-08-26,101,HRC,COIL,11513:2017,BIS,cr3,72083890,N,7.453,91832789,MATCHED
2000,R_HR_CO,Hot Rolled Black Coil,26HW0828R0,20.8,2001,2.2,1230,0011000122,NMDC STEEL LIMITED,D204580202,5000109331,4600000349,20,21-08-26,101,HRC,COIL,11513:2017,BIS,cr3,72083990,N,7.453,55804394,MATCHED
2000,R_HR_CO,Hot Rolled Black Coil,26HW0829R0,20.76,2001,2,1235,0011000122,NMDC STEEL LIMITED,D204579206,5000109340,4600000349,10,21-08-26,101,HRC,COIL,11513:2017,BIS,cr3,72083990,N,7.453,78140738,MATCHED
2000,R_HR_CO,Hot Rolled Black Coil,26HW0830R0,21.21,2001,2,1235,0011000122,NMDC STEEL LIMITED,D204575208,5000109341,4600000349,10,21-08-26,101,HRC,COIL,11513:2017,BIS,cr3,72083990,N,7.453,98094748,MATCHED
2000,R_HR_CO,Hot Rolled Black Coil,26HW0831R0,21.11,2001,2,1235,0011000122,NMDC STEEL LIMITED,D104438202,5000109344,4600000349,10,21-08-26,101,HRC,COIL,11513:2017,BIS,cr3,72083990,N,7.453,37297684,MATCHED
2000,R_HR>3MM_CO,Hot Rolled Black Coil 3mm & Above,26HW0832R0,21.02,2001,3.2,1235,0011000122,NMDC STEEL LIMITED,D104642205,5000109348,4600000349,50,21-08-26,101,HRC,COIL,11513:2017,BIS,cr3,72083890,N,7.453,36722151,MATCHED
2000,R_HR_CO,Hot Rolled Black Coil,26HW0833R0,20.82,2001,2.2,1230,0011000122,NMDC STEEL LIMITED,D204580206,5000109349,4600000349,20,21-08-26,101,HRC,COIL,11513:2017,BIS,cr3,72083990,N,7.453,96429423,MATCHED
2000,R_HR_CO,Hot Rolled Black Coil,26HW0834R0,20.91,2001,2.2,1230,0011000122,NMDC STEEL LIMITED,D104645106,5000109351,4600000349,20,21-08-26,101,HRC,COIL,11513:2017,BIS,cr3,72083990,N,7.453,97349445,MATCHED
2000,R_HR>3MM_CO,Hot Rolled Black Coil 3mm & Above,26HW0835R0,21.08,2001,3.2,1235,0011000122,NMDC STEEL LIMITED,D104642204,5000109353,4600000349,50,21-08-26,101,HRC,COIL,11513:2017,BIS,cr3,72083890,N,7.453,42780161,MATCHED
2000,R_HR_CO,Hot Rolled Black Coil,26HW0837R0,21.31,2001,2.5,1230,0011000122,NMDC STEEL LIMITED,D204572104,5000109363,4600000349,30,21-08-26,101,HRC,COIL,11513:2017,BIS,cr3,72083990,N,7.453,93457533,MATCHED
2000,R_HR_CO,Hot Rolled Black Coil,26HW0838R0,20.96,2001,2.5,1230,0011000122,NMDC STEEL LIMITED,D104646107,5000109364,4600000349,30,21-08-26,101,HRC,COIL,11513:2017,BIS,cr3,72083990,N,7.453,48132303,MATCHED
2000,R_HR_CO,Hot Rolled Black Coil,26HW0839R0,20.99,2001,2.2,1230,0011000122,NMDC STEEL LIMITED,D104646104,5000109365,4600000349,20,21-08-26,101,HRC,COIL,11513:2017,BIS,cr3,72083990,N,7.453,71827527,MATCHED
2000,R_HR_CO,Hot Rolled Black Coil,26HW0840R0,20.92,2001,2.2,1230,0011000122,NMDC STEEL LIMITED,D204575202,5000109366,4600000349,20,21-08-26,101,HRC,COIL,11513:2017,BIS,cr3,72083990,N,7.453,99862636,MATCHED
2000,R_HR_CO,Hot Rolled Black Coil,26HW0841R0,20.85,2001,2.2,1230,0011000122,NMDC STEEL LIMITED,D204581201,5000109367,4600000349,20,21-08-26,101,HRC,COIL,11513:2017,BIS,cr3,72083990,N,7.453,75918591,MATCHED
2000,R_HR_CO,Hot Rolled Black Coil,26HW0842R0,20.76,2001,2.5,1230,0011000122,NMDC STEEL LIMITED,D204581205,5000109368,4600000349,30,21-08-26,101,HRC,COIL,11513:2017,BIS,cr3,72083990,N,7.453,88783606,MATCHED
2000,R_HR_CO,Hot Rolled Black Coil,26HW0843R0,21.21,2001,2,1235,0011000122,NMDC STEEL LIMITED,D204576202,5000109369,4600000349,10,21-08-26,101,HRC,COIL,11513:2017,BIS,cr3,72083990,N,7.453,93169369,MATCHED
2000,R_HR_CO,Hot Rolled Black Coil,26HW0845R0,20.86,2001,2,1235,0011000122,NMDC STEEL LIMITED,D204579205,5000109382,4600000349,10,21-08-26,101,HRC,COIL,11513:2017,BIS,cr3,72083990,N,7.453,70774161,MATCHED
2000,R_HR_CO,Hot Rolled Black Coil,26HW0846R0,20.86,2001,2.8,1235,0011000122,NMDC STEEL LIMITED,D104642207,5000109383,4600000349,40,21-08-26,101,HRC,COIL,11513:2017,BIS,cr3,72083990,N,7.453,83958190,MATCHED
2000,R_HR_CO,Hot Rolled Black Coil,26HW0847R0,20.65,2001,2.2,1230,0011000122,NMDC STEEL LIMITED,D104643105,5000109384,4600000349,20,21-08-26,101,HRC,COIL,11513:2017,BIS,cr3,72083990,N,7.453,34037185,MATCHED
2000,R_HR_CO,Hot Rolled Black Coil,26HW0848R0,20.95,2001,2.5,1230,0011000122,NMDC STEEL LIMITED,D104237204,5000109385,4600000349,30,21-08-26,101,HRC,COIL,11513:2017,BIS,cr3,72083990,N,7.453,58810173,MATCHED
2000,R_HR_CO,Hot Rolled Black Coil,26HW0849R0,21.02,2001,2.5,1230,0011000122,NMDC STEEL LIMITED,D104646109,5000109386,4600000349,30,21-08-26,101,HRC,COIL,11513:2017,BIS,cr3,72083990,N,7.453,65587309,MATCHED
2000,R_HR_CO,Hot Rolled Black Coil,26HW0850R0,20.94,2001,2,1235,0011000122,NMDC STEEL LIMITED,D204577202,5000109389,4600000349,10,21-08-26,101,HRC,COIL,11513:2017,BIS,cr3,72083990,N,7.453,50781741,MATCHED
2000,R_HR_CO,Hot Rolled Black Coil,26HW0851R0,20.7,2001,2,1235,0011000122,NMDC STEEL LIMITED,D104643107,5000109391,4600000349,10,21-08-26,101,HRC,COIL,11513:2017,BIS,cr3,72083990,N,7.453,92148763,MATCHED
2000,R_HR_CO,Hot Rolled Black Coil,26HW0852R0,20.92,2001,2.2,1230,0011000122,NMDC STEEL LIMITED,D104646102,5000109392,4600000349,20,21-08-26,101,HRC,COIL,11513:2017,BIS,cr3,72083990,N,7.453,51244740,MATCHED
2000,R_HR_CO,Hot Rolled Black Coil,26HW0853R0,20.83,2001,2,1235,0011000122,NMDC STEEL LIMITED,D204579208,5000109393,4600000349,10,21-08-26,101,HRC,COIL,11513:2017,BIS,cr3,72083990,N,7.453,67084215,MATCHED
2000,R_HR_CO,Hot Rolled Black Coil,26HW0854R0,20.82,2001,2.2,1230,0011000122,NMDC STEEL LIMITED,D204579209,5000109395,4600000349,20,21-08-26,101,HRC,COIL,11513:2017,BIS,cr3,72083990,N,7.453,74758931,MATCHED
2000,R_HR_CO,Hot Rolled Black Coil,26HW0855R0,20.84,2001,2,1235,0011000122,NMDC STEEL LIMITED,D104644105,5000109396,4600000349,10,21-08-26,101,HRC,COIL,11513:2017,BIS,cr3,72083990,N,7.453,64114769,MATCHED
2000,R_HR_CO,Hot Rolled Black Coil,26HW0856R0,20.8,2001,2.5,1230,0011000122,NMDC STEEL LIMITED,D204581204,5000109397,4600000349,30,21-08-26,101,HRC,COIL,11513:2017,BIS,cr3,72083990,N,7.453,66945485,MATCHED
2000,R_HR_CO,Hot Rolled Black Coil,26IJ0001R0,20.985,RC01,2.5,1250,0011000144,JSW Vijayanagar Metallics Limited,26318345,5000109757,4600000353,200,23-08-26,101,HRC,COIL,11513:2017,BIS,HR2,72083990,N,7.453,87180636,MATCHED
2000,R_HR_CO,Hot Rolled Black Coil,26IJ0002R0,27.525,RC01,2.5,1260,0011000144,JSW Vijayanagar Metallics Limited,26322616,5000109758,4600000353,50,23-08-26,101,HRC,COIL,11513:2017,BIS,cr3,72083990,N,7.453,68331239,MATCHED
2000,R_HR>3MM_CO,Hot Rolled Black Coil 3mm & Above,26IJ0003R0,27.51,2001,3.6,1265,0011000144,JSW Vijayanagar Metallics Limited,26322706,5000109759,4600000353,260,23-08-26,101,HRC,COIL,11513:2017,BIS,cr3,72083890,N,7.453,16180404,MATCHED
2000,R_HR>3MM_CO,Hot Rolled Black Coil 3mm & Above,26IJ0004R0,27.475,2001,3.6,1265,0011000144,JSW Vijayanagar Metallics Limited,26322725,5000109760,4600000353,260,23-08-26,101,HRC,COIL,11513:2017,BIS,cr3,72083890,N,7.453,38211921,MATCHED
2000,R_HR_CO,Hot Rolled Black Coil,26IJ0005R0,20.955,2001,2.5,1250,0011000144,JSW Vijayanagar Metallics Limited,26318338,5000109761,4600000353,200,23-08-26,101,HRC,COIL,11513:2017,BIS,HR2,72083990,N,7.453,97697818,MATCHED
2000,R_HR>3MM_CO,Hot Rolled Black Coil 3mm & Above,26IJ0006R0,27.415,2001,3.6,1265,0011000144,JSW Vijayanagar Metallics Limited,26322724,5000109762,4600000353,260,23-08-26,101,HRC,COIL,11513:2017,BIS,cr3,72083890,N,7.453,52012631,MATCHED
2000,R_HR_CO,Hot Rolled Black Coil,26IJ0007R0,20.885,RC01,2.5,1250,0011000144,JSW Vijayanagar Metallics Limited,26318344,5000109763,4600000353,200,23-08-26,101,HRC,COIL,11513:2017,BIS,HR2,72083990,N,7.453,48584009,MATCHED
2000,R_HR>3MM_CO,Hot Rolled Black Coil 3mm & Above,26IJ0008R0,27.475,2001,3.6,1265,0011000144,JSW Vijayanagar Metallics Limited,26322721,5000109764,4600000353,100,23-08-26,101,HRC,COIL,11513:2017,BIS,cr3,72083890,N,7.453,45171936,MATCHED
2000,R_HR>3MM_CO,Hot Rolled Black Coil 3mm & Above,26IJ0009R0,27.555,2001,3,1250,0011000144,JSW Vijayanagar Metallics Limited,26322640,5000109765,4600000353,290,23-08-26,101,HRC,COIL,11513:2017,BIS,cr2,72083890,N,7.453,58424497,MATCHED
2000,R_HR>3MM_CO,Hot Rolled Black Coil 3mm & Above,26IJ0010R0,22.35,2001,3,1250,0011000144,JSW Vijayanagar Metallics Limited,26314989,5000109766,4600000353,290,23-08-26,101,HRC,COIL,11513:2017,BIS,cr2,72083890,N,7.453,76347523,MATCHED
2000,R_HR>3MM_CO,Hot Rolled Black Coil 3mm & Above,26IJ0011R0,21.38,2001,3.6,1265,0011000144,JSW Vijayanagar Metallics Limited,26317150,5000109767,4600000353,100,23-08-26,101,HRC,COIL,11513:2017,BIS,cr3,72083890,N,7.453,38347424,MATCHED
2000,R_HR>3MM_CO,Hot Rolled Black Coil 3mm & Above,26IJ0012R0,27.47,2001,3.6,1265,0011000144,JSW Vijayanagar Metallics Limited,26322657,5000109768,4600000353,100,23-08-26,101,HRC,COIL,11513:2017,BIS,cr3,72083890,N,7.453,62128214,MATCHED
2000,R_HR>3MM_CO,Hot Rolled Black Coil 3mm & Above,26IJ0013R0,27.535,2001,3,1260,0011000144,JSW Vijayanagar Metallics Limited,26322481,5000109769,4600000353,90,23-08-26,101,HRC,COIL,11513:2017,BIS,cr3,72083890,N,7.453,78379934,MATCHED
2000,R_HR>3MM_CO,Hot Rolled Black Coil 3mm & Above,26IJ0014R0,27.555,2001,3,1260,0011000144,JSW Vijayanagar Metallics Limited,26322495,5000109770,4600000353,280,23-08-26,101,HRC,COIL,11513:2017,BIS,cr3,72083890,N,7.453,95248436,MATCHED
2000,R_HR>3MM_CO,Hot Rolled Black Coil 3mm & Above,26IJ0015R0,27.66,2001,3.6,1265,0011000144,JSW Vijayanagar Metallics Limited,26322723,5000109771,4600000353,260,23-08-26,101,HRC,COIL,11513:2017,BIS,cr3,72083890,N,7.453,74117978,MATCHED
2000,R_HR>3MM_CO,Hot Rolled Black Coil 3mm & Above,26IJ0016R0,27.285,2001,3,1250,0011000144,JSW Vijayanagar Metallics Limited,26322963,5000109772,4600000353,150,23-08-26,101,HRC,COIL,11513:2017,BIS,cr2,72083890,N,7.453,37963287,MATCHED
2000,R_HR>3MM_CO,Hot Rolled Black Coil 3mm & Above,26IJ0017R0,27.465,2001,3,1260,0011000144,JSW Vijayanagar Metallics Limited,26322480,5000109773,4600000353,280,23-08-26,101,HRC,COIL,11513:2017,BIS,cr3,72083890,N,7.453,94551615,MATCHED
2000,R_HR_CO,Hot Rolled Black Coil,26IJ0018R0,27.545,RC01,2.5,1260,0011000144,JSW Vijayanagar Metallics Limited,26322619,5000109774,4600000353,50,23-08-26,101,HRC,COIL,11513:2017,BIS,cr3,72083990,N,7.453,54617661,MATCHED
2000,R_HR>3MM_CO,Hot Rolled Black Coil 3mm & Above,26IJ0019R0,27.605,RC01,3,1280,0011000144,JSW Vijayanagar Metallics Limited,26315162,5000109775,4600000353,240,28-08-26,101,HRC,COIL,11513:2017,BIS,cr2,72083890,N,7.453,24056902,MATCHED
2000,R_HR_CO,Hot Rolled Black Coil,26IJ0020R0,27.465,RC01,2.5,1260,0011000144,JSW Vijayanagar Metallics Limited,26322618,5000109776,4600000353,50,23-08-26,101,HRC,COIL,11513:2017,BIS,cr3,72083990,N,7.453,51666732,MATCHED
2000,R_HR_CO,Hot Rolled Black Coil,26IJ0021R0,21.04,RC01,2.5,1250,0011000144,JSW Vijayanagar Metallics Limited,26318337,5000109777,4600000353,200,23-08-26,101,HRC,COIL,11513:2017,BIS,HR2,72083990,N,7.453,56240176,MATCHED
2000,R_HR_CO,Hot Rolled Black Coil,26IJ0022R0,27.525,RC01,2.5,1260,0011000144,JSW Vijayanagar Metallics Limited,26322615,5000109778,4600000353,50,23-08-26,101,HRC,COIL,11513:2017,BIS,cr3,72083990,N,7.453,31541894,MATCHED
2000,R_HR_CO,Hot Rolled Black Coil,26IJ0023R0,20.965,RC01,2.5,1250,0011000144,JSW Vijayanagar Metallics Limited,26318356,5000109779,4600000353,200,23-08-26,101,HRC,COIL,11513:2017,BIS,HR2,72083990,N,7.453,50081912,MATCHED
2000,R_HR_CO,Hot Rolled Black Coil,26IJ0024R0,24.215,2001,2,1235,0011000145,JSW STEEL LIMITED,2640387808,5000109788,4600000351,10,23-08-26,101,HRC,COIL,11513:2017,BIS,cr3,72083990,N,7.453,86047584,MATCHED
2000,R_HR_CO,Hot Rolled Black Coil,26IJ0025R0,21.045,2001,2.5,1250,0011000144,JSW Vijayanagar Metallics Limited,26318355,5000109789,4600000353,200,23-08-26,101,HRC,COIL,11513:2017,BIS,HR2,72083990,N,7.453,36137586,MATCHED
2000,R_HR_CO,Hot Rolled Black Coil,26IJ0026R0,24.21,2001,2,1235,0011000145,JSW STEEL LIMITED,2610384908,5000109791,4600000351,10,23-08-26,101,HRC,COIL,11513:2017,BIS,cr3,72083990,N,7.453,47219909,MATCHED
2000,R_HR_CO,Hot Rolled Black Coil,26IJ0027R0,23.98,2001,2,1235,0011000145,JSW STEEL LIMITED,2620376703,5000109792,4600000351,10,23-08-26,101,HRC,COIL,11513:2017,BIS,cr3,72083990,N,7.453,76292308,MATCHED
2000,R_HR_CO,Hot Rolled Black Coil,26IJ0028R0,23.72,2001,2.2,1230,0011000145,JSW STEEL LIMITED,2630375702,5000109795,4600000351,20,23-08-26,101,HRC,COIL,11513:2017,BIS,cr3,72083990,N,7.453,77657900,MATCHED
2000,R_HR_CO,Hot Rolled Black Coil,26IJ0029R0,22.58,2001,2,1235,0011000145,JSW STEEL LIMITED,2620376603,5000109796,4600000351,10,23-08-26,101,HRC,COIL,11513:2017,BIS,cr3,72083990,N,7.453,74474322,MATCHED
2000,R_HR_CO,Hot Rolled Black Coil,26IJ0030R0,22.285,2001,2,1235,0011000145,JSW STEEL LIMITED,2630375607,5000109797,4600000351,10,23-08-26,101,HRC,COIL,11513:2017,BIS,cr3,72083990,N,7.453,47665171,MATCHED
2000,R_HR_CO,Hot Rolled Black Coil,26IJ0031R0,22.585,2001,2,1235,0011000145,JSW STEEL LIMITED,2610384807,5000109798,4600000351,10,23-08-26,101,HRC,COIL,11513:2017,BIS,cr3,72083990,N,7.453,10296509,MATCHED
2000,R_HR_CO,Hot Rolled Black Coil,26IJ0032R0,24.465,2001,2.2,1230,0011000145,JSW STEEL LIMITED,2620376408,5000109799,4600000351,20,23-08-26,101,HRC,COIL,11513:2017,BIS,cr3,72083990,N,7.453,52976523,MATCHED
2000,R_HR_CO,Hot Rolled Black Coil,26IJ0033R0,22.26,2001,2,1235,0011000145,JSW STEEL LIMITED,2630375606,5000109800,4600000351,10,23-08-26,101,HRC,COIL,11513:2017,BIS,cr3,72083990,N,7.453,54685194,MATCHED
2000,R_HR_CO,Hot Rolled Black Coil,26IJ0034R0,24.305,2001,2,1235,0011000145,JSW STEEL LIMITED,2640387905,5000109801,4600000351,10,23-08-26,101,HRC,COIL,11513:2017,BIS,cr3,72083990,N,7.453,37948240,MATCHED
2000,R_HR_CO,Hot Rolled Black Coil,26IJ0035R0,24.21,2001,2.2,1230,0011000145,JSW STEEL LIMITED,2640387802,5000109802,4600000351,20,23-08-26,101,HRC,COIL,11513:2017,BIS,cr3,72083990,N,7.453,68041343,MATCHED
2000,R_HR_CO,Hot Rolled Black Coil,26IJ0036R0,24.385,2001,2.2,1230,0011000145,JSW STEEL LIMITED,2640387704,5000109803,4600000351,20,23-08-26,101,HRC,COIL,11513:2017,BIS,cr3,72083990,N,7.453,86212738,MATCHED
2000,R_HR_CO,Hot Rolled Black Coil,26IJ0037R0,24.365,2001,2,1235,0011000145,JSW STEEL LIMITED,2630375307,5000109804,4600000351,10,23-08-26,101,HRC,COIL,11513:2017,BIS,cr3,72083990,N,7.453,42906794,MATCHED
2000,R_HR_CO,Hot Rolled Black Coil,26IJ0038R0,22.52,2001,2.2,1230,0011000145,JSW STEEL LIMITED,2610384801,5000109805,4600000351,20,23-08-26,101,HRC,COIL,11513:2017,BIS,cr3,72083990,N,7.453,15287048,MATCHED
2000,R_HR_CO,Hot Rolled Black Coil,26IJ0039R0,22.605,2001,2,1235,0011000145,JSW STEEL LIMITED,2620376605,5000109806,4600000351,10,23-08-26,101,HRC,COIL,11513:2017,BIS,cr3,72083990,N,7.453,27537882,MATCHED
2000,R_HR_CO,Hot Rolled Black Coil,26IJ0040R0,24.21,2001,2.2,1230,0011000145,JSW STEEL LIMITED,2640387806,5000109807,4600000351,20,23-08-26,101,HRC,COIL,11513:2017,BIS,cr3,72083990,N,7.453,37540315,MATCHED
2000,R_HR_CO,Hot Rolled Black Coil,26IJ0041R0,24.385,2001,2.2,1230,0011000145,JSW STEEL LIMITED,2630375703,5000109808,4600000351,20,23-08-26,101,HRC,COIL,11513:2017,BIS,cr3,72083990,N,7.453,38556598,MATCHED
2000,R_HR>3MM_CO,Hot Rolled Black Coil 3mm & Above,26IJ0042R0,27.175,2001,3,1195,0011000144,JSW Vijayanagar Metallics Limited,26322811,5000109809,4600000353,270,28-08-26,101,HRC,COIL,11513:2017,BIS,cr2,72083890,N,7.453,97112992,MATCHED
2000,R_HR>3MM_CO,Hot Rolled Black Coil 3mm & Above,26IJ0043R0,27.235,2001,3,1195,0011000144,JSW Vijayanagar Metallics Limited,26322810,5000109810,4600000353,270,28-08-26,101,HRC,COIL,11513:2017,BIS,cr2,72083890,N,7.453,66583297,MATCHED
2000,R_HR_CO,Hot Rolled Black Coil,26IJ0046R0,24.19,2001,2.2,1230,0011000145,JSW STEEL LIMITED,2620376403,5000109851,4600000351,20,23-08-26,101,HRC,COIL,11513:2017,BIS,cr3,72083990,N,7.453,39275485,MATCHED
2000,R_HR_CO,Hot Rolled Black Coil,26IJ0047R0,24.46,2001,2.2,1230,0011000145,JSW STEEL LIMITED,2620376405,5000109852,4600000351,20,23-08-26,101,HRC,COIL,11513:2017,BIS,cr3,72083990,N,7.453,68848042,MATCHED
2000,R_HR_CO,Hot Rolled Black Coil,26IJ0048R0,24.495,2001,2.2,1230,0011000145,JSW STEEL LIMITED,2620376307,5000109853,4600000351,20,23-08-26,101,HRC,COIL,11513:2017,BIS,cr3,72083990,N,7.453,26041852,MATCHED
2000,R_HR_CO,Hot Rolled Black Coil,26IJ0049R0,24.57,2001,2.2,1230,0011000145,JSW STEEL LIMITED,2620376306,5000109854,4600000351,20,23-08-26,101,HRC,COIL,11513:2017,BIS,cr3,72083990,N,7.453,30643241,MATCHED
2000,R_HR_CO,Hot Rolled Black Coil,26IJ0050R0,24.49,2001,2.2,1230,0011000145,JSW STEEL LIMITED,2620376304,5000109855,4600000351,20,23-08-26,101,HRC,COIL,11513:2017,BIS,cr3,72083990,N,7.453,39098478,MATCHED
2000,R_HR_CO,Hot Rolled Black Coil,26IJ0051R0,22.335,2001,2,1235,0011000145,JSW STEEL LIMITED,2620376604,5000109856,4600000351,10,23-08-26,101,HRC,COIL,11513:2017,BIS,cr3,72083990,N,7.453,84954812,MATCHED
2000,R_HR_CO,Hot Rolled Black Coil,26IJ0052R0,24.245,2001,2.2,1230,0011000145,JSW STEEL LIMITED,2640388006,5000109860,4600000351,20,23-08-26,101,HRC,COIL,11513:2017,BIS,cr3,72083990,N,7.453,42946624,MATCHED
2000,R_HR_CO,Hot Rolled Black Coil,26IJ0053R0,24.29,2001,2.2,1230,0011000145,JSW STEEL LIMITED,2630375507,5000109861,4600000351,20,23-08-26,101,HRC,COIL,11513:2017,BIS,cr3,72083990,N,7.453,76894248,MATCHED
2000,R_HR_CO,Hot Rolled Black Coil,26IJ0054R0,24.415,2001,2,1235,0011000145,JSW STEEL LIMITED,2640387707,5000109863,4600000351,10,23-08-26,101,HRC,COIL,11513:2017,BIS,cr3,72083990,N,7.453,12296040,MATCHED
2000,R_HR_CO,Hot Rolled Black Coil,26IJ0055R0,24.57,2001,2.2,1230,0011000145,JSW STEEL LIMITED,2620376305,5000109864,4600000351,20,23-08-26,101,HRC,COIL,11513:2017,BIS,cr3,72083990,N,7.453,71298682,MATCHED
2000,R_HR_CO,Hot Rolled Black Coil,26IJ0056R0,22.615,2001,2,1235,0011000145,JSW STEEL LIMITED,2610384809,5000109865,4600000351,10,23-08-26,101,HRC,COIL,11513:2017,BIS,cr3,72083990,N,7.453,85028583,MATCHED
2000,R_HR_CO,Hot Rolled Black Coil,26IJ0057R0,24.185,2001,2,1235,0011000145,JSW STEEL LIMITED,2610384907,5000109866,4600000351,10,23-08-26,101,HRC,COIL,11513:2017,BIS,cr3,72083990,N,7.453,89454748,MATCHED
2000,R_HR_CO,Hot Rolled Black Coil,26IJ0058R0,24.33,2001,2.2,1230,0011000145,JSW STEEL LIMITED,2640388005,5000109868,4600000351,20,23-08-26,101,HRC,COIL,11513:2017,BIS,cr3,72083990,N,7.453,75086672,MATCHED
2000,R_HR_CO,Hot Rolled Black Coil,26IJ0059R0,24.295,2001,2.2,1230,0011000145,JSW STEEL LIMITED,2630375505,5000109869,4600000351,20,23-08-26,101,HRC,COIL,11513:2017,BIS,cr3,72083990,N,7.453,36675388,MATCHED
2000,R_HR_CO,Hot Rolled Black Coil,26IJ0060R0,24.32,2001,2.2,1230,0011000145,JSW STEEL LIMITED,2640387909,5000109870,4600000351,20,23-08-26,101,HRC,COIL,11513:2017,BIS,cr3,72083990,N,7.453,70315209,MATCHED
2000,R_HR_CO,Hot Rolled Black Coil,26IJ0061R0,24.445,2001,2.2,1230,0011000145,JSW STEEL LIMITED,2640387801,5000109871,4600000351,20,23-08-26,101,HRC,COIL,11513:2017,BIS,cr3,72083990,N,7.453,32952236,MATCHED
2000,R_HR_CO,Hot Rolled Black Coil,26IJ0062R0,24.34,2001,2.2,1230,0011000145,JSW STEEL LIMITED,2640388107,5000109872,4600000351,20,23-08-26,101,HRC,COIL,11513:2017,BIS,cr3,72083990,N,7.453,18056931,MATCHED
2000,R_HR_CO,Hot Rolled Black Coil,26IJ0063R0,24.385,2001,2,1235,0011000145,JSW STEEL LIMITED,2630375302,5000109873,4600000351,10,23-08-26,101,HRC,COIL,11513:2017,BIS,cr3,72083990,N,7.453,80402843,MATCHED
2000,R_HR_CO,Hot Rolled Black Coil,26IJ0064R0,24.27,2001,2.2,1230,0011000145,JSW STEEL LIMITED,2640387804,5000109874,4600000351,20,23-08-26,101,HRC,COIL,11513:2017,BIS,cr3,72083990,N,7.453,16208302,MATCHED
2000,R_HR_CO,Hot Rolled Black Coil,26IJ0065R0,24.035,2001,2.2,1230,0011000145,JSW STEEL LIMITED,2630375504,5000109875,4600000351,20,23-08-26,101,HRC,COIL,11513:2017,BIS,cr3,72083990,N,7.453,35541261,MATCHED
2000,R_HR_CO,Hot Rolled Black Coil,26IJ0066R0,24.245,2001,2.2,1230,0011000145,JSW STEEL LIMITED,2630375503,5000109878,4600000351,20,23-08-26,101,HRC,COIL,11513:2017,BIS,cr3,72083990,N,7.453,56012127,MATCHED
2000,R_HR_CO,Hot Rolled Black Coil,26IJ0067R0,24.14,2001,2,1235,0011000145,JSW STEEL LIMITED,2610384909,5000109879,4600000351,10,23-08-26,101,HRC,COIL,11513:2017,BIS,cr3,72083990,N,7.453,81767199,MATCHED
2000,R_HR_CO,Hot Rolled Black Coil,26IJ0068R0,24.125,2001,2,1235,0011000145,JSW STEEL LIMITED,2610384904,5000109880,4600000351,10,23-08-26,101,HRC,COIL,11513:2017,BIS,cr3,72083990,N,7.453,79415553,MATCHED
2000,R_HR_CO,Hot Rolled Black Coil,26IJ0069R0,24.395,2001,2,1235,0011000145,JSW STEEL LIMITED,2640387708,5000109881,4600000351,10,23-08-26,101,HRC,COIL,11513:2017,BIS,cr3,72083990,N,7.453,88908693,MATCHED
2000,R_HR_CO,Hot Rolled Black Coil,26IJ0070R0,24.125,2001,2,1235,0011000145,JSW STEEL LIMITED,2630375303,5000109882,4600000351,10,23-08-26,101,HRC,COIL,11513:2017,BIS,cr3,72083990,N,7.453,88600979,MATCHED
2000,R_HR_CO,Hot Rolled Black Coil,26IJ0071R0,24.435,2001,2.2,1230,0011000145,JSW STEEL LIMITED,2620376402,5000109883,4600000351,20,23-08-26,101,HRC,COIL,11513:2017,BIS,cr3,72083990,N,7.453,53909465,MATCHED
2000,R_HR_CO,Hot Rolled Black Coil,26IJ0072R0,24.25,2001,2,1235,0011000145,JSW STEEL LIMITED,2640388008,5000109884,4600000351,10,23-08-26,101,HRC,COIL,11513:2017,BIS,cr3,72083990,N,7.453,63512502,MATCHED
2000,R_HR_CO,Hot Rolled Black Coil,26IJ0073R0,24.43,2001,2.2,1230,0011000145,JSW STEEL LIMITED,2620376401,5000109886,4600000351,20,23-08-26,101,HRC,COIL,11513:2017,BIS,cr3,72083990,N,7.453,65169188,MATCHED
2000,R_HR_CO,Hot Rolled Black Coil,26IJ0074R0,24.18,2001,2,1235,0011000145,JSW STEEL LIMITED,2630375603,5000109887,4600000351,10,23-08-26,101,HRC,COIL,11513:2017,BIS,cr3,72083990,N,7.453,99922397,MATCHED
2000,R_HR_CO,Hot Rolled Black Coil,26IJ0075R0,24.175,2001,2,1235,0011000145,JSW STEEL LIMITED,2620376702,5000109888,4600000351,10,23-08-26,101,HRC,COIL,11513:2017,BIS,cr3,72083990,N,7.453,69809942,MATCHED
2000,R_HR_CO,Hot Rolled Black Coil,26IJ0076R0,24.01,2001,2.2,1230,0011000145,JSW STEEL LIMITED,2640387803,5000109891,4600000351,20,23-08-26,101,HRC,COIL,11513:2017,BIS,cr3,72083990,N,7.453,74270084,MATCHED
2000,R_HR_CO,Hot Rolled Black Coil,26IJ0077R0,24.38,2001,2,1235,0011000145,JSW STEEL LIMITED,2630375301,5000109892,4600000351,10,23-08-26,101,HRC,COIL,11513:2017,BIS,cr3,72083990,N,7.453,81936578,MATCHED
2000,R_HR_CO,Hot Rolled Black Coil,26IJ0078R0,24.225,2001,2.2,1230,0011000145,JSW STEEL LIMITED,2640387807,5000109893,4600000351,20,23-08-26,101,HRC,COIL,11513:2017,BIS,cr3,72083990,N,7.453,23551884,MATCHED
2000,R_HR_CO,Hot Rolled Black Coil,26IJ0079R0,24.305,2001,2,1235,0011000145,JSW STEEL LIMITED,2640388007,5000109894,4600000351,10,23-08-26,101,HRC,COIL,11513:2017,BIS,cr3,72083990,N,7.453,96420483,MATCHED
2000,R_HR_CO,Hot Rolled Black Coil,26IJ0080R0,24.29,2001,2,1235,0011000145,JSW STEEL LIMITED,2640387902,5000109896,4600000351,10,23-08-26,101,HRC,COIL,11513:2017,BIS,cr3,72083990,N,7.453,69666379,MATCHED
2000,R_HR_CO,Hot Rolled Black Coil,26IJ0081R0,24.12,2001,2,1235,0011000145,JSW STEEL LIMITED,2640387903,5000109897,4600000351,10,23-08-26,101,HRC,COIL,11513:2017,BIS,cr3,72083990,N,7.453,53059853,MATCHED
2000,R_HR_CO,Hot Rolled Black Coil,26IJ0082R0,24.4,2001,2,1235,0011000145,JSW STEEL LIMITED,2640387706,5000109898,4600000351,10,23-08-26,101,HRC,COIL,11513:2017,BIS,cr3,72083990,N,7.453,72609910,MATCHED
2000,R_HR_CO,Hot Rolled Black Coil,26IJ0083R0,24.135,2001,2.2,1230,0011000145,JSW STEEL LIMITED,2620376706,5000109899,4600000351,20,23-08-26,101,HRC,COIL,11513:2017,BIS,cr3,72083990,N,7.453,40128194,MATCHED
2000,R_HR_CO,Hot Rolled Black Coil,26IJ0084R0,24.28,2001,2,1235,0011000145,JSW STEEL LIMITED,2640388101,5000109900,4600000351,10,23-08-26,101,HRC,COIL,11513:2017,BIS,cr3,72083990,N,7.453,47482926,MATCHED
2000,R_HR_CO,Hot Rolled Black Coil,26IJ0085R0,22.605,2001,2,1235,0011000145,JSW STEEL LIMITED,2620376601,5000109908,4600000351,10,23-08-26,101,HRC,COIL,11513:2017,BIS,cr3,72083990,N,7.453,43980417,MATCHED
2000,R_HR_CO,Hot Rolled Black Coil,26IJ0086R0,23.77,2001,2.2,1230,0011000145,JSW STEEL LIMITED,2640388001,5000109909,4600000351,20,23-08-26,101,HRC,COIL,11513:2017,BIS,cr3,72083990,N,7.453,58673266,MATCHED
2000,R_HR_CO,Hot Rolled Black Coil,26IJ0087R0,24.365,2001,2,1235,0011000145,JSW STEEL LIMITED,2640387705,5000109910,4600000351,10,23-08-26,101,HRC,COIL,11513:2017,BIS,cr3,72083990,N,7.453,37399837,MATCHED
2000,R_HR_CO,Hot Rolled Black Coil,26IJ0088R0,24.35,2001,2,1235,0011000145,JSW STEEL LIMITED,2630375305,5000109911,4600000351,10,23-08-26,101,HRC,COIL,11513:2017,BIS,cr3,72083990,N,7.453,98336446,MATCHED
2000,R_HR_CO,Hot Rolled Black Coil,26IJ0089R0,24.365,2001,2.2,1230,0011000145,JSW STEEL LIMITED,2620376406,5000109912,4600000351,20,23-08-26,101,HRC,COIL,11513:2017,BIS,cr3,72083990,N,7.453,73977160,MATCHED
2000,R_HR_CO,Hot Rolled Black Coil,26IJ0090R0,24.34,2001,2.2,1230,0011000145,JSW STEEL LIMITED,2620376303,5000109913,4600000351,20,23-08-26,101,HRC,COIL,11513:2017,BIS,cr3,72083990,N,7.453,40961468,MATCHED
2000,R_HR_CO,Hot Rolled Black Coil,26IJ0091R0,24.42,2001,2.2,1230,0011000145,JSW STEEL LIMITED,2630375706,5000109914,4600000351,20,23-08-26,101,HRC,COIL,11513:2017,BIS,cr3,72083990,N,7.453,55409213,MATCHED
2000,R_HR_CO,Hot Rolled Black Coil,26IJ0092R0,24.41,2001,2.2,1230,0011000145,JSW STEEL LIMITED,2630375705,5000109915,4600000351,20,23-08-26,101,HRC,COIL,11513:2017,BIS,cr3,72083990,N,7.453,94305479,MATCHED
2000,R_HR_CO,Hot Rolled Black Coil,26IJ0093R0,23.98,2001,2,1235,0011000145,JSW STEEL LIMITED,2610384903,5000109916,4600000351,10,23-08-26,101,HRC,COIL,11513:2017,BIS,cr3,72083990,N,7.453,38737465,MATCHED
2000,R_HR_CO,Hot Rolled Black Coil,26IJ0094R0,24.18,2001,2.2,1230,0011000145,JSW STEEL LIMITED,2640388106,5000109917,4600000351,20,23-08-26,101,HRC,COIL,11513:2017,BIS,cr3,72083990,N,7.453,95951953,MATCHED
2000,R_HR_CO,Hot Rolled Black Coil,26IJ0095R0,22.595,2001,2,1235,0011000145,JSW STEEL LIMITED,2620376606,5000109918,4600000351,10,23-08-26,101,HRC,COIL,11513:2017,BIS,cr3,72083990,N,7.453,41742390,MATCHED
2000,R_HR_CO,Hot Rolled Black Coil,26IJ0096R0,22.61,2001,2,1235,0011000145,JSW STEEL LIMITED,2620376602,5000109919,4600000351,10,23-08-26,101,HRC,COIL,11513:2017,BIS,cr3,72083990,N,7.453,57301247,MATCHED
2000,R_HR_CO,Hot Rolled Black Coil,26IJ0097R0,22.625,2001,2,1235,0011000145,JSW STEEL LIMITED,2620376608,5000109923,4600000351,10,23-08-26,101,HRC,COIL,11513:2017,BIS,cr3,72083990,N,7.453,20378892,MATCHED
2000,R_HR_CO,Hot Rolled Black Coil,26IJ0098R0,24.315,2001,2.2,1230,0011000145,JSW STEEL LIMITED,2640388105,5000109924,4600000351,20,23-08-26,101,HRC,COIL,11513:2017,BIS,cr3,72083990,N,7.453,62892018,MATCHED
2000,R_HR_CO,Hot Rolled Black Coil,26IJ0099R0,22.585,2001,2,1235,0011000145,JSW STEEL LIMITED,2610384806,5000109926,4600000351,10,23-08-26,101,HRC,COIL,11513:2017,BIS,cr3,72083990,N,7.453,34076916,MATCHED
2000,R_HR_CO,Hot Rolled Black Coil,26IJ0100R0,24.37,2001,2,1235,0011000145,JSW STEEL LIMITED,2630375304,5000109928,4600000351,10,23-08-26,101,HRC,COIL,11513:2017,BIS,cr3,72083990,N,7.453,30865783,MATCHED
2000,R_HR_CO,Hot Rolled Black Coil,26IJ0101R0,24.28,2001,2.2,1230,0011000145,JSW STEEL LIMITED,2640388108,5000109929,4600000351,20,23-08-26,101,HRC,COIL,11513:2017,BIS,cr3,72083990,N,7.453,21378326,MATCHED
2000,R_HR_CO,Hot Rolled Black Coil,26IJ0102R0,24.325,2001,2.2,1230,0011000145,JSW STEEL LIMITED,2640388002,5000109931,4600000351,20,23-08-26,101,HRC,COIL,11513:2017,BIS,cr3,72083990,N,7.453,49800798,MATCHED
2000,R_HR_CO,Hot Rolled Black Coil,26IJ0103R0,24.325,2001,2.2,1230,0011000145,JSW STEEL LIMITED,2640388004,5000109934,4600000351,20,23-08-26,101,HRC,COIL,11513:2017,BIS,cr3,72083990,N,7.453,34420689,MATCHED
2000,R_HR_CO,Hot Rolled Black Coil,26IJ0104R0,24.135,2001,2,1235,0011000145,JSW STEEL LIMITED,2630375604,5000109936,4600000351,10,23-08-26,101,HRC,COIL,11513:2017,BIS,cr3,72083990,N,7.453,14512055,MATCHED
2000,R_HR_CO,Hot Rolled Black Coil,26IJ0105R0,24.3,2001,2,1235,0011000145,JSW STEEL LIMITED,2640387906,5000109937,4600000351,10,23-08-26,101,HRC,COIL,11513:2017,BIS,cr3,72083990,N,7.453,11881866,MATCHED
2000,R_HR_CO,Hot Rolled Black Coil,26IJ0106R0,24.31,2001,2,1235,0011000145,JSW STEEL LIMITED,2640387904,5000109938,4600000351,10,23-08-26,101,HRC,COIL,11513:2017,BIS,cr3,72083990,N,7.453,55485958,MATCHED
2000,R_HR_CO,Hot Rolled Black Coil,26IJ0107R0,24.46,2001,2.2,1230,0011000145,JSW STEEL LIMITED,2620376407,5000109939,4600000351,20,23-08-26,101,HRC,COIL,11513:2017,BIS,cr3,72083990,N,7.453,92354084,MATCHED
2000,R_HR_CO,Hot Rolled Black Coil,26IJ0108R0,22.44,2001,2.2,1230,0011000145,JSW STEEL LIMITED,2630375701,5000109941,4600000351,20,23-08-26,101,HRC,COIL,11513:2017,BIS,cr3,72083990,N,7.453,16248205,MATCHED
2000,R_HR_CO,Hot Rolled Black Coil,26IJ0109R0,24.255,2001,2.2,1230,0011000145,JSW STEEL LIMITED,2620376707,5000109942,4600000351,20,23-08-26,101,HRC,COIL,11513:2017,BIS,cr3,72083990,N,7.453,45514574,MATCHED
2000,R_HR_CO,Hot Rolled Black Coil,26IJ0110R0,24.17,2001,2,1235,0011000145,JSW STEEL LIMITED,2610384906,5000109943,4600000351,10,23-08-26,101,HRC,COIL,11513:2017,BIS,cr3,72083990,N,7.453,50722057,MATCHED
2000,R_HR_CO,Hot Rolled Black Coil,26IJ0112R0,24.32,2001,2.2,1230,0011000145,JSW STEEL LIMITED,2630375501,5000109945,4600000351,20,23-08-26,101,HRC,COIL,11513:2017,BIS,cr3,72083990,N,7.453,75542141,MATCHED
2000,R_HR_CO,Hot Rolled Black Coil,26IJ0113R0,22.6,2001,2,1235,0011000145,JSW STEEL LIMITED,2620376607,5000109946,4600000351,10,23-08-26,101,HRC,COIL,11513:2017,BIS,cr3,72083990,N,7.453,45556414,MATCHED
2000,R_HR_CO,Hot Rolled Black Coil,26IJ0114R0,24.215,2001,2.2,1230,0011000145,JSW STEEL LIMITED,2640387805,5000109947,4600000351,20,23-08-26,101,HRC,COIL,11513:2017,BIS,cr3,72083990,N,7.453,44868424,MATCHED
2000,R_HR_CO,Hot Rolled Black Coil,26IJ0115R0,24.115,2001,2,1235,0011000145,JSW STEEL LIMITED,2610384905,5000109948,4600000351,10,23-08-26,101,HRC,COIL,11513:2017,BIS,cr3,72083990,N,7.453,30063023,MATCHED
2000,R_HR_CO,Hot Rolled Black Coil,26IJ0116R0,24.45,2001,2.2,1230,0011000145,JSW STEEL LIMITED,2620376404,5000109949,4600000351,20,23-08-26,101,HRC,COIL,11513:2017,BIS,cr3,72083990,N,7.453,12374721,MATCHED
2000,R_HR_CO,Hot Rolled Black Coil,26IJ0117R0,22.575,2001,2.2,1230,0011000145,JSW STEEL LIMITED,2610384805,5000109950,4600000351,20,23-08-26,101,HRC,COIL,11513:2017,BIS,cr3,72083990,N,7.453,10291327,MATCHED
2000,R_HR_CO,Hot Rolled Black Coil,26IJ0118R0,23.985,2001,2,1235,0011000145,JSW STEEL LIMITED,2630375605,5000109951,4600000351,10,23-08-26,101,HRC,COIL,11513:2017,BIS,cr3,72083990,N,7.453,10255841,MATCHED
2000,R_HR_CO,Hot Rolled Black Coil,26IJ0119R0,24.235,2001,2,1235,0011000145,JSW STEEL LIMITED,2640387901,5000109952,4600000351,10,23-08-26,101,HRC,COIL,11513:2017,BIS,cr3,72083990,N,7.453,90519031,MATCHED
2000,R_HR_CO,Hot Rolled Black Coil,26IJ0121R0,24.46,2001,2.2,1230,0011000145,JSW STEEL LIMITED,2620376302,5000109954,4600000351,20,23-08-26,101,HRC,COIL,11513:2017,BIS,cr3,72083990,N,7.453,89123871,MATCHED
2000,R_HR_CO,Hot Rolled Black Coil,26IJ0122R0,24.15,2001,2,1235,0011000145,JSW STEEL LIMITED,2620376701,5000109955,4600000351,10,23-08-26,101,HRC,COIL,11513:2017,BIS,cr3,72083990,N,7.453,44554308,MATCHED
2000,R_HR_CO,Hot Rolled Black Coil,26IJ0123R0,22.445,2001,2.2,1230,0011000145,JSW STEEL LIMITED,2640388102,5000109956,4600000351,20,23-08-26,101,HRC,COIL,11513:2017,BIS,cr3,72083990,N,7.453,61025360,MATCHED
2000,R_HR_CO,Hot Rolled Black Coil,26IJ0124R0,24.295,2001,2.2,1230,0011000145,JSW STEEL LIMITED,2640388003,5000109957,4600000351,20,23-08-26,101,HRC,COIL,11513:2017,BIS,cr3,72083990,N,7.453,42723511,MATCHED
2000,R_HR_CO,Hot Rolled Black Coil,26IJ0125R0,24.385,2001,2.2,1230,0011000145,JSW STEEL LIMITED,2630375704,5000109960,4600000351,20,23-08-26,101,HRC,COIL,11513:2017,BIS,cr3,72083990,N,7.453,31550862,MATCHED
2000,R_HR_CO,Hot Rolled Black Coil,26IJ0126R0,22.58,2001,2,1235,0011000145,JSW STEEL LIMITED,2610384808,5000109967,4600000351,10,23-08-26,101,HRC,COIL,11513:2017,BIS,cr3,72083990,N,7.453,82577063,MATCHED
2000,R_HR_CO,Hot Rolled Black Coil,26IJ0127R0,24.19,2001,2.2,1230,0011000145,JSW STEEL LIMITED,2640387703,5000109982,4600000351,20,23-08-26,101,HRC,COIL,11513:2017,BIS,cr3,72083990,N,7.453,25311953,MATCHED
2000,R_HR_CO,Hot Rolled Black Coil,26IJ0128R0,24.345,2001,2,1235,0011000145,JSW STEEL LIMITED,2630375306,5000110014,4600000351,30,23-08-26,101,HRC,COIL,11513:2017,BIS,cr3,72083990,N,7.453,95740372,MATCHED
2000,R_HR_CO,Hot Rolled Black Coil,26IJ0129R0,24.285,2001,2.2,1230,0011000145,JSW STEEL LIMITED,2630375502,5000110015,4600000351,40,23-08-26,101,HRC,COIL,11513:2017,BIS,cr3,72083990,N,7.453,81743470,MATCHED
2000,R_HR_CO,Hot Rolled Black Coil,26IJ0214R0,18.605,2001,2,1015,0011000139,JSW Steel Limited,26084583,5000110256,4600000358,10,23-08-26,101,HRC,COIL,11513:2017,BIS,cr3,72083990,N,7.453,54316354,MATCHED
2000,R_HR_CO,Hot Rolled Black Coil,26IJ0215R0,18.65,2001,2,1015,0011000139,JSW Steel Limited,26084586,5000110256,4600000358,10,23-08-26,101,HRC,COIL,11513:2017,BIS,cr3,72083990,N,7.453,92417587,MATCHED
2000,R_HR_CO,Hot Rolled Black Coil,26IJ0216R0,18.55,2001,2,1015,0011000139,JSW Steel Limited,26084666,5000110258,4600000358,10,23-08-26,101,HRC,COIL,11513:2017,BIS,cr3,72083990,N,7.453,38298061,QA_PENDING
2000,R_HR_CO,Hot Rolled Black Coil,26IJ0217R0,18.56,2001,2,1015,0011000139,JSW Steel Limited,26084668,5000110258,4600000358,10,23-08-26,101,HRC,COIL,11513:2017,BIS,cr3,72083990,N,7.453,42432510,MATCHED
2000,R_HR_CO,Hot Rolled Black Coil,26IJ0218R0,18.55,2001,2,1015,0011000139,JSW Steel Limited,26084661,5000110261,4600000358,10,23-08-26,101,HRC,COIL,11513:2017,BIS,cr3,72083990,N,7.453,65825725,MATCHED
2000,R_HR_CO,Hot Rolled Black Coil,26IJ0219R0,18.52,2001,2,1015,0011000139,JSW Steel Limited,26084665,5000110261,4600000358,10,23-08-26,101,HRC,COIL,11513:2017,BIS,cr3,72083990,N,7.453,51354829,MATCHED
2000,R_HR_CO,Hot Rolled Black Coil,26IJ0220R0,18.62,2001,2,1015,0011000139,JSW Steel Limited,26084584,5000110274,4600000358,10,23-08-26,101,HRC,COIL,11513:2017,BIS,cr3,72083990,N,7.453,20017986,MATCHED
2000,R_HR_CO,Hot Rolled Black Coil,26IJ0221R0,18.635,2001,2,1015,0011000139,JSW Steel Limited,26084587,5000110274,4600000358,10,23-08-26,101,HRC,COIL,11513:2017,BIS,cr3,72083990,N,7.453,37815986,MATCHED
2000,R_HR_CO,Hot Rolled Black Coil,26IJ0222R0,16.39,2001,2,1015,0011000139,JSW Steel Limited,26084590,5000110282,4600000358,10,23-08-26,101,HRC,COIL,11513:2017,BIS,cr3,72083990,N,7.453,28434047,MATCHED
2000,R_HR_CO,Hot Rolled Black Coil,26IJ0223R0,16.4,2001,2,1015,0011000139,JSW Steel Limited,26084591,5000110282,4600000358,10,23-08-26,101,HRC,COIL,11513:2017,BIS,cr3,72083990,N,7.453,46443636,MATCHED
2000,R_HR_CO,Hot Rolled Black Coil,26IJ0224R0,18.36,2001,2,1015,0011000139,JSW Steel Limited,26084657,5000110285,4600000358,10,23-08-26,101,HRC,COIL,11513:2017,BIS,cr3,72083990,N,7.453,34958625,MATCHED
2000,R_HR_CO,Hot Rolled Black Coil,26IJ0225R0,18.39,2001,2,1015,0011000139,JSW Steel Limited,26084664,5000110285,4600000358,10,23-08-26,101,HRC,COIL,11513:2017,BIS,cr3,72083990,N,7.453,17111549,MATCHED
2000,R_HR_CO,Hot Rolled Black Coil,26IJ0226R0,18.53,2001,2,1015,0011000139,JSW Steel Limited,26084660,5000110288,4600000358,10,23-08-26,101,HRC,COIL,11513:2017,BIS,cr3,72083990,N,7.453,53334142,MATCHED
2000,R_HR_CO,Hot Rolled Black Coil,26IJ0227R0,18.48,2001,2,1015,0011000139,JSW Steel Limited,26084662,5000110288,4600000358,10,23-08-26,101,HRC,COIL,11513:2017,BIS,cr3,72083990,N,7.453,86785770,MATCHED
2000,R_HR_CO,Hot Rolled Black Coil,26IJ0228R0,18.335,2001,2,1015,0011000139,JSW Steel Limited,26084582,5000110290,4600000358,10,23-08-26,101,HRC,COIL,11513:2017,BIS,cr3,72083990,N,7.453,99530865,MATCHED
2000,R_HR_CO,Hot Rolled Black Coil,26IJ0229R0,18.695,2001,2,1015,0011000139,JSW Steel Limited,26084667,5000110290,4600000358,10,23-08-26,101,HRC,COIL,11513:2017,BIS,cr3,72083990,N,7.453,97274999,MATCHED
2000,R_HR_CO,Hot Rolled Black Coil,26IJ0230R0,18.55,2001,2,1015,0011000139,JSW Steel Limited,26084659,5000110291,4600000358,10,23-08-26,101,HRC,COIL,11513:2017,BIS,cr3,72083990,N,7.453,25358300,MATCHED
2000,R_HR_CO,Hot Rolled Black Coil,26IJ0231R0,18.5,2001,2,1015,0011000139,JSW Steel Limited,26084663,5000110291,4600000358,10,23-08-26,101,HRC,COIL,11513:2017,BIS,cr3,72083990,N,7.453,13717799,MATCHED
2000,R_HR>3MM_CO,Hot Rolled Black Coil 3mm & Above,26IT0111R0,28.1,2001,3.6,1265,0011000082,TATA STEEL LTD,268782004,5000109944,4600000354,20,02-09-26,101,HRC,COIL,11513:2017,BIS,cr3,72083890,N,7.453,49359057,MATCHED
2000,R_HR_CO,Hot Rolled Black Coil,26IT0130R0,28.57,2001,2.2,1230,0011000082,TATA STEEL LTD,268784050,5000110031,4600000350,20,23-08-26,101,HRC,COIL,11513:2017,BIS,cr3,72083990,N,7.453,61740986,MATCHED
2000,R_HR_CO,Hot Rolled Black Coil,26IT0131R0,20.93,2001,2.15,1235,0011000082,TATA STEEL LTD,268782110,5000110033,4600000354,10,02-09-26,101,HRC,COIL,11513:2017,BIS,cr3,72083990,N,7.453,25811399,MATCHED
2000,R_HR>3MM_CO,Hot Rolled Black Coil 3mm & Above,26IT0132R0,28.69,2001,3.6,1265,0011000082,TATA STEEL LTD,268780002,5000110034,4600000354,20,02-09-26,101,HRC,COIL,11513:2017,BIS,cr3,72083890,N,7.453,30995624,MATCHED
2000,R_HR_CO,Hot Rolled Black Coil,26IT0133R0,23.74,2001,2.15,1235,0011000082,TATA STEEL LTD,268784071,5000110037,4600000354,10,02-09-26,101,HRC,COIL,11513:2017,BIS,cr3,72083990,N,7.453,44652736,MATCHED
2000,R_HR_CO,Hot Rolled Black Coil,26IT0134R0,28.82,2001,2.5,1230,0011000082,TATA STEEL LTD,268784026,5000110048,4600000350,30,23-08-26,101,HRC,COIL,11513:2017,BIS,cr3,72083990,N,7.453,61253973,MATCHED
2000,R_HR_CO,Hot Rolled Black Coil,26IT0135R0,18.58,2001,2,1235,0011000082,TATA STEEL LTD,268714096A,5000110055,4600000350,10,23-08-26,101,HRC,COIL,11513:2017,BIS,cr3,72083990,N,7.453,66552389,MATCHED
2000,R_HR>3MM_CO,Hot Rolled Black Coil 3mm & Above,26IT0136R0,27.59,2001,3.6,1265,0011000082,TATA STEEL LTD,268777001,5000110056,4600000354,20,02-09-26,101,HRC,COIL,11513:2017,BIS,cr3,72083890,N,7.453,23074036,MATCHED
2000,R_HR_CO,Hot Rolled Black Coil,26IT0137R0,23.91,2001,2,1235,0011000082,TATA STEEL LTD,268786063,5000110057,4600000350,10,23-08-26,101,HRC,COIL,11513:2017,BIS,cr3,72083990,N,7.453,18936959,MATCHED
2000,R_HR_CO,Hot Rolled Black Coil,26IT0138R0,24.4,2001,2.5,1230,0011000082,TATA STEEL LTD,268790076,5000110058,4600000350,30,23-08-26,101,HRC,COIL,11513:2017,BIS,cr3,72083990,N,7.453,63074564,MATCHED
2000,R_HR>3MM_CO,Hot Rolled Black Coil 3mm & Above,26IT0139R0,27.7,2001,3.6,1265,0011000082,TATA STEEL LTD,268780003,5000110066,4600000354,20,02-09-26,101,HRC,COIL,11513:2017,BIS,cr3,72083890,N,7.453,68633041,MATCHED
2000,R_HR_CO,Hot Rolled Black Coil,26IT0140R0,17.84,2001,2,1235,0011000082,TATA STEEL LTD,268707074A,5000110069,4600000350,10,23-08-26,101,HRC,COIL,11513:2017,BIS,cr3,72083990,N,7.453,70493165,MATCHED
2000,R_HR_CO,Hot Rolled Black Coil,26IT0141R0,20.87,2001,2.15,1235,0011000082,TATA STEEL LTD,268782103,5000110070,4600000354,10,02-09-26,101,HRC,COIL,11513:2017,BIS,cr3,72083990,N,7.453,78862955,MATCHED
2000,R_HR_CO,Hot Rolled Black Coil,26IT0142R0,20.9,2001,2.15,1235,0011000082,TATA STEEL LTD,268782109,5000110070,4600000354,10,02-09-26,101,HRC,COIL,11513:2017,BIS,cr3,72083990,N,7.453,65265722,MATCHED
2000,R_HR_CO,Hot Rolled Black Coil,26IT0143R0,23.83,2001,2.5,1230,0011000082,TATA STEEL LTD,268790074,5000110075,4600000350,30,23-08-26,101,HRC,COIL,11513:2017,BIS,cr3,72083990,N,7.453,60461110,MATCHED
2000,R_HR_CO,Hot Rolled Black Coil,26IT0144R0,28.61,2001,2,1235,0011000082,TATA STEEL LTD,268784082,5000110076,4600000350,10,23-08-26,101,HRC,COIL,11513:2017,BIS,cr3,72083990,N,7.453,96347509,MATCHED
2000,R_HR_CO,Hot Rolled Black Coil,26IT0145R0,28.64,2001,2,1235,0011000082,TATA STEEL LTD,268784081,5000110077,4600000350,10,23-08-26,101,HRC,COIL,11513:2017,BIS,cr3,72083990,N,7.453,67121351,MATCHED
2000,R_HR_CO,Hot Rolled Black Coil,26IT0146R0,28.61,2001,2.5,1230,0011000082,TATA STEEL LTD,268784045,5000110078,4600000350,30,23-08-26,101,HRC,COIL,11513:2017,BIS,cr3,72083990,N,7.453,91187062,MATCHED
2000,R_HR_CO,Hot Rolled Black Coil,26IT0147R0,28.54,2001,2.5,1230,0011000082,TATA STEEL LTD,268784044,5000110080,4600000350,30,23-08-26,101,HRC,COIL,11513:2017,BIS,cr3,72083990,N,7.453,78169505,MATCHED
2000,R_HR_CO,Hot Rolled Black Coil,26IT0148R0,28.64,2001,2.2,1230,0011000082,TATA STEEL LTD,268784051,5000110081,4600000350,20,23-08-26,101,HRC,COIL,11513:2017,BIS,cr3,72083990,N,7.453,49742014,MATCHED
2000,R_HR_CO,Hot Rolled Black Coil,26IT0149R0,28.82,2001,2.2,1230,0011000082,TATA STEEL LTD,268784047,5000110082,4600000350,20,23-08-26,101,HRC,COIL,11513:2017,BIS,cr3,72083990,N,7.453,24952938,MATCHED
2000,R_HR_CO,Hot Rolled Black Coil,26IT0150R0,28.87,2001,2.2,1230,0011000082,TATA STEEL LTD,268784048,5000110083,4600000350,20,23-08-26,101,HRC,COIL,11513:2017,BIS,cr3,72083990,N,7.453,96024014,MATCHED
2000,R_HR_CO,Hot Rolled Black Coil,26IT0151R0,28.76,2001,2.5,1230,0011000082,TATA STEEL LTD,268784043,5000110084,4600000350,30,23-08-26,101,HRC,COIL,11513:2017,BIS,cr3,72083990,N,7.453,86860760,MATCHED
2000,R_HR_CO,Hot Rolled Black Coil,26IT0152R0,28.82,2001,2.2,1230,0011000082,TATA STEEL LTD,268784049,5000110085,4600000350,20,23-08-26,101,HRC,COIL,11513:2017,BIS,cr3,72083990,N,7.453,91651457,MATCHED
2000,R_HR_CO,Hot Rolled Black Coil,26IT0153R0,28.77,2001,2.5,1230,0011000082,TATA STEEL LTD,268784085,5000110086,4600000350,30,23-08-26,101,HRC,COIL,11513:2017,BIS,cr3,72083990,N,7.453,95695881,MATCHED
2000,R_HR_CO,Hot Rolled Black Coil,26IT0154R0,28.64,2001,2.5,1230,0011000082,TATA STEEL LTD,268784084,5000110087,4600000350,30,23-08-26,101,HRC,COIL,11513:2017,BIS,cr3,72083990,N,7.453,91933331,MATCHED
2000,R_HR_CO,Hot Rolled Black Coil,26IT0155R0,28.74,2001,2.5,1230,0011000082,TATA STEEL LTD,268784087,5000110089,4600000350,30,23-08-26,101,HRC,COIL,11513:2017,BIS,cr3,72083990,N,7.453,72725953,MATCHED
2000,R_HR>3MM_CO,Hot Rolled Black Coil 3mm & Above,26IT0156R0,28.75,2001,3.6,1265,0011000082,TATA STEEL LTD,268782003,5000110090,4600000354,20,02-09-26,101,HRC,COIL,11513:2017,BIS,cr3,72083890,N,7.453,77463073,MATCHED
2000,R_HR>3MM_CO,Hot Rolled Black Coil 3mm & Above,26IT0157R0,28.26,2001,3.6,1265,0011000082,TATA STEEL LTD,268776002,5000110091,4600000354,20,02-09-26,101,HRC,COIL,11513:2017,BIS,cr3,72083890,N,7.453,58138778,MATCHED
2000,R_HR_CO,Hot Rolled Black Coil,26IT0158R0,28.65,2001,2.2,1230,0011000082,TATA STEEL LTD,268784030,5000110092,4600000350,20,23-08-26,101,HRC,COIL,11513:2017,BIS,cr3,72083990,N,7.453,19108828,MATCHED
2000,R_HR_CO,Hot Rolled Black Coil,26IT0159R0,27.89,2001,2,1235,0011000082,TATA STEEL LTD,268788088,5000110093,4600000350,10,23-08-26,101,HRC,COIL,11513:2017,BIS,cr3,72083990,N,7.453,83100470,MATCHED
2000,R_HR_CO,Hot Rolled Black Coil,26IT0160R0,27.88,2001,2,1235,0011000082,TATA STEEL LTD,268788085,5000110094,4600000350,10,23-08-26,101,HRC,COIL,11513:2017,BIS,cr3,72083990,N,7.453,34330621,MATCHED
2000,R_HR_CO,Hot Rolled Black Coil,26IT0161R0,28.61,2001,2,1235,0011000082,TATA STEEL LTD,268784042,5000110095,4600000350,10,23-08-26,101,HRC,COIL,11513:2017,BIS,cr3,72083990,N,7.453,72609882,MATCHED
2000,R_HR>3MM_CO,Hot Rolled Black Coil 3mm & Above,26IT0162R0,28.04,2001,3.6,1265,0011000082,TATA STEEL LTD,268776003,5000110096,4600000354,20,02-09-26,101,HRC,COIL,11513:2017,BIS,cr3,72083890,N,7.453,48648117,MATCHED
2000,R_HR_CO,Hot Rolled Black Coil,26IT0163R0,28.66,2001,2.5,1230,0011000082,TATA STEEL LTD,268790054,5000110097,4600000350,30,23-08-26,101,HRC,COIL,11513:2017,BIS,cr3,72083990,N,7.453,76444589,MATCHED
2000,R_HR_CO,Hot Rolled Black Coil,26IT0164R0,28.64,2001,2.2,1230,0011000082,TATA STEEL LTD,268784091,5000110098,4600000350,20,23-08-26,101,HRC,COIL,11513:2017,BIS,cr3,72083990,N,7.453,17730680,MATCHED
2000,R_HR_CO,Hot Rolled Black Coil,26IT0165R0,28.72,2001,2.2,1230,0011000082,TATA STEEL LTD,268784029,5000110099,4600000350,20,23-08-26,101,HRC,COIL,11513:2017,BIS,cr3,72083990,N,7.453,32227966,MATCHED
2000,R_HR_CO,Hot Rolled Black Coil,26IT0166R0,28.71,2001,2.2,1230,0011000082,TATA STEEL LTD,268784028,5000110100,4600000350,20,23-08-26,101,HRC,COIL,11513:2017,BIS,cr3,72083990,N,7.453,75169050,MATCHED
2000,R_HR_CO,Hot Rolled Black Coil,26IT0167R0,28.66,2001,2.2,1230,0011000082,TATA STEEL LTD,268784090,5000110101,4600000350,20,23-08-26,101,HRC,COIL,11513:2017,BIS,cr3,72083990,N,7.453,13125956,MATCHED
2000,R_HR_CO,Hot Rolled Black Coil,26IT0168R0,20.89,2001,2.15,1235,0011000082,TATA STEEL LTD,268782106,5000110102,4600000354,10,02-09-26,101,HRC,COIL,11513:2017,BIS,cr3,72083990,N,7.453,31929241,MATCHED
2000,R_HR_CO,Hot Rolled Black Coil,26IT0169R0,20.9,2001,2.15,1235,0011000082,TATA STEEL LTD,268783098,5000110103,4600000354,10,02-09-26,101,HRC,COIL,11513:2017,BIS,cr3,72083990,N,7.453,27326904,MATCHED
2000,R_HR_CO,Hot Rolled Black Coil,26IT0170R0,28.63,2001,2.2,1230,0011000082,TATA STEEL LTD,268784088,5000110106,4600000350,20,23-08-26,101,HRC,COIL,11513:2017,BIS,cr3,72083990,N,7.453,18544789,MATCHED
2000,R_HR_CO,Hot Rolled Black Coil,26IT0171R0,27.97,2001,2.5,1230,0011000082,TATA STEEL LTD,268790022,5000110107,4600000350,30,23-08-26,101,HRC,COIL,11513:2017,BIS,cr3,72083990,N,7.453,84568860,MATCHED
2000,R_HR_CO,Hot Rolled Black Coil,26IT0172R0,28.6,2001,2.5,1230,0011000082,TATA STEEL LTD,268784086,5000110108,4600000350,30,23-08-26,101,HRC,COIL,11513:2017,BIS,cr3,72083990,N,7.453,85767962,MATCHED
2000,R_HR_CO,Hot Rolled Black Coil,26IT0173R0,24.55,2001,2.5,1230,0011000082,TATA STEEL LTD,268790077,5000110109,4600000350,30,23-08-26,101,HRC,COIL,11513:2017,BIS,cr3,72083990,N,7.453,30788918,MATCHED
2000,R_HR_CO,Hot Rolled Black Coil,26IT0174R0,27.98,2001,2,1235,0011000082,TATA STEEL LTD,268787104,5000110116,4600000350,10,23-08-26,101,HRC,COIL,11513:2017,BIS,cr3,72083990,N,7.453,32254982,MATCHED
2000,R_HR_CO,Hot Rolled Black Coil,26IT0175R0,28.59,2001,2.2,1230,0011000082,TATA STEEL LTD,268784092,5000110118,4600000350,20,23-08-26,101,HRC,COIL,11513:2017,BIS,cr3,72083990,N,7.453,81739265,MATCHED
2000,R_HR_CO,Hot Rolled Black Coil,26IT0176R0,28.66,2001,2.2,1230,0011000082,TATA STEEL LTD,268784032,5000110120,4600000350,20,23-08-26,101,HRC,COIL,11513:2017,BIS,cr3,72083990,N,7.453,69589786,MATCHED
2000,R_HR_CO,Hot Rolled Black Coil,26IT0177R0,28.77,2001,2.2,1230,0011000082,TATA STEEL LTD,268790078,5000110122,4600000350,20,23-08-26,101,HRC,COIL,11513:2017,BIS,cr3,72083990,N,7.453,20643682,MATCHED
2000,R_HR_CO,Hot Rolled Black Coil,26IT0178R0,28.68,2001,2.5,1230,0011000082,TATA STEEL LTD,268790075,5000110123,4600000350,30,23-08-26,101,HRC,COIL,11513:2017,BIS,cr3,72083990,N,7.453,96490678,MATCHED
2000,R_HR_CO,Hot Rolled Black Coil,26IT0179R0,28.75,2001,2.2,1230,0011000082,TATA STEEL LTD,268784031,5000110124,4600000350,20,23-08-26,101,HRC,COIL,11513:2017,BIS,cr3,72083990,N,7.453,57551502,MATCHED
2000,R_HR_CO,Hot Rolled Black Coil,26IT0180R0,28.61,2001,2,1235,0011000082,TATA STEEL LTD,268784041,5000110125,4600000350,10,23-08-26,101,HRC,COIL,11513:2017,BIS,cr3,72083990,N,7.453,85532018,MATCHED
2000,R_HR_CO,Hot Rolled Black Coil,26IT0181R0,28.67,2001,2.2,1230,0011000082,TATA STEEL LTD,268784089,5000110126,4600000350,20,23-08-26,101,HRC,COIL,11513:2017,BIS,cr3,72083990,N,7.453,78330034,MATCHED
2000,R_HR_CO,Hot Rolled Black Coil,26IT0182R0,28.79,2001,2.2,1230,0011000082,TATA STEEL LTD,268783067,5000110138,4600000350,20,23-08-26,101,HRC,COIL,11513:2017,BIS,cr3,72083990,N,7.453,90026623,MATCHED
2000,R_HR_CO,Hot Rolled Black Coil,26IT0183R0,28.63,2001,2.5,1230,0011000082,TATA STEEL LTD,268790023,5000110139,4600000350,30,23-08-26,101,HRC,COIL,11513:2017,BIS,cr3,72083990,N,7.453,16694385,MATCHED
2000,R_HR_CO,Hot Rolled Black Coil,26IT0184R0,28.68,2001,2.2,1230,0011000082,TATA STEEL LTD,268785067,5000110140,4600000350,20,23-08-26,101,HRC,COIL,11513:2017,BIS,cr3,72083990,N,7.453,16679873,MATCHED
2000,R_HR_CO,Hot Rolled Black Coil,26IT0185R0,28.85,2001,2,1235,0011000082,TATA STEEL LTD,268787103,5000110141,4600000350,10,23-08-26,101,HRC,COIL,11513:2017,BIS,cr3,72083990,N,7.453,92176949,MATCHED
2000,R_HR_CO,Hot Rolled Black Coil,26IT0186R0,28.78,2001,2.5,1230,0011000082,TATA STEEL LTD,268783087,5000110142,4600000350,30,23-08-26,101,HRC,COIL,11513:2017,BIS,cr3,72083990,N,7.453,31750255,MATCHED
2000,R_HR_CO,Hot Rolled Black Coil,26IT0187R0,28.81,2001,2.2,1230,0011000082,TATA STEEL LTD,268785069,5000110144,4600000350,20,23-08-26,101,HRC,COIL,11513:2017,BIS,cr3,72083990,N,7.453,19213273,MATCHED
2000,R_HR>3MM_CO,Hot Rolled Black Coil 3mm & Above,26IT0188R0,28.11,2001,3.6,1265,0011000082,TATA STEEL LTD,268778002,5000110145,4600000354,20,02-09-26,101,HRC,COIL,11513:2017,BIS,cr3,72083890,N,7.453,98288205,MATCHED
2000,R_HR_CO,Hot Rolled Black Coil,26IT0189R0,28.74,2001,2.5,1230,0011000082,TATA STEEL LTD,268783089,5000110146,4600000350,30,23-08-26,101,HRC,COIL,11513:2017,BIS,cr3,72083990,N,7.453,92295407,MATCHED
2000,R_HR_CO,Hot Rolled Black Coil,26IT0190R0,28.78,2001,2.2,1230,0011000082,TATA STEEL LTD,268783071,5000110148,4600000350,20,23-08-26,101,HRC,COIL,11513:2017,BIS,cr3,72083990,N,7.453,56331324,MATCHED
2000,R_HR_CO,Hot Rolled Black Coil,26IT0191R0,20.85,2001,2.15,1235,0011000082,TATA STEEL LTD,268782101,5000110152,4600000354,10,02-09-26,101,HRC,COIL,11513:2017,BIS,cr3,72083990,N,7.453,28808673,MATCHED
2000,R_HR_CO,Hot Rolled Black Coil,26IT0192R0,20.82,2001,2.15,1235,0011000082,TATA STEEL LTD,268782102,5000110152,4600000354,10,02-09-26,101,HRC,COIL,11513:2017,BIS,cr3,72083990,N,7.453,87521795,MATCHED
2000,R_HR_CO,Hot Rolled Black Coil,26IT0193R0,28.78,2001,2.5,1230,0011000082,TATA STEEL LTD,268783090,5000110155,4600000350,30,23-08-26,101,HRC,COIL,11513:2017,BIS,cr3,72083990,N,7.453,35239762,MATCHED
2000,R_HR_CO,Hot Rolled Black Coil,26IT0194R0,28.63,2001,2.2,1230,0011000082,TATA STEEL LTD,268783070,5000110158,4600000350,20,23-08-26,101,HRC,COIL,11513:2017,BIS,cr3,72083990,N,7.453,16808862,MATCHED
2000,R_HR_CO,Hot Rolled Black Coil,26IT0195R0,17.15,2001,2,1235,0011000082,TATA STEEL LTD,268714099A,5000110160,4600000350,10,23-08-26,101,HRC,COIL,11513:2017,BIS,cr3,72083990,N,7.453,25785674,MATCHED
2000,R_HR_CO,Hot Rolled Black Coil,26IT0196R0,28.63,2001,2.2,1230,0011000082,TATA STEEL LTD,268783073,5000110161,4600000350,20,23-08-26,101,HRC,COIL,11513:2017,BIS,cr3,72083990,N,7.453,37716584,MATCHED
2000,R_HR_CO,Hot Rolled Black Coil,26IT0197R0,28.97,2001,2,1235,0011000082,TATA STEEL LTD,268788086,5000110167,4600000350,10,23-08-26,101,HRC,COIL,11513:2017,BIS,cr3,72083990,N,7.453,99561762,MATCHED
2000,R_HR_CO,Hot Rolled Black Coil,26IT0198R0,27.87,2001,2,1235,0011000082,TATA STEEL LTD,268788087,5000110169,4600000350,10,23-08-26,101,HRC,COIL,11513:2017,BIS,cr3,72083990,N,7.453,86582550,MATCHED
2000,R_HR_CO,Hot Rolled Black Coil,26IT0199R0,28.8,2001,2.5,1230,0011000082,TATA STEEL LTD,268783088,5000110193,4600000350,30,23-08-26,101,HRC,COIL,11513:2017,BIS,cr3,72083990,N,7.453,12095174,MATCHED
2000,R_HR_CO,Hot Rolled Black Coil,26IT0200R0,28.61,2001,2.5,1230,0011000082,TATA STEEL LTD,268783065,5000110194,4600000350,30,23-08-26,101,HRC,COIL,11513:2017,BIS,cr3,72083990,N,7.453,64599616,MATCHED
2000,R_HR_CO,Hot Rolled Black Coil,26IT0202R0,20.92,2001,2.15,1235,0011000082,TATA STEEL LTD,268782107,5000110195,4600000354,10,02-09-26,101,HRC,COIL,11513:2017,BIS,cr3,72083990,N,7.453,75893073,MATCHED
2000,R_HR_CO,Hot Rolled Black Coil,26IT0203R0,20.92,2001,2.15,1235,0011000082,TATA STEEL LTD,268782100,5000110197,4600000354,10,02-09-26,101,HRC,COIL,11513:2017,BIS,cr3,72083990,N,7.453,19746588,MATCHED
2000,R_HR_CO,Hot Rolled Black Coil,26IT0204R0,28.46,2001,2.5,1230,0011000082,TATA STEEL LTD,268783066,5000110198,4600000350,30,23-08-26,101,HRC,COIL,11513:2017,BIS,cr3,72083990,N,7.453,36796346,MATCHED
2000,R_HR_CO,Hot Rolled Black Coil,26IT0205R0,28.79,2001,2.2,1230,0011000082,TATA STEEL LTD,268783072,5000110199,4600000350,20,23-08-26,101,HRC,COIL,11513:2017,BIS,cr3,72083990,N,7.453,97482807,MATCHED
2000,R_HR_CO,Hot Rolled Black Coil,26IT0206R0,24.28,2001,2.2,1230,0011000082,TATA STEEL LTD,268790079,5000110200,4600000350,20,23-08-26,101,HRC,COIL,11513:2017,BIS,cr3,72083990,N,7.453,82887991,MATCHED
2000,R_HR_CO,Hot Rolled Black Coil,26IT0207R0,28.64,2001,2.2,1230,0011000082,TATA STEEL LTD,268783074,5000110201,4600000350,20,23-08-26,101,HRC,COIL,11513:2017,BIS,cr3,72083990,N,7.453,23187016,QA_PENDING
2000,R_HR_CO,Hot Rolled Black Coil,26IT0208R0,28.74,2001,2.2,1230,0011000082,TATA STEEL LTD,268783068,5000110202,4600000350,20,23-08-26,101,HRC,COIL,11513:2017,BIS,cr3,72083990,N,7.453,92565285,MATCHED
2000,R_HR_CO,Hot Rolled Black Coil,26IT0209R0,27.91,2001,2.2,1230,0011000082,TATA STEEL LTD,268788082,5000110203,4600000350,20,23-08-26,101,HRC,COIL,11513:2017,BIS,cr3,72083990,N,7.453,89547691,MATCHED
2000,R_HR_CO,Hot Rolled Black Coil,26IT0210R0,27.96,2001,2.2,1230,0011000082,TATA STEEL LTD,268788081,5000110204,4600000350,20,23-08-26,101,HRC,COIL,11513:2017,BIS,cr3,72083990,N,7.453,65699042,MATCHED
2000,R_HR_CO,Hot Rolled Black Coil,26IT0211R0,28.63,2001,2.2,1230,0011000082,TATA STEEL LTD,268783069,5000110206,4600000350,20,23-08-26,101,HRC,COIL,11513:2017,BIS,cr3,72083990,N,7.453,29450317,MATCHED
2000,R_HR_CO,Hot Rolled Black Coil,26IT0212R0,28.84,2001,2,1235,0011000082,TATA STEEL LTD,268788089,5000110207,4600000350,10,23-08-26,101,HRC,COIL,11513:2017,BIS,cr3,72083990,N,7.453,64025758,MATCHED
2000,R_HR_CO,Hot Rolled Black Coil,26IT0213R0,26.05,2001,2.5,1230,0011000082,TATA STEEL LTD,268784083B,5000110210,4600000355,30,23-08-26,101,HRC,COIL,11513:2017,BIS,cr3,72083990,N,7.453,64760671,MATCHED
2000,R_HR_CO,Hot Rolled Black Coil,26IT0232R0,27.67,2001,2.5,1230,0011000082,TATA STEEL LTD,268797049A,5000110318,4600000355,30,23-08-26,101,HRC,COIL,11513:2017,BIS,cr3,72083990,N,7.453,92213508,MATCHED
